952.267 907.827 44.4397 0 0
972.667 937.285 35.3825 0 0
1176.82 987.654 12.755 0 176.41
1076.16 1013.56 26.6718 0 35.9243
1052.83 1032.53 15.0839 0 5.21973
970.824 946.48 20.0557 0 4.28845
959.415 937.496 19.8424 0 2.07618
1032.16 979.095 48.3769 0 4.68834
1047.51 1009.25 36.6046 0 1.6509
1054.72 1008.99 40.515 0 5.21417
1129.19 1028.31 60.5521 0 40.328
1201 1070.13 104.371 0 26.5028
1500.19 1213.41 127.475 0 159.309
1976.43 1346.79 243.302 0 386.339
2102.92 1388.09 88.8826 0 625.943
1545.9 1253.48 135.148 0 157.271
1760.16 1435.22 209.761 0 115.177
7761.42 7121.3 276.206 0 363.917
7821.67 7026.97 406.124 0 388.571
7621.59 7197.64 195.808 0 228.138
13206 12982.2 155.468 0 68.4104
13057.2 12733.9 190.276 0 133.027
12812.1 12585.2 185.643 0 41.271
12948.1 12676.6 230.305 0 41.2323
12795.3 12593.1 170.231 0 31.915
12892.5 12545.8 300.086 0 46.571
13218.3 12744.6 310.304 0 163.388
7293.2 7031.45 182.759 0 78.9912
7011.67 6846.77 139 0 25.903
7226.12 6896.75 188.713 0 140.654
2147.29 1680.64 92.2005 0 374.452
1870.55 1541.37 54.0696 0 275.11
1812.15 1540.84 40.5864 0 230.727
1652.44 1495.02 30.8635 0 126.566
1499.53 1444.09 24.9124 0 30.5316
1664.53 1608.08 22.5009 0 33.9495
1683.22 1529.14 22.0194 0 132.062
1255.54 1174.46 29.647 0 51.4373
1436.79 1321.55 27.6668 0 87.5686
1480.71 1428.15 21 0 31.5526
1448.72 1404.4 22.5742 0 21.7402
1264.04 1174.92 41.7611 0 47.3513
1326.44 1224.03 32.3678 0 70.0466
1446.32 1305.18 23.8363 0 117.303
1367 1192.28 18.0428 0 156.676
6172.08 5976.67 9 0 186.411
6316.83 6106.35 61.327 0 149.156
6969.9 6430.33 380.031 0 159.537
13378.4 12026.4 662.807 0 689.174
7248.98 6596.09 143.744 0 509.151
7319.54 6675.29 158.845 0 485.404
7258.26 6972.99 164.213 0 121.054
8836.69 8007.84 144.999 0 683.857
14524.4 13471.6 93.9808 0 958.83
13483.4 13042 284.496 0 156.932
13516.7 13109.9 282.346 0 124.416
13410 13118.6 280.217 0 11.2337
13476.4 13095.1 338.479 0 42.822
13487.8 13043.6 439.55 0 4.73827
13431.2 13039.5 361.973 0 29.6705
9159.49 7036.36 1424.52 0 698.617
10371.8 7739.46 267.705 0 2364.64
9458.69 8002.64 41.0529 0 1415
8497.61 7418.46 74.1817 0 1004.97
7114.57 6894.63 42.4969 0 177.441
2017.85 1820.65 43.0167 0 154.188
1548.33 1455.78 14.0605 0 78.4909
2050.08 1842.65 104.49 0 102.936
2624.27 2036.01 77.5779 0 510.689
2397.7 1935.54 37.5 0 424.661
2120.46 1715.34 270.413 0 134.704
2010.66 1692.37 33.6519 0 284.64
1754.1 1591.66 21.1233 0 141.315
1792.78 1625.88 16.7784 0 150.122
1785.42 1630.53 28.0248 0 126.865
7073.79 6896.63 21 0 156.154
6809.56 6685.48 21.7872 0 102.286
12559.4 12373.7 37.6569 0 147.95
12614.2 12364.2 89.1781 0 160.892
13091.4 12803.6 129.185 0 158.603
7662.78 7301 142.113 0 219.67
7177.95 6868.13 94.703 0 215.11
1928.46 1301.92 319.544 0 306.999
1678.17 1356.4 136.458 0 185.314
1429.37 1310.93 47.9815 0 70.4539
7487.85 7327.62 22.5092 0 137.721
13284.4 12877.4 133.73 0 273.244
13278.6 12805.5 207.5 0 265.584
13245.2 12598.4 343.087 0 303.734
13063 12615.1 410.086 0 37.8253
7544.18 7111.57 126.691 0 305.919
7463.24 7057.16 84.9779 0 321.105
8815.61 7467.24 287.659 0 1060.7
7974.06 7321.01 66.2456 0 586.807
2003.25 1570.11 23.3388 0 409.799
7221.37 6836.95 195.221 0 189.194
6996.48 6583.07 112.224 0 301.187
6735.03 6514.98 106.935 0 113.118
6582.3 6453.33 76.1302 0 52.8393
1689 1432.12 109.974 0 146.904
1936.28 1521.93 148.735 0 265.619
2821.81 2149.91 103.46 0 568.439
2764.97 2111.42 85.9553 0 567.599
2593.64 2011.09 26.3995 0 556.152
2440.16 2167.48 48.2951 0 224.383
2466.18 2138.38 59.626 0 268.171
2381.66 2163.85 95.6608 0 122.146
2158.87 1988.22 63.148 0 107.5
19942.6 19420.3 82.913 0 439.399
14590.4 14007.2 205.952 0 377.235
14090.7 13678.6 210.373 0 201.752
9813.65 8130.8 307.144 0 1375.7
22843.1 20643.1 821.993 0 1377.96
16158.7 15233.2 183.959 0 741.52
16536.3 15532 279.663 0 724.662
16162.9 15689 132.107 0 341.732
9204.06 8895.8 90.3745 0 217.879
9907.3 9329.57 364.942 4.5181 208.276
16909.5 16031.6 492.815 48.1125 336.96
17362 16550.9 451.996 145.413 213.611
17747 16956.1 465.174 272.187 53.5701
18235.1 17230.9 684.82 219.491 99.9711
25087.2 24033.9 512.56 299.969 240.786
17717 16580.4 270.885 457.663 408.096
15887.8 15211.2 211.72 66.1787 398.743
25358.8 21787.2 1036.64 4.48288 2530.42
17281.5 13775.3 124.907 0 3381.35
8184.48 7687.27 137.049 0 360.165
7721.48 7285.92 119.124 0 316.436
7292.68 7030.01 112.008 0 150.659
1821.68 1639.26 31.8862 0 150.534
2582.95 2175.76 21.085 0 386.104
2376.62 2216.31 35.1504 0 125.163
2558.29 2388.02 40.9276 0 129.35
2667.57 2536.99 30.0186 0 100.563
2275.72 2018.5 41.6138 0 215.611
2249.29 2106.68 26.6743 0 115.942
2388.53 2252.14 19.3128 0 117.084
2409.97 2345 13.1723 0 51.8013
