1981.64 1885.87 95.7627 0 0
1949.58 1785.05 164.536 0 0
2243.12 1928.94 204.185 0 109.988
2071.63 1991.09 65.1206 0 15.4155
2115.69 1954.19 160.221 0 1.28286
2028.39 1947.97 77.2434 0 3.17687
1994.17 1866.68 121.619 0 5.87313
2269.44 2148.41 86.9019 0 34.1307
2399.36 2297.11 83.9682 0 18.2906
2449.24 2314.74 120.248 0 14.2496
2041.33 1944.74 64.819 0 31.7657
2226.95 2032.83 128.617 0 65.5002
2396.05 2256.73 131.926 0 7.38896
2073.4 1939.32 123.593 0 10.4838
1887.49 1761.74 112.938 0 12.8169
2030.37 1693.67 254.471 0 82.2276
2270.66 1583.31 464.519 0 222.829
6927.32 5753.75 459.214 0 714.356
11398.7 5677.86 1424.66 0 4296.19
14839.4 9977.91 2706.21 45.3738 2109.92
12885.3 10661 310.225 25.7147 1888.34
8805.3 6872.29 345.749 0 1587.26
12648.4 11060.1 892.331 0 695.913
20669.4 13939.6 4306.59 0 2423.21
27650.6 21707.4 3769.5 0 2173.72
27546.5 21356.4 3817.76 0 2372.37
33650.7 26330.2 3354.34 0 3966.17
37915.6 27056.1 3315.07 0 7544.35
35786.1 29303.8 3772.46 0.426454 2709.42
52194.9 28398.3 16696.4 468.639 6631.51
39991.2 32437.5 5867.53 425.003 1261.19
42163.4 35332.8 2886.38 418.548 3525.63
43346.7 33797.8 4894.82 581.236 4072.84
41429.2 35958 2996.19 1222.06 1253.02
42589.7 36378.7 3649.34 1993.07 568.581
44034.6 38278.6 2257.26 320.335 3178.44
45175.1 38241.1 2496.47 549.15 3888.35
41751.8 37092.5 3212.1 344.671 1102.48
45527.9 37976.6 3549.13 2242.84 1759.32
38922.7 36733.7 494.185 360.353 1334.49
31413.9 28693.7 2396.29 105.924 217.977
28500.9 26147.3 839.756 15.9326 1497.86
25764.4 23596.1 786.468 18.9317 1362.96
23866.8 21294.8 1732.06 0 839.856
23665.8 21008.4 1728.44 0 928.951
22107.3 20338.8 1498.22 0 270.248
17346 16430.9 647.713 0 267.396
18774.8 17031 676.405 0 1067.36
12823.8 8836.96 1367.18 0 2619.67
15380.7 12424.2 1247.07 0 1709.49
13828.5 11448.5 1434.8 0 945.137
13674.5 11705.5 1627.09 0 341.831
30234.5 10817.3 481.677 0 18935.5
22808.1 4788.9 559.513 0 17459.7
6100.63 4389.8 183.638 0 1527.19
18619.5 7670 443.796 0 10505.7
10674.3 3751.32 362.13 0 6560.8
4806.72 2344.17 89.0364 0 2373.51
2746.94 1770.54 87.5334 0 888.87
2053.55 1801.85 35.2767 0 216.422
2141.44 1913.29 41.6008 0 186.553
2580.98 2383.64 40.4458 0 156.891
2548.62 2462.45 27.8166 0 58.3594
2543.59 2385.85 29.3107 0 128.428
1936.09 1820.71 28.5635 0 86.8141
1928.06 1817.76 41.9241 0 68.3686
