2098.34 1978 120.343 0 0
2015.06 1845.16 169.893 0 0
2281.23 1957.92 178.799 0 144.508
2217.68 2022.51 85.1074 0 110.061
2247.24 1990.49 153.668 0 103.083
2119.46 1972.61 103.915 0 42.9395
2021.18 1888.01 124.998 0 8.17465
2260.7 2177.47 75.1488 0 8.07617
2414.9 2314.24 82.6761 0 17.9888
2452.22 2321.62 114.948 0 15.6469
2299.65 2162.52 108.418 0 28.7136
2164.76 2037.34 111.226 0 16.1883
2386.84 2248.49 130.456 0 7.88626
2083.31 1939.09 127.407 0 16.8128
1893.3 1768.51 112.196 0 12.5919
2055.25 1716.36 260.938 0 77.9527
2603.44 1499.91 838.859 0 264.68
9356.84 5625.74 1724.49 0 2006.61
11486.7 5331.35 3603.28 0 2552.09
14288.3 8943.66 3890.32 0 1454.31
13680.9 9189.85 2821.74 0 1669.29
9558.68 6170.74 2602.77 0 785.169
14632.6 10351.1 3765.08 0 516.466
20167.9 15260.6 4470.86 0 436.439
33284.3 19953 9712.43 0 3618.86
30220.3 19072 9108.89 0 2039.36
33359.8 19636.8 12410.9 0 1312.01
47396.7 25336.2 17673.4 0 4387.08
51098 26545.8 22534.6 0 2017.65
53181.8 29112.2 23049.3 0 1020.16
55813.4 29465.5 25835 7.99632 504.989
57858.7 31248.9 25527 106.158 976.678
59631.4 32363.1 26313.5 95.8622 858.88
61674.5 32071.5 28746.3 55.7093 800.984
62985.1 32516.1 29336.4 734.634 398.062
63777.1 32567.5 29824.4 179.396 1205.8
64460.1 31964.5 32137.6 94.5178 263.49
69270.9 31986.4 37053.6 0 230.912
75226.6 31657.5 43401.3 0 167.843
80316.1 30226.1 49746.7 0 343.253
79712.4 24551.2 49992.5 40.0232 5128.73
72698.2 22235.2 46611.9 0 3851.2
62943.3 20700.7 38756.1 0 3486.48
53247 20108.8 29266.4 0 3871.85
46767.8 20088.1 22074.4 0 4605.27
37512.5 19581.5 17277.4 0 653.596
30371.3 15590.3 13231.7 0 1549.35
26019.4 15709.6 8995.16 0 1314.67
13758.6 6826.99 5601.64 0 1329.95
15267.7 10632.7 3865.03 0 770.056
15944.6 10220.4 4988.19 0 736.057
14556.9 9942.96 4161.49 0 452.461
12246.5 5732.27 5588.41 0 925.851
5959.4 1787.46 2483.08 0 1688.86
6298.06 1869.29 2201.46 0 2227.31
4285.46 1986.69 932.168 0 1366.61
3158.97 2020.41 584.431 0 554.122
2638.09 2072.35 399.023 0 166.717
2551.47 2068.44 314.343 0 168.687
2526.13 2152.42 207.593 0 166.12
2296.14 2109.35 81.9323 0 104.858
2844.09 2615.25 85.2755 0 143.571
2859.02 2674.28 119.634 0 65.1114
2857.56 2693.99 107.614 0 55.9556
2149.39 2033.38 97.7547 0 18.2586
2236.18 2079.71 125.019 0 31.454
