1085.93 1059.05 26.8873 0 0
1124.93 1102.77 22.1635 0 0
1168.59 1118.99 27.1946 0 22.4025
1161.31 1138.74 13.7165 0 8.85538
1135.08 1110.11 13.9232 0 11.0457
1037.5 1005.36 21.4125 0 10.7203
1014.49 990.25 20.8683 0 3.37134
1056.65 1024.71 23.7838 0 8.15482
1060.49 1020.24 23.3661 0 16.8858
1048.23 1012.76 24.0114 0 11.4562
1072.86 1026.55 38.7855 0 7.52615
1150.65 1059.98 66.6001 0 24.0721
1357.51 1175.17 122.629 0 59.7045
1675.79 1384.89 160.641 0 130.262
1543.56 1266.28 148.63 0 128.648
1595.67 1177.34 245.227 0 173.103
1705.21 1385.84 266.487 0 52.8772
7764.08 7072.75 548.324 0 143.011
7609.74 6990.77 393.056 0 225.909
7652.05 7093.04 310.712 0 248.302
13648.7 13151.2 385.72 0 111.737
13246.2 12822.9 271.886 0 151.453
13016.9 12617.1 285.126 0 114.666
13093.2 12802 244.619 0 46.5781
13091.2 12748.7 311.68 0 30.8234
13125.5 12816.7 287.226 0 21.489
13307.2 12997.8 295.801 0 13.568
7409.6 7097.72 260.242 0 51.6305
7190.84 6867.01 288.109 0 35.7231
7176.78 6795.24 296.21 0 85.3239
2143.93 1730.15 232.049 0 181.734
1623.54 1468.67 109.915 0 44.9607
1607.45 1427.82 76.1673 0 103.47
1544.44 1380.3 48.5274 0 115.611
1447.24 1349.95 51.5908 0 45.6976
1586.65 1495.63 43.1641 0 47.8608
1732.86 1619.57 18.2543 0 95.0314
1494.57 1375.87 57.5757 0 61.1264
1622.14 1439.87 135.489 0 46.7751
1521.58 1456.32 27.4079 0 37.8475
1532.52 1455.48 23.8173 0 53.2181
1309.49 1265.19 27.3712 0 16.931
1416.72 1206.02 84.3775 0 126.33
1398.08 1275.17 35.1517 0 87.7569
1294.48 1204.55 28.8368 0 61.0991
6226.53 6148.6 42.5923 0 35.3408
6350.59 6226.42 43.7645 0 80.4086
6663.3 6462.48 115.172 0 85.6428
12825.3 12349.8 434.522 0 41.0228
7186.08 6926.01 109.281 0 150.795
7369.39 7026.32 69.8492 0 273.214
7431.31 7282.54 104.22 0 44.5469
7553.74 7366.13 124.67 0 62.9396
13610.1 13475.5 95.3605 0 39.1985
13575.2 13358.5 197.867 0 18.7681
13724.7 13359.3 308.177 0 57.2654
13661.3 13412 218.489 0 30.8588
13607.5 13368.6 207.201 0 31.6876
13556.4 13328.2 202.886 0 25.2518
13513.3 13301 199.736 0 12.5616
7598.63 7231.83 151.597 0 215.198
8633.04 7335.84 754.2 0 542.996
8454.63 7555.78 530.481 0 368.368
8626.6 7852.39 456.214 0 317.996
8631.85 7811.2 167.027 0 653.627
2574.94 2082.61 26.661 0 465.669
1824.16 1453.28 85.9276 0 284.952
1793.22 1657.73 41.3461 0 94.1461
1915.15 1763.98 45.6303 0 105.536
1676.62 1560.1 35.8327 0 80.6897
1582.67 1479.7 30.9065 0 72.0655
1567.23 1468.4 37.1449 0 61.6874
1487.82 1428.83 15.0655 0 43.9249
1594.98 1485.68 40.6782 0 68.6214
1730.85 1555.13 32.1861 0 143.542
7077.71 6894.84 81.5576 0 101.315
6908.04 6790.13 57.7805 0 60.1256
13136 12741.5 287.182 0 107.326
13089.1 12746.9 111.943 0 230.255
13907.5 13303.4 395.986 0 208.095
7753.82 7601.68 24.507 0 127.633
7907.03 7390.68 276.791 0 239.566
1692.69 1333.81 101.844 0 257.03
1537.07 1401.85 88.902 0 46.313
1599.33 1394.16 163.79 0 41.3789
7682.61 7505.27 140.923 0 36.4149
13891.5 13592.9 263.607 0 34.9825
14015.9 13517.8 430.46 0 67.6422
14046.3 13467 488.862 0 90.4585
13982.3 13440.4 514.761 0 27.1445
7932.44 7357.92 540.32 0 34.1971
8015.41 7714.86 171.754 0 128.796
8715.69 8032.33 22.5 0 660.863
8229.44 7437.35 41.8962 0 750.191
2053.05 1646.56 29.5817 0 376.914
7475.22 7330.35 32.5366 0 112.339
7259.01 7067.02 67.0121 0 124.979
6971.97 6743.17 120.223 0 108.58
6779.88 6585.74 77.6935 0 116.451
1810.56 1489.79 79.8712 0 240.893
1617.99 1475.43 57.0539 0 85.4979
2096.7 1879.3 48.5696 0 168.835
1989.74 1896.61 28.53 0 64.5967
2026.75 1957.78 18.0861 0 50.8824
2404.68 2296.73 30.1285 0 77.8213
2363.69 2326.96 17.7462 0 18.9893
2576.45 2465.45 55.6382 0 55.367
2299.69 2116.05 97.9904 0 85.6517
19955.4 19470.2 163.408 0 321.825
15218.9 14482.9 240.411 0 495.58
14656.5 14341.2 226.954 0 88.3433
9017.68 8425.95 133.156 0 458.568
21847.1 21450.7 178.581 0 217.899
16020 15631.9 246.592 0 141.496
16290 15890.4 326.975 0 72.6329
16436.5 16018.1 163.193 0 255.194
9324.23 8998.83 148.917 0.333982 176.158
9811.41 9449.87 284.116 17.388 60.0338
17100.3 16357.7 654.899 25.4644 62.303
17450.8 16726.9 544.242 104.483 75.1776
17902.1 17088.4 521.885 226.382 65.4389
18410.7 17242.4 724.545 398.569 45.2093
24865.4 24175.9 338.271 266.681 84.5392
17321.1 16501.4 642.825 64.9882 111.832
15929.6 15138.3 346.084 49.6667 395.565
21232.2 20422.3 548.199 0.00785757 261.666
16319.2 13663.7 2228.22 0 427.246
8638.48 7571.05 502.576 0 564.849
7722.19 7284.68 316.07 0 121.442
7415.84 7120.26 238.997 0 56.5896
1837.02 1642.43 88.7313 0 105.855
2378.73 2209.98 11.1911 0 157.553
2154.39 2022.79 22.1733 0 109.427
2204.81 2018.84 25.0412 0 160.934
2182.53 2058.12 38.7736 0 85.6411
1776.79 1672.33 24.0361 0 80.4237
1858.56 1765.3 30 0 63.2574
1920.91 1841.15 27.1533 0 52.6064
1855.91 1790.59 28.6012 0 36.7166
