1580.21 1525.01 55.2086 0 0
1142.2 1087.4 54.7994 0 0
1761.68 1123.01 60.4214 0 578.247
1224.43 1120.21 56.5037 0 47.7165
1195.55 1112.95 57.8919 0 24.7083
1162.33 1092.61 62.3659 0 7.35422
1145.62 1080.94 43.6904 0 20.9983
1247.29 1182.03 53.0022 0 12.2598
1278.75 1229.19 43.664 0 5.89998
1304.2 1263.03 33.1741 0 7.99496
1202.5 1163.32 33.5338 0 5.6488
1117.2 1083.14 27.146 0 6.91354
1267.19 1227.23 28.0199 0 11.9413
1118.16 1082.22 31.1746 0 4.76674
1107.96 1078.44 19.5 0 10.0134
1059.32 1002.58 32.3476 0 24.3941
1023.6 970.906 33.5036 0 19.1939
5294.53 5083.09 118.412 0 93.0323
6803.22 5960.63 625.935 0 216.65
12493.7 10377.5 1603.57 0 512.59
14264.2 11014 2372.81 0 877.346
12218.7 7349.17 3291.8 0 1577.75
16331 12310.7 2362.27 0 1658.06
19404.1 16173.8 2433.86 0 796.422
26447 22379.2 2776.1 0 1291.74
25662.6 20995.7 3554.73 0 1112.24
28192.7 22823.5 5125.07 0 244.116
37629.2 28172.9 6012.1 0 3444.18
48102.3 36565.2 9133.94 0 2403.11
51068.5 34418.2 13593.9 0 3056.39
49491.6 38569.3 9288.15 0 1634.14
48634.1 38780.8 8247.74 0 1605.56
47943.6 38248.6 8506.44 0 1188.58
45422.8 40867.9 3018.91 52.4567 1483.56
43000 36533.3 5128.97 0 1337.66
43113.4 36978.7 5222.97 0 911.712
41855.5 36890.4 4853.16 0 111.919
41541.2 36177.3 5045.4 0 318.572
40312.7 34630.1 5470.33 0 212.245
39101.2 34363.3 4649.54 0 88.4371
34017.4 27947.7 5714.57 0 355.166
32651 28315.6 4047.24 0 288.171
32628 28196.5 3833.48 0 598.013
30807.8 28238.8 2178.52 0 390.553
29855.8 25783.3 3532.26 0 540.249
28056.8 24675 2823.77 0 558.021
22699.2 19543.4 2165.87 0 989.899
22493.1 19349.5 2624.08 0 519.511
10579.7 9374.67 991.471 0 213.567
14709.1 13175.2 1336.65 0 197.227
14799.8 12568.5 1879.77 0 351.519
14052.7 12704.8 1043.71 0 304.214
9519.48 7940.48 903.404 37.4896 638.107
4514.7 3204.5 867.414 108.796 333.991
4416.69 3335.77 693.909 57.4446 329.562
4048.79 3447.32 478.984 0 122.485
4867.59 3820.31 794.238 0 253.046
4676.45 4145.59 291.551 0.434892 238.875
5115.4 4281.1 681.792 22.866 129.64
5325.6 4421.45 808.78 14.8982 80.47
5406.8 4473.83 769.581 20.4549 142.935
5070.62 4504.81 385.324 21.3786 159.105
5066.2 4529.52 363.737 59.1159 113.83
4980.22 4387.22 488.352 92.5232 12.1261
5007.87 4512.07 416.05 38.1102 41.6403
4955.43 4487.88 377.844 33.8176 55.8862
