1313.7 1248.33 65.3714 0 0
1089.94 1070.96 18.9859 0 0
1340.33 1177.35 23.8122 0 139.171
1509.14 1280.42 48.8956 0 179.828
1270.13 1158.24 33.0543 0 78.8359
1115.36 1036.33 31.2292 0 47.796
1037.34 998.208 25.8544 0 13.2724
1066.26 1024.9 29.6258 0 11.7319
1066.62 1027.13 35.4881 0 3.99803
1086.58 1033.65 41.7628 0 11.1699
1147.82 1062.53 62.6402 0 22.6422
1314.64 1217.72 76.1583 0 20.7634
1794.89 1592.6 156.92 0 45.3722
2586.11 1944.23 421.587 0 220.298
2771.24 1901.86 546.862 0 322.517
3258.53 1906.05 1192.36 0 160.117
4112.99 2358.72 1269.62 0 484.654
9414.57 8207.64 728.296 0 478.633
9268.33 8279.38 571.506 0 417.436
9583.27 8183.81 796.632 0 602.826
15329.7 14222.7 654.006 0 452.981
14636.7 14017.8 508.469 0 110.449
13856 13190.4 227.506 0 438.171
13347.1 12683.8 445.957 0 217.325
13247.1 12420 517.747 0 309.363
13139.7 12467.6 506.919 0 165.162
13087.5 12560.3 497.109 0 30.1658
8279.81 7061.32 924.604 0 293.892
8515.95 7440.11 824.424 0 251.415
8838.28 7883.25 639.439 0 315.591
3313.05 2141 411.679 0 760.373
2613.24 1894.06 177.721 0 541.457
2259.51 1838.39 113.413 0 307.704
1986.73 1738.44 71.0588 0 177.233
1971.83 1684.4 90.8969 0 196.535
1926.5 1786.58 65.7277 0 74.1987
2237.88 1986.79 131.54 0 119.552
1971.04 1527.65 359.725 0 83.6654
2452.19 1876.59 348.585 0 227.014
2115.57 1846 150.269 0 119.294
1859.49 1640.3 134.277 0 84.9111
1609.12 1414.04 118.714 0 76.3667
1744.52 1553.47 78.7682 0 112.285
1633.21 1391.53 117.789 0 123.891
1636.54 1361.7 33.8288 0 241.012
6446.18 6093.1 98.3312 0 254.746
6592.62 6188.03 151.096 0 253.492
7774.87 6940.57 572.342 0 261.967
14995.9 12841.7 1232.75 0 921.405
9621.24 7666.06 1297.18 0 658.005
9245.51 7450.03 1028.74 0 766.735
8698 7593.83 729.044 0 375.127
9081.66 7537.3 1195.22 0 349.139
15043.3 13153.3 1699.57 0 190.448
14300.3 13084.8 941.163 0 274.362
14007.3 13157 692.466 0 157.856
14492 13065.8 1039.76 0 386.447
13921.5 13215.3 610.119 0 96.0628
13806.5 13045.9 666.54 0 94.0559
14054.4 13069.4 964.955 0 20.0157
8803.65 7704.46 435.468 0 663.722
8823.2 7940.79 200.152 0 682.263
8134.03 7384.05 317.874 0 432.101
7130.05 6741.4 141.051 0 247.593
7381.46 6567.74 230.392 0 583.321
2102.93 1800.59 148.119 0 154.219
1755.58 1462.15 120.488 0 172.947
2219.35 1868.63 253.396 0 97.3221
2852.65 2227.86 272.446 0 352.348
2719.66 2220.49 197.036 0 302.129
2522.49 2194.03 219.917 0 108.54
2573.34 2122.23 202.978 0 248.126
2280.96 1980.04 166.392 0 134.527
2573.91 2257.81 222.647 0 93.4488
2990.62 2427.02 325.099 0 238.501
8725.5 7855.35 377.885 0 492.261
8002.14 7464.82 281.737 0 255.582
13485.1 13055.6 193.409 0 236.133
13533.9 12894 325.763 0 314.19
13860.2 13288.4 263.648 0 308.09
8186.96 7688.77 238.008 0 260.183
8173.81 7810.58 156.385 0 206.844
1837.91 1655.69 41.2258 0 140.99
2085.9 1648.91 225.798 0 211.199
1923.82 1646.99 57.5696 0 219.262
7725.91 7388.1 155.569 0 182.247
13783.6 13263.9 400.438 0 119.296
13851.2 13134.2 607.436 0 109.64
13536.1 13050 403.424 0 82.6947
13846 12988.4 814.959 0 42.5957
7363.31 7107.52 155.255 0 100.535
7331.41 7209.23 80.8181 0 41.363
7793.9 7308.77 110.425 0 374.704
7724.7 7279.31 149.6 0 295.791
1975.28 1502.86 126.474 0 345.947
7724.75 7182.94 155.484 0 386.328
7122.53 6762 144.326 0 216.208
6963.02 6491.27 209.5 0 262.252
6556.06 6366.86 100.208 0 88.9889
1555.9 1348.11 96.175 0 111.611
1760.43 1455.9 75.8848 0 228.642
2512.89 2073.95 127.371 0 311.567
2278.22 2094.16 64.847 0 119.21
2298.88 2065.3 121.445 0 112.132
2608.5 2379.27 80.7024 0 148.532
2588.49 2491.55 19.228 0 77.717
2699.64 2555.53 48.95 0 95.1608
2757.8 2468.9 35.6703 0 253.223
20175.6 19330.9 163.773 0 680.903
14427.2 14107.3 155.945 0 164.043
14689.5 13743.2 598.995 0 347.276
9436.9 8410.52 486.264 0 540.117
22075.3 20874.3 381.101 0 819.854
16642.5 15306.4 601.654 0 734.435
17010.3 16178.3 259.439 0 572.499
17405.7 16302.5 730.737 0 372.505
10401.6 9508.03 664.272 0 229.275
10752.8 9705.49 782.665 0 264.686
17771 16848.9 713.337 0 208.799
17956.5 16958.3 636.51 0 361.659
18488.7 17008 1062.41 0 418.337
17420.5 16534.5 715.131 0 170.882
23560.3 22187.9 1168.65 0 203.798
16073.4 14768.2 867.826 0 437.331
20464.1 16019.3 1711.93 0 2732.91
24595.1 20426.3 1867.6 16.685 2284.59
17401.2 15028.5 1228.1 42.9859 1101.58
12336.2 10361.5 1038.61 95.427 840.69
11263.5 9472.82 1318.61 36.5338 435.49
10231.4 9352.41 652.119 0 226.835
5281.38 4293.98 615.621 0 371.783
5678.46 5004.99 380.045 0 293.421
5940.37 5072.13 330.84 0 537.399
5586.31 4987.55 250.755 0 348.01
5993.19 5163.46 354.987 0 474.749
4898.38 4372.94 388.655 0 136.793
4990.58 4397.87 367.972 0 224.739
4684.82 4130.74 479.996 0 74.0898
4481.13 4100.32 295.573 0 85.2367
