0.00238119 0.00516447 0 0 -0.0431485 0.325252 0 0 -0.0731099 0.0850799 0 0 0.0264562 -0.0527862 0 0 0.300887 -0.349066 0 0 -5.77849 256.893 -56.3591 0.0279649 0.107914 -0.0289167 -6.33311 -99.083 -11.9383 
-0.0282601 -0.0375216 0 0 -0.09793 0.320547 0 0 -0.174533 0.06308 0 0 0.0527123 -0.0684833 0 0 0.283941 -0.349066 0 0 0.594678 265.019 -63.0547 0.0880094 0.0866915 0.0362506 -6.33311 -99.083 -11.9383 
0.0300965 -0.0472149 0.00500831 0 -0.0779091 0.309296 0 0 -0.171569 0.0392841 0.0445426 0 0.0269872 -0.109166 0.054106 0 0.292948 -0.349066 0.0145806 0.0326103 -1.6623 266.856 -63.8985 0.0887666 0.108881 0.0161319 -6.33311 -99.083 -11.9383 
0.0495768 -0.037109 0.00387178 0 -0.0864531 0.307723 7.68094e-005 0.00393029 -0.165683 0.0366466 0.042197 0.00495635 0.0396121 -0.0995364 0.0550172 0.00239785 0.331251 -0.349066 0.0169155 0.0388622 -1.18847 268.561 -63.4604 0.111059 0.0858412 0.0196963 -6.33311 -99.083 -11.9383 
0.0536765 -0.0362721 0 0 -0.087992 0.337392 0 0.000497832 -0.165521 0.0292007 0.0429689 0 0.039396 -0.0941773 0 0.00244171 0.313132 -0.349066 0 0.00399143 -1.31462 268.77 -63.5337 0.11067 0.0919647 0.0105135 -6.33311 -99.083 -11.9383 
0.105273 -0.00920008 0 0 -0.127512 0.334085 0 0 -0.164356 0.0689838 0.0283585 0 0.012038 -0.0752766 0 0.00832148 0.293103 -0.349066 0 0.00159198 -1.43939 271.641 -64.0746 0.1488 0.0984273 -0.012056 -6.33311 -99.083 -11.9383 
0.105273 -0.00920008 0 0 -0.127512 0.334085 0 0 -0.164356 0.0689838 0.0283585 0 0.012038 -0.0752766 0 0.00832148 0.293103 -0.349066 0 0.00159198 -1.43939 271.641 -64.0746 0.1488 0.0984273 -0.012056 -6.33311 -99.083 -11.9383 
0.0949278 -0.00757484 0.00437301 0.00513552 -0.123467 0.333992 0.0156955 0 -0.164368 0.0700404 0.0285342 0 0.0112773 -0.0729973 0 0.00806378 0.293977 -0.349066 0 0 -1.47716 271.659 -64.0023 0.151341 0.0974047 -0.00975904 -6.33311 -99.083 -11.9383 
0.0947552 -0.0105608 0.00440829 0.00386658 -0.123029 0.332544 0.00265046 0 -0.16656 0.0730261 0.0301134 0 0.0121515 -0.0720505 0 0.0059209 0.293552 -0.349066 0 0 -1.56419 271.571 -64.0412 0.152356 0.0991872 -0.011863 -6.33311 -99.083 -11.9383 
0.0936017 -0.0106094 0.00654961 0.00385493 -0.107965 0.334459 0.00160985 0 -0.162783 0.0740048 0.034978 0 0.0138264 -0.0727109 0 0.00363707 0.296204 -0.349066 0 0 -1.5812 271.536 -63.977 0.153081 0.100249 -0.0123878 -6.33311 -99.083 -11.9383 
0.0938504 -0.0196354 0.00816553 0.00388512 -0.0880556 0.331442 0.00213873 0.000365389 -0.162853 0.0715901 0.034704 0.000468442 0.0351196 -0.0766687 9.54746e-005 0.00267581 0.306875 -0.348807 0 0 -0.840322 271.419 -63.6242 0.149212 0.0991898 -0.00873695 -6.33311 -99.083 -11.9383 
0.0818145 -0.0311066 0.0054637 0.00318556 -0.0791175 0.328091 2.62328e-006 0.000197872 -0.163102 0.0866884 0.036529 0.000392157 0.0385727 -0.0764268 0 0.00286155 0.317337 -0.349066 0 0 -0.80272 271.534 -63.6098 0.144568 0.0968466 -0.0150615 -6.33311 -99.083 -11.9383 
0.0824747 -0.0318645 0.00548593 0.00157247 -0.074568 0.336256 0 0 -0.161686 0.0879463 0.0415864 9.68534e-006 0.0401211 -0.0760408 0 0.000879011 0.320396 -0.349066 0 0 -0.803499 271.612 -63.6226 0.146086 0.0957825 -0.0156042 -6.33311 -99.083 -11.9383 
0.0734553 -0.033645 0.000490451 0.000367241 -0.0690323 0.336153 0 0 -0.157995 0.0799754 0.0524994 0 0.0291503 -0.0663616 0 0 0.329922 -0.349066 0 0 -0.698712 271.917 -63.419 0.158432 0.0944205 -0.0156272 -6.33311 -99.083 -11.9383 
0.0693853 -0.0382508 0.000428072 0 -0.0926426 0.34245 0 0 -0.157982 0.0795478 0.0484329 0 0.0234031 -0.0681827 0 0 0.332389 -0.349066 0 0 -0.728874 271.865 -63.4202 0.164097 0.0969045 -0.0143381 -6.33311 -99.083 -11.9383 
0.0719924 -0.0360493 0 0 -0.093346 0.342129 0 0 -0.141051 0.0768628 0.0494302 0 0.0188714 -0.0632185 0 0 0.335349 -0.349066 0 0 -0.747954 271.967 -63.4084 0.165921 0.102169 -0.0176508 -6.33311 -99.083 -11.9383 
0.0976151 -0.0378491 0.000415959 0.0105951 -0.107902 0.325319 0.0173723 0 -0.103199 0.0688957 0.0733298 0 0.0122536 -0.0215859 0.0170753 0.0181307 0.310082 -0.312142 0.0195534 0.000663922 -0.220271 272.464 -62.2133 0.157478 0.129763 -0.0172988 -6.33311 -99.083 -11.9383 
-0.0410173 -0.0163543 0.126639 0.115137 -0.0526092 0.331801 0.00858849 0.00644569 -0.0514008 0.0614845 0.129154 0.0263654 0.197392 -0.00448997 0.164145 0 0.265276 -0.332868 0.00402363 0.013725 -2.27201 274.132 -61.4991 0.186169 0.0882146 -0.0302467 -6.33311 -99.083 -11.9383 
-0.0763513 0.0540721 0.621098 0 -0.10919 0.193732 0.265963 0.30108 -0.0624061 -0.026898 0.118697 0.0635684 0.351351 -0.0983506 0.152275 0.259421 0.140219 -0.345961 0.231613 0.300037 -10.3212 273.71 -73.7349 0.151942 -0.0587605 -0.089661 -6.33311 -99.083 -11.9383 
-0.174533 -0.0371031 0.878485 0.0627876 0.273369 0.0969284 0.091136 0.695378 -0.040237 -0.194124 0.689845 0.411674 0.828825 0.00360454 0.350505 0.279115 -0.0687352 -0.349066 0.310815 0.344213 -3.7386 268.551 -66.318 0.0691814 -0.170008 -0.0244253 -6.33311 -99.083 -11.9383 
-0.174533 0.0200201 0.81234 0.133782 0.281317 0.128249 0.100777 0.891863 -0.0565985 -0.162831 0.811116 0.352547 0.769126 -0.109458 0.364309 0.360204 -0.0801548 -0.335642 0.238232 0.506121 -5.23883 266.382 -68.3083 0.0481488 -0.200268 -0.00964123 -6.33311 -99.083 -11.9383 
-0.174382 -0.00619367 0.801789 0.137355 0.320139 0.104649 0.152014 0.954292 -0.0704553 -0.161956 0.814815 0.360711 0.760812 -0.0809305 0.356878 0.377004 -0.0862687 -0.344845 0.239724 0.52578 -5.1625 266.695 -69.7726 0.055269 -0.200968 -0.0113127 -6.33311 -99.083 -11.9383 
-0.172068 0.0247494 0.754351 0.143792 0.293546 0.081986 0.191416 1.06665 -0.116948 -0.217369 0.980045 0.435947 0.810853 -0.0721756 0.27884 0.238815 -0.016339 -0.344429 0.253274 0.491698 -5.86284 266.702 -71.8195 0.0656915 -0.198844 -0.0441495 -6.33311 -99.083 -11.9383 
0.0463106 0.0205619 0.694763 0.124556 0.381859 0.0751468 0.220791 0.996436 -0.0369455 -0.265024 0.989293 0.359476 0.972665 -0.0941233 0.249738 0.20865 0.108603 -0.341793 0.302802 0.462764 -5.56975 265.93 -68.6161 0.139878 -0.150407 -0.0593133 -6.33311 -99.083 -11.9383 
0.0450294 0.0203395 0.695115 0.124829 0.381678 0.0746433 0.220763 0.995313 -0.0372923 -0.264667 0.989617 0.358835 0.972127 -0.094458 0.24728 0.208709 0.109862 -0.342212 0.303159 0.463122 -5.56675 265.929 -68.6026 0.139843 -0.150476 -0.0589647 -6.33311 -99.083 -11.9383 
-0.00183435 -0.0462887 0.619779 0.161844 0.257317 -0.0639278 0.596582 1.16075 0.128906 -0.084932 1.14933 0.411723 0.92885 -0.154316 0 0.375529 0.0606814 -0.338865 0.120539 0.742287 -3.78529 263.675 -62.4912 0.224809 -0.168571 -0.0587062 -6.33311 -99.083 -11.9383 
-0.0930343 -0.148843 0.481024 0.327776 -0.0384523 -0.149732 0.751014 0.943583 0.0330727 -0.217682 1.21696 0.298454 0.724954 -0.090035 0.174643 0.382203 0.316177 -0.336374 0.307075 0.723283 -6.31489 264.589 -66.5465 0.232502 -0.0507926 0.032449 -6.33311 -99.083 -11.9383 
-0.0421726 -0.167956 0.460287 0.389149 -0.0100241 -0.169917 0.798978 0.927436 0.0194495 -0.235917 1.27745 0.528437 0.704308 -0.100304 0.324934 0.432081 0.322476 -0.337239 0.330502 0.664443 -6.15538 267.776 -65.5841 0.237652 -0.00917784 0.0340361 -6.33311 -99.083 -11.9383 
-0.158392 -0.20944 0.427214 0.278685 -0.0221843 -0.21038 0.873151 0.611497 0.106613 -0.262154 1.21405 0.339843 0.841581 -0.225771 0.215163 0.460338 0.373284 -0.271624 0.39362 0.478743 -1.23242 263.672 -64.2579 0.25696 -0.0479198 0.0796345 -6.33311 -99.083 -11.9383 
-0.102394 -0.20944 0.50361 0.316342 0.143766 -0.237294 0.86755 0.70288 0.0385549 -0.221467 1.24045 0.383588 0.731731 -0.268932 0.226727 0.521329 0.404666 -0.274755 0.439611 0.557782 -0.398404 264.999 -59.6907 0.363794 -0.0744203 0.104703 -6.33311 -99.083 -11.9383 
0.0202948 -0.209438 0.443802 0.336155 0.244963 -0.166794 0.959357 0.64757 0.0305451 -0.183106 1.03405 0.42463 0.639549 -0.28399 0.274052 0.42752 0.444542 -0.242607 0.403391 0.62786 1.16335 261.216 -58.625 0.427236 -0.117249 0.109179 -6.33311 -99.083 -11.9383 
0.0754346 -0.20944 0.368743 0.383017 0.0914271 -0.157685 0.95639 0.565967 0.0734863 -0.199892 1.21379 0.405565 0.610161 -0.276285 0.317792 0.398351 0.497311 -0.239314 0.449093 0.637271 1.85122 257.561 -57.0235 0.463469 -0.180089 0.156307 -6.33311 -99.083 -11.9383 
0.209877 -0.20944 0.454087 0.33386 -0.174533 -0.142134 0.970694 0.749339 0.0843102 -0.252751 1.01474 0.568004 0.525174 -0.349066 0.138457 0.0470487 0.617539 -0.246833 0.369821 0.512431 6.56344 249.728 -53.7477 0.666337 -0.257327 0.241066 -6.33311 -99.083 -11.9383 
0.324035 -0.197421 0.557165 0.462168 -0.0607613 -0.144981 0.866816 0.652562 0.118347 -0.241399 0.912286 0.594605 0.575356 -0.282328 0.0455217 0.0482474 0.564085 -0.249626 0.307741 0.561391 6.70569 250.369 -52.5647 0.701311 -0.236171 0.300227 -6.33311 -99.083 -11.9383 
0.348406 -0.201698 0.563569 0.58728 -0.0347075 -0.110755 0.886443 0.730467 0.112954 -0.215891 0.959117 0.63685 0.562159 -0.285696 0.0494162 0.0532118 0.462085 -0.251307 0.26587 0.686657 4.37552 249.679 -51.5552 0.712928 -0.196877 0.279058 -6.33311 -99.083 -11.9383 
0.338855 -0.205224 0.49107 0.547879 0.0214198 -0.091372 0.878947 0.755193 0.224326 -0.270855 0.951125 0.687327 0.552904 -0.291336 0.0743588 0.0120321 0.463238 -0.327972 0.225219 0.645758 4.62838 250.308 -51.4509 0.700781 -0.155755 0.262965 -6.33311 -99.083 -11.9383 
0.267092 -0.20944 0.482095 0.545601 0.0189424 -0.0897866 0.877184 0.746451 0.223436 -0.26748 0.952217 0.68399 0.561379 -0.293174 0.0596314 0.00474794 0.465793 -0.349066 0.243523 0.642064 4.62374 250.232 -51.5191 0.702614 -0.156091 0.267229 -6.33311 -99.083 -11.9383 
0.278917 -0.20944 0.443257 0.553604 0.0461258 -0.0848979 0.836816 0.785325 0.302619 -0.267884 1.02565 0.657662 0.632875 -0.34388 0.0623002 0.00765171 0.424296 -0.349066 0.153472 0.601612 5.3083 251.029 -51.9893 0.706093 -0.172752 0.271723 -6.33311 -99.083 -11.9383 
0.306233 -0.20944 0.449615 0.522443 0.0680148 -0.0929858 0.837427 0.776635 0.309292 -0.275587 1.0265 0.664478 0.621308 -0.343434 0.058096 0.000927685 0.442446 -0.348702 0.147296 0.659727 5.50821 251.023 -52.1551 0.707801 -0.176229 0.266803 -6.33311 -99.083 -11.9383 
0.253726 -0.20944 0.469768 0.553983 0.11434 -0.068806 0.929925 0.726971 0.327018 -0.277104 1.03618 0.653132 0.604686 -0.340585 0.0377258 0 0.428354 -0.348761 0.169279 0.62457 6.18747 251.104 -51.2287 0.68602 -0.195203 0.265625 -6.33311 -99.083 -11.9383 
0.258532 -0.20944 0.476708 0.580518 0.129506 -0.0833091 0.905292 0.725797 0.339444 -0.276323 1.07083 0.642916 0.634494 -0.336731 0.00480158 0 0.427877 -0.349066 0.22785 0.627715 5.75125 250.915 -51.1422 0.667627 -0.194743 0.260809 -6.33311 -99.083 -11.9383 
0.233997 -0.208774 0.463834 0.59284 0.120751 -0.0835515 0.91178 0.756773 0.334367 -0.280209 1.08668 0.672498 0.6511 -0.338503 0.0113254 0 0.420765 -0.348989 0.240218 0.622489 5.68801 251.578 -51.4279 0.665487 -0.19524 0.26623 -6.33311 -99.083 -11.9383 
0.249566 -0.209261 0.480598 0.590791 0.128919 -0.071617 0.914481 0.742689 0.353066 -0.279732 1.09729 0.664959 0.645761 -0.33855 0.027737 0 0.443282 -0.349022 0.216409 0.633744 5.72811 252.318 -51.528 0.651911 -0.195896 0.26442 -6.33311 -99.083 -11.9383 
0.0183258 -0.194286 0.314529 0.603687 0.118496 -0.333232 0.97772 0.580607 0.0214966 -0.264851 1.31242 0.893306 0.777089 -0.34503 0.00914363 0 0.703468 -0.349066 0 0.853967 3.29747 251.425 -51.2121 0.544735 -0.251864 0.186865 -6.33311 -99.083 -11.9383 
-0.0156886 -0.200211 0.252238 0.536889 0.0497877 -0.328003 0.894769 0.701778 0.0681437 -0.232688 1.36701 0.865881 0.826347 -0.299993 0.00427864 0 0.840965 -0.349066 0 0.985126 4.5118 253.912 -51.5338 0.483007 -0.281866 0.163161 -6.33311 -99.083 -11.9383 
-0.0171813 -0.201386 0.218684 0.491345 0.0195971 -0.332197 0.917989 0.700248 0.0569479 -0.257392 1.39945 0.911913 0.820835 -0.318675 0.0101271 0.0363714 0.909604 -0.319541 0.0398303 1.06465 5.14141 252.302 -50.7426 0.414152 -0.26347 0.197219 -6.33311 -99.083 -11.9383 
0.0750969 -0.175935 0.244764 0.451844 -0.0793963 -0.27915 1.01805 0.683227 -0.0524179 -0.276078 1.4939 0.886832 0.952026 -0.328361 0.000113259 0.109292 0.798328 -0.242157 0.064593 0.971395 5.38186 256.168 -48.623 0.393111 -0.258333 0.200722 -6.33311 -99.083 -11.9383 
0.0808004 -0.193344 0.254065 0.415443 -0.165422 -0.299667 1.07763 0.711116 -0.0704379 -0.272029 1.49301 0.918095 0.940873 -0.326494 0.000424012 0.0144329 0.830323 -0.249094 0.00941969 0.992154 5.3905 256.53 -49.4016 0.379406 -0.255443 0.198147 -6.33311 -99.083 -11.9383 
0.105331 -0.183621 0.168403 0.535284 -0.0681934 -0.339899 1.40648 0.849383 -0.174533 -0.27818 1.67748 0.489594 0.916282 -0.328347 0.0154911 0.000406896 1.13242 -0.268593 0.0669938 1.18968 4.93001 266.806 -50.0239 0.183678 -0.0837699 0.291351 -6.33311 -99.083 -11.9383 
0.137135 -0.188319 0.167076 0.561432 -0.0876184 -0.340731 1.4234 0.809357 -0.168361 -0.324073 1.71361 0.477195 0.866277 -0.323795 0.0111674 0.0043602 1.15442 -0.281306 0.048963 1.14663 5.93693 267.778 -50.5205 0.188796 -0.0776756 0.290225 -6.33311 -99.083 -11.9383 
0.136426 -0.186721 0.165667 0.564437 -0.173934 -0.341779 1.42252 0.803129 -0.167917 -0.324218 1.74533 0.475048 0.865435 -0.321793 0.00176216 0 1.16019 -0.277447 0.00157875 1.14198 5.85881 267.771 -50.5941 0.187969 -0.0787406 0.288519 -6.33311 -99.083 -11.9383 
0.139456 -0.200879 0.164918 0.564409 -0.173723 -0.341649 1.4264 0.806527 -0.172989 -0.344726 1.74533 0.479119 0.867244 -0.321071 0.00227372 0 1.15539 -0.276633 0.0016339 1.14155 5.92173 267.63 -50.4493 0.188553 -0.074457 0.287995 -6.33311 -99.083 -11.9383 
0.156375 -0.203908 0.16391 0.569193 -0.174533 -0.345472 1.41841 0.791681 -0.159785 -0.349066 1.74439 0.481332 0.858744 -0.32062 0.00128067 0.00150281 1.15504 -0.274193 0 1.14324 5.85372 267.697 -50.6405 0.177883 -0.0758256 0.282346 -6.33311 -99.083 -11.9383 
0.157318 -0.146342 0.0511714 0.473503 -0.174533 -0.192776 1.1544 0.367871 -0.117379 -0.0580904 1.74533 0.565681 0.206075 -0.194086 0.480419 0.0737564 0.78423 -0.299037 0.33192 0.681213 7.51137 271.904 -53.8141 -0.0250997 0.0784402 0.260035 -6.33311 -99.083 -11.9383 
0.106893 -0.109514 0.0063981 0.538556 -0.174533 -0.146872 1.16826 0.569061 -0.0797462 -0.0495531 1.74415 0.565923 0.13117 -0.161828 0.376262 0.100028 0.757646 -0.349066 0.0500997 0.728026 7.62504 273.913 -53.4106 0.0547596 0.163575 0.23637 -6.33311 -99.083 -11.9383 
0.170601 -0.0377265 0.00626279 0.380404 -0.174533 -0.0262457 1.01603 0.394273 -0.0895274 -0.0811782 1.74533 0.374514 0.120905 -0.114487 0.323486 0.150382 0.826279 -0.349066 0.0452082 0.544734 4.22432 274.487 -50.7578 0.0700594 0.189245 0.137098 -6.33311 -99.083 -11.9383 
0.356479 0.0200497 0 0.138301 -0.174533 0.142471 0.732117 0.680214 -0.131181 -0.0677383 1.74533 0.260366 -0.174533 -0.0179877 0.539857 0.109207 0.391953 -0.349066 0.0576746 0.549745 7.81376 270.998 -51.4224 0.140063 0.0625662 0.0697814 -6.33311 -99.083 -11.9383 
0.382389 0.0606119 0 0.167508 -0.174533 0.151658 0.742206 0.637536 -0.158417 -0.0332311 1.74533 0.338201 -0.174533 -0.0409245 0.367369 0.103365 0.398082 -0.349066 0.0490177 0.558749 8.73355 271.422 -51.887 0.150927 0.0606579 0.0723418 -6.33311 -99.083 -11.9383 
0.357114 0.0468428 0 0.16927 -0.174533 0.165818 0.718483 0.622452 -0.174533 0.0117704 1.74533 0.308813 -0.174533 -0.0283136 0.304845 0.0956144 0.424277 -0.349066 0.054165 0.630735 8.75472 271.573 -51.4188 0.154458 0.084237 0.0530221 -6.33311 -99.083 -11.9383 
0.286857 0.0934237 0 0.0754811 -0.174533 0.181667 0.486894 0.576191 -0.174533 0.0011922 1.74533 0.332662 -0.174533 -0.0688411 0.321729 0.0892341 0.409033 -0.349066 0.0383939 0.657774 12.1186 272.029 -52.4455 0.132338 0.123124 0.0713196 -6.33311 -99.083 -11.9383 
0.322292 0.105603 0.000249503 0.0689152 -0.173132 0.186325 0.288748 0.573287 -0.174533 -0.0138235 1.74533 0.314108 -0.174533 -0.065047 0.319962 0.0776557 0.430038 -0.349066 0 0.654223 12.3681 271.68 -52.4158 0.142069 0.112371 0.0534457 -6.33311 -99.083 -11.9383 
0.284283 0.121751 0 0.0533498 -0.174528 0.216988 0.289895 0.667653 -0.174533 0.028076 1.74533 0.382315 -0.174533 -0.0307831 0.319935 0.0160034 0.475531 -0.349066 0 0.711469 12.3378 272.416 -53.2526 0.138129 0.144726 0.0305723 -6.33311 -99.083 -11.9383 
0.292338 0.158756 0 0 -0.174533 0.349066 0.0111306 0.609765 -0.174533 0.0511419 1.74533 0.374809 -0.174533 -0.0237236 0.352532 0 0.472586 -0.349066 0 0.635322 13.0648 272.994 -53.0045 0.143785 0.148978 0.000820101 -6.33311 -99.083 -11.9383 
0.250598 0.173818 0 0 -0.174533 0.349066 0 0.594119 -0.174533 0.0384868 1.74533 0.369671 -0.174533 -0.0423076 0.260411 0 0.464749 -0.349066 0 0.607414 13.5102 272.313 -52.3756 0.154538 0.139427 -0.00370354 -6.33311 -99.083 -11.9383 
0.219572 0.174631 0.00426834 0 -0.173938 0.349066 0 0.604875 -0.171803 0.0414087 1.74533 0.32646 -0.1711 -0.0480506 0.237489 0.00966131 0.514588 -0.349066 0.00249027 0.580183 13.4025 270.924 -52.0355 0.165632 0.155362 0.00145758 -6.33311 -99.083 -11.9383 
0.198959 0.164158 0.00376744 0.00176407 -0.174533 0.343744 0 0.617288 -0.14927 0.0651787 1.74494 0.243787 -0.139879 -0.0175162 0.172991 0.00133974 0.513216 -0.349066 4.70872e-005 0.575425 12.9832 269.472 -53.993 0.156531 0.171692 -0.0261228 -6.33311 -99.083 -11.9383 
0.21945 0.160053 0.0167503 0.0163632 -0.174533 0.344968 0 0.608672 -0.153357 0.0653752 1.7352 0.25392 -0.134135 -0.0104507 0.179903 0.00036061 0.478862 -0.349066 0 0.546748 12.787 269.933 -54.0101 0.149023 0.174624 -0.0293121 -6.33311 -99.083 -11.9383 
0.245261 0.148375 0.00886787 0.000558861 -0.174533 0.345182 0 0.622695 -0.154609 0.0596243 1.74508 0.270351 -0.136212 0.000868894 0.170566 1.31956e-005 0.496506 -0.349066 0 0.55141 13.0729 269.715 -54.3666 0.142467 0.156723 -0.021878 -6.33311 -99.083 -11.9383 
