0.441453 0.0544855 0 0 -0.174533 0.348413 0 0 -0.174533 0.105835 0.0017965 0.000167838 -0.0284669 -0.0905525 0 0 0.188172 -0.338654 0.215789 0 -12.5262 305.229 -57.5914 0.0547496 -0.107996 0.139723 13.2436 -95.942 -24.8945 
0.390675 0.0514941 0 0 -0.174533 0.349066 0 0 -0.174533 0.122118 0.00473349 0 -0.0262406 -0.0565155 0 0.124786 0.291906 -0.30771 0 0.197891 -10.1198 306.863 -56.7537 0.0626012 -0.0660616 0.148055 13.2436 -95.942 -24.8945 
0.390576 0.051587 0 0 -0.174533 0.349066 0 0 -0.174533 0.0888853 0.00473465 0 0.00818717 -0.0759165 0 0 0.303599 -0.301197 0 0 -10.1176 306.865 -56.7557 0.0625338 -0.0660701 0.148038 13.2436 -95.942 -24.8945 
0.363885 0.0533149 0 0 -0.174533 0.349066 0 0 -0.174533 0.0903937 0.0046283 0 0.0115956 -0.0977791 0 0 0.311236 -0.292386 0 0 -10.1028 306.819 -56.7638 0.0625465 -0.0662035 0.146828 13.2436 -95.942 -24.8945 
0.425704 0.0688423 0 0 -0.174533 0.349066 0 0 -0.174533 0.0929642 0.00394706 0 0.00221629 -0.0761364 0 0 0.295516 -0.302146 0 0 -9.40773 306.573 -56.5402 0.0574329 -0.0651025 0.150674 13.2436 -95.942 -24.8945 
0.337903 0.0536173 0 0 -0.174533 0.349066 0 0 -0.174533 0.0971925 0.00535504 0 0.00424067 -0.0751245 0.0198052 0.000156522 0.307459 -0.278483 0.0133892 0 -9.29455 306.725 -56.5665 0.0603021 -0.0641126 0.150534 13.2436 -95.942 -24.8945 
0.401836 0.0527709 0 0 -0.174533 0.349066 0 0 -0.174533 0.0754531 0.00702017 0 -0.00366723 -0.101148 0.0227305 0.000159521 0.313438 -0.277131 0.01691 0 -9.28172 306.87 -56.4793 0.0578122 -0.0663043 0.149115 13.2436 -95.942 -24.8945 
0.397886 0.0306467 0 0 -0.174533 0.349066 0 0 -0.174533 0.0662583 0.00331485 0 0.0468734 -0.0882697 0.00776346 3.24231e-005 0.321675 -0.291016 0.0127307 0.00772831 -9.2672 306.947 -56.5364 0.0600184 -0.0655758 0.158516 13.2436 -95.942 -24.8945 
0.385089 0.0261144 0 0 -0.174533 0.349066 0 0 -0.174533 0.056059 0.00716336 0 0.0758913 -0.104421 0.0343863 0.00499471 0.351924 -0.312841 0.0425194 0 -7.70661 307.675 -55.292 0.0616138 -0.0715679 0.191614 13.2436 -95.942 -24.8945 
0.399153 0.0411692 0 0 -0.174533 0.349066 0 0 -0.174533 0.0449075 0.00452172 0 0.0788483 -0.105695 0.0472982 0.125246 0.371774 -0.274299 0.0909732 0 -7.75901 307.671 -55.3037 0.061629 -0.0682295 0.191745 13.2436 -95.942 -24.8945 
0.401755 0.0504816 0 0 -0.174533 0.349066 0 0 -0.174533 0.045614 0.00524055 0.00108848 0.154231 -0.1013 0.0483398 0.0215554 0.430046 -0.274941 0.0327711 0 -8.05682 307.911 -55.2415 0.0596665 -0.0716215 0.187761 13.2436 -95.942 -24.8945 
0.355211 0.0450619 0 0 -0.174533 0.349066 0 0 -0.174533 0.053197 0.00432238 0.00103077 0.161685 -0.0714736 0.0519321 0.183147 0.470125 -0.230351 0.0122715 0 -7.94241 308.368 -55.333 0.0676415 -0.044264 0.187981 13.2436 -95.942 -24.8945 
0.351827 0.0545086 0 0 -0.174533 0.349066 0 0 -0.174533 0.0408144 0 0 0.258009 -0.0445964 0 0.160049 0.539084 -0.174973 0 0 -7.96713 308.448 -55.345 0.0665275 -0.0353555 0.191443 13.2436 -95.942 -24.8945 
0.38792 0.0420747 0 0 -0.174533 0.348238 0 0 -0.174533 0.0490272 0 0.0378059 0.190759 0.0138537 0.231053 0.371152 0.484242 -0.0972206 0.0603141 0.106476 -8.60008 308.948 -56.5711 0.0529357 -0.0248029 0.185226 13.2436 -95.942 -24.8945 
0.389948 0.0495277 0 0 -0.174533 0.347985 0 0 -0.174533 0.0750775 0.0038229 0.0388058 0.162686 -0.0024896 0.595471 0.376522 0.504752 0.0198994 0.0269072 0.376162 -8.61847 308.919 -56.4339 0.0521145 -0.0232155 0.184749 13.2436 -95.942 -24.8945 
0.394472 0.0737176 0 0 -0.174533 0.345591 0 0 -0.174533 0.0985008 0.000115584 0.0252763 0.297051 0.0920821 0.69154 0.214668 0.595913 0.159753 0.0122547 0 -8.96673 308.807 -56.3864 0.0580033 -0.0152583 0.178077 13.2436 -95.942 -24.8945 
0.475151 0.164992 0 0.066255 -0.174533 0.349066 0.00179913 0 -0.159269 0.0384179 0.0318524 0 0.330503 0.203108 0.627102 0.285747 0.711809 0.0498493 0 0.248198 -9.10538 309.77 -57.0657 0.0841678 -0.0550783 0.15756 13.2436 -95.942 -24.8945 
0.420636 0.218587 0.0334599 0 -0.174533 0.349066 0 0 -0.174533 0.121867 0 0 0.490047 0.215821 0.692898 0.0356675 0.688674 0.252546 0.446441 0.204761 -9.15541 308.769 -57.9284 0.0591814 -0.0417755 0.1406 13.2436 -95.942 -24.8945 
0.482198 0.0454554 0 0.00297947 -0.174533 0.349066 0 0 -0.170377 0.107362 4.6108e-005 0 0.449451 0.184551 0.204411 1.5708 0.750634 0.22205 0.0135154 0 -8.96192 309.412 -58.0634 0.0560561 -0.0303072 0.161348 13.2436 -95.942 -24.8945 
0.524196 0.0311343 0 0.000156899 -0.174533 0.349066 0 2.42769e-005 -0.174119 0.102713 4.26599e-005 0.0132232 0.460162 0.183497 0.156229 1.5708 0.743773 0.186484 0.118695 0.0365881 -8.94482 309.408 -58.0423 0.0563976 -0.0304249 0.161553 13.2436 -95.942 -24.8945 
0.612079 0.00281755 0 0 -0.174533 0.349066 0 1.08994e-005 -0.174384 0.111215 0 0.0656808 0.531639 0.192015 0.0713894 1.5708 0.782936 0.337665 0.0456574 0.0573673 -8.99381 309.698 -58.2801 0.0599718 -0.0326908 0.159695 13.2436 -95.942 -24.8945 
0.605397 -0.000678662 0 0 -0.174533 0.349066 0 0 -0.171844 0.103419 0.0199141 0.0296983 0.584911 0.164655 0.00253896 1.5708 0.834499 0.349066 0.159309 1.15583 -9.23614 309.592 -58.0525 0.0635464 -0.0418088 0.162036 13.2436 -95.942 -24.8945 
0.784472 -0.0449202 0.0416405 0.00940075 -0.174533 0.349066 0.0001589 0 -0.132609 0.108085 0.00800447 0.0237394 0.578694 0.168111 0.0116443 1.5708 0.898929 0.349066 0 1.5708 -9.1622 311.148 -60.1759 0.0682611 -0.0807039 0.162768 13.2436 -95.942 -24.8945 
0.819358 -0.0512062 0.0834215 0.059669 -0.174533 0.348732 5.997e-007 0 -0.130384 0.122463 0.0134234 0.00726616 1.05315 0.119637 0.123088 0 0.378454 0.348778 0 0.0342726 -8.54458 310.571 -59.905 0.0628995 -0.0864782 0.17421 13.2436 -95.942 -24.8945 
0.924688 -0.000170782 0.157335 0.124463 -0.174533 0.349049 0.00786512 0 -0.117659 0.053927 0.010862 0.0562964 1.04823 0.0256549 0.204663 0 0.42075 0.349015 0.175517 0.140879 -8.96342 310.238 -59.8174 0.0658891 -0.093944 0.169804 13.2436 -95.942 -24.8945 
0.938373 -0.0732963 0.115427 0.172975 -0.174533 0.349066 0.00830443 0 -0.139445 0.0916352 0.00354598 0.0816922 1.03011 0.0560597 0.226153 0 0.427223 0.349065 0.0600678 0 -8.23383 310.199 -59.7387 0.0827878 -0.111411 0.177593 13.2436 -95.942 -24.8945 
0.916187 -0.186626 0.22247 0.152967 -0.174533 0.349066 0 0.00895061 -0.174533 0.0367804 0 0.16896 1.0369 0.0674148 0.00947329 0.0781596 0.436956 0.349066 0 0 -9.03872 310.009 -63.1201 0.0967534 -0.140602 0.192352 13.2436 -95.942 -24.8945 
0.934918 -0.189686 0.216854 0.0599333 -0.174533 0.349066 0 0.00458691 -0.174533 0.0665474 0.00123393 0.0460857 1.0361 -0.07289 0.0533204 0.0766983 0.41074 0.349066 0.0139595 0 -8.77138 309.739 -63.0214 0.0992378 -0.13926 0.193852 13.2436 -95.942 -24.8945 
0.892409 -0.202822 0.290435 0.0646978 -0.174533 0.349066 0 0.00412594 -0.174533 0.0685709 4.25562e-005 0.00167225 0.998969 0.0265515 0.0786801 0.0820174 0.328598 0.349066 0.271893 0.0168333 -8.88558 309.866 -63.4251 0.107116 -0.13988 0.191495 13.2436 -95.942 -24.8945 
0.913073 -0.204776 0.291239 0.263017 -0.174533 0.349066 0 0.000657673 -0.174533 0.0499406 0.0031894 0 1.03573 0.0394598 0.0742364 0.0341827 0.22775 0.349066 0.203049 0 -9.1741 307.683 -63.6934 0.120783 -0.152008 0.222217 13.2436 -95.942 -24.8945 
0.948593 -0.20944 0.373544 0.151869 -0.174533 0.349066 0 0.000337379 -0.174533 0.0284135 0.00196864 0.000396356 1.00548 -0.0754538 0.179391 0.00174309 0.302457 0.349066 0.0709633 0 -9.0249 307.808 -63.6281 0.120053 -0.153101 0.227045 13.2436 -95.942 -24.8945 
0.96736 -0.20944 0.322558 0.201951 -0.174533 0.334134 0.00829305 4.23624e-005 -0.174533 0.0292048 0 4.67374e-005 1.0247 0.00787207 0.125511 0 0.354571 0.349066 0.0433034 0 -9.03267 307.555 -63.5173 0.119473 -0.148247 0.223136 13.2436 -95.942 -24.8945 
1.00172 -0.197826 0.333733 0.421827 -0.174326 0.349066 0.00291879 0 -0.174533 0.0229143 0 9.00446e-006 1.04326 -0.0130685 0.107877 0.0211994 0.360738 0.349066 0.0875791 0 -10.7034 307.637 -61.9636 0.134373 -0.17928 0.218372 13.2436 -95.942 -24.8945 
1.06123 -0.204988 0.283338 0.468413 -0.174442 0.349066 0.00186254 0 -0.174533 0.0282015 0 0 1.06163 -0.0172207 0.0614707 0.0128568 0.376811 0.349066 0.0225014 0 -10.9604 307.62 -62.2883 0.137543 -0.179534 0.216281 13.2436 -95.942 -24.8945 
1.01665 -0.205099 0.280433 0.460014 -0.174492 0.312078 0.00187973 0 -0.174533 0.024997 0 0 1.05418 -0.0117684 0.062215 0.0119492 0.381211 0.349066 0.021784 0 -10.9428 307.659 -62.3413 0.136999 -0.178636 0.21768 13.2436 -95.942 -24.8945 
1.00926 -0.20944 0.295572 0.459841 -0.174527 0.31329 0 0 -0.174533 0.0225777 0 0 1.05989 -0.0144213 0.0586448 0.0106904 0.382447 0.349066 0.00120403 0 -10.9707 307.666 -62.4102 0.137138 -0.177606 0.218611 13.2436 -95.942 -24.8945 
1.03013 -0.20944 0.300523 0.377605 -0.174533 0.322499 0 0 -0.174533 0.039666 0 0 1.04456 -0.0274164 0.0593124 0.0105739 0.390351 0.349066 0.0299301 0 -10.6841 307.88 -62.5496 0.153696 -0.195006 0.211553 13.2436 -95.942 -24.8945 
1.02537 -0.20944 0.298939 0.380328 -0.174533 0.328112 0 0 -0.174533 0.0226031 0 0 1.04359 -0.0261821 0.0559842 0.00769804 0.41117 0.342925 0.0531234 0 -10.7332 307.938 -62.6362 0.155027 -0.194405 0.209611 13.2436 -95.942 -24.8945 
1.01033 -0.201337 0.253195 0.553292 -0.174533 0.34669 0 0 -0.174533 0.0360848 0 0 1.06616 0.0033646 0.0989815 0.0016552 0.405896 0.339951 0.0525428 0 -10.7275 307.795 -62.6378 0.153518 -0.192327 0.198096 13.2436 -95.942 -24.8945 
1.00692 -0.204243 0.215761 0.548126 -0.17384 0.34503 0 0 -0.174533 0.0361873 0 0 1.04795 0.00183123 0.190782 0.00183323 0.407973 0.340219 0.0246291 0 -10.7409 307.794 -62.7497 0.15446 -0.191837 0.198959 13.2436 -95.942 -24.8945 
0.993984 -0.20944 0.121715 0.0126089 -0.174533 0.345851 0 0.00642651 -0.174533 0.069182 0 0.0189658 0.512463 0.141616 0 2.86804e-005 0.629994 0.346757 0.107282 1.5708 -10.9176 309.924 -63.535 0.165833 -0.170784 0.186044 13.2436 -95.942 -24.8945 
0.932444 -0.20944 0 0.00878755 -0.174533 0.349066 0 0 -0.174533 0.0733773 8.87642e-005 0.00345088 0.520481 0.114621 0 0 0.752807 0.324124 0 1.5708 -10.9305 309.961 -64.1254 0.147003 -0.129694 0.185888 13.2436 -95.942 -24.8945 
0.847308 -0.189566 0.000277893 0.0371436 -0.174533 0.289707 0 0 -0.173156 0.0172094 4.12122e-005 0 0.56335 0.0842352 0.000416234 0.000497797 0.789096 0.243761 0 1.38919 -12.5668 310.049 -63.3865 0.135175 -0.105819 0.193801 13.2436 -95.942 -24.8945 
0.7411 -0.146777 0 0.0188347 -0.174533 0.289108 0 0 -0.173798 0.0318354 1.51704e-005 0 0.51086 0.0316116 0.000538535 0.000491462 0.650656 0.173199 0 1.48719 -12.4318 310.087 -63.4462 0.134896 -0.10427 0.193998 13.2436 -95.942 -24.8945 
0.717493 -0.127517 0.000449708 0 -0.174533 0.299012 0 0 -0.174463 0.0391343 0 0 0.49745 0.051185 0.0223901 7.09603e-005 0.653624 0.14998 0 0.164567 -12.2676 309.577 -63.1426 0.131525 -0.103304 0.185119 13.2436 -95.942 -24.8945 
0.796236 -0.0763845 0 0 -0.173923 0.29048 0 0 -0.157744 0.0487053 0.00418363 0.00984316 0.510069 -0.0139311 0.119532 0.473949 0.653289 0.0619809 0.040892 0.0615461 -11.7984 309.089 -63.2192 0.111122 -0.123076 0.200934 13.2436 -95.942 -24.8945 
0.643014 -0.121131 0.00353381 0 -0.174533 0.336608 0.0195579 0 -0.142897 0.0880564 0 0 0.43939 0.0891642 0.250044 0.49231 0.754114 0.0864826 0.0686541 0 -10.1481 310.425 -62.3667 0.0928671 -0.125688 0.186834 13.2436 -95.942 -24.8945 
0.548796 -0.0143313 0 0.00460718 -0.174533 0.349066 0 0.144818 -0.173267 0.0931774 0.00265742 0 0.366239 0.0632514 0.0291987 0.438402 0.546447 0.0113664 0 1.11241 -10.9558 308.879 -57.9678 0.133233 -0.0479859 0.169407 13.2436 -95.942 -24.8945 
0.579261 0.00955878 0 0.00323706 -0.174533 0.348999 0 0.0119338 -0.174533 0.0673417 0.000159202 0.00489353 0.316186 -0.0235053 0.07677 0.122224 0.577233 -0.0106073 0.117816 0 -9.6948 309.871 -58.3343 0.115198 -0.0648623 0.168131 13.2436 -95.942 -24.8945 
0.577842 0.0156568 0 0 -0.174533 0.349066 0 0.011375 -0.174533 0.090327 0.00576791 0.0412124 0.313995 -0.0166078 0.0570602 0.137783 0.60049 -0.0445746 0.0596563 0 -9.90905 309.511 -58.1336 0.108498 -0.0688251 0.164246 13.2436 -95.942 -24.8945 
0.553187 0.0155088 0 0 -0.174533 0.349066 0 0.0113752 -0.174533 0.0914103 0.00533933 0.0389765 0.315467 -0.0275788 0.0569199 0.130882 0.566211 -0.0714101 0.0550735 0 -9.90279 309.525 -58.1413 0.108632 -0.0692365 0.164532 13.2436 -95.942 -24.8945 
0.531825 0.0372069 0 0 -0.174533 0.349066 0 0.00871479 -0.174533 0.0863461 0.0083836 0 0.260575 -0.0411312 0 0.177499 0.534864 -0.119765 0.0763069 0 -9.96857 309.339 -58.132 0.101289 -0.063638 0.164384 13.2436 -95.942 -24.8945 
0.535428 0.0427773 0 0 -0.174533 0.349066 0 0.00782757 -0.174533 0.0968526 0.00580727 0.0219742 0.249673 -0.053448 0 0.0788993 0.475227 -0.179962 0.0706898 0 -9.99976 309.224 -58.0101 0.0990672 -0.0646017 0.166673 13.2436 -95.942 -24.8945 
0.514277 0.0415437 0 0 -0.174533 0.349066 0 0.0077956 -0.174533 0.0647538 0.00582117 0.0218825 0.184698 -0.0755504 0 0.0465344 0.479448 -0.209028 0 0 -9.99236 309.22 -58.0095 0.0991948 -0.0651643 0.167274 13.2436 -95.942 -24.8945 
0.495241 0.0415844 0 0 -0.174533 0.349066 0 0.00194898 -0.174533 0.0631694 0 0.0161977 0.110757 -0.102306 0.0188863 0.0306656 0.450922 -0.226517 0 0.0152215 -9.69519 309.156 -57.2117 0.107598 -0.0649615 0.173771 13.2436 -95.942 -24.8945 
0.496253 0.0440332 0 0 -0.174533 0.349066 0 0.00195662 -0.174533 0.0672389 0 0.0162143 0.0764353 -0.0930844 0.000482559 0 0.372349 -0.258409 0 0.0160266 -9.69194 309.157 -57.2229 0.107623 -0.064945 0.173767 13.2436 -95.942 -24.8945 
0.500597 0.0522346 0 0 -0.174533 0.349066 0.00197388 1.88509e-005 -0.174533 0.0851428 0 0.00725011 0.00138076 -0.102321 0 0.00550072 0.354289 -0.282598 0 0 -9.41653 308.712 -56.978 0.0875576 -0.0685691 0.173311 13.2436 -95.942 -24.8945 
0.482665 0.0586456 0 0 -0.174533 0.349066 0.00162678 1.81131e-005 -0.174533 0.0597492 0 0.00695057 -0.0442729 -0.0806831 0.00586695 0 0.300171 -0.310264 0 0 -9.21046 308.529 -56.5719 0.0804964 -0.0758949 0.171265 13.2436 -95.942 -24.8945 
0.446706 0.0539239 0 0 -0.174533 0.349066 0.00162906 0 -0.174533 0.081785 0 0.0069603 -0.085518 -0.0956693 0.00632377 0 0.271487 -0.310578 0 0 -9.196 308.541 -56.569 0.0803437 -0.0757258 0.1712 13.2436 -95.942 -24.8945 
0.386066 0.0584839 0 0.000958675 -0.174533 0.349066 0 0 -0.174533 0.079058 0 0 -0.11605 -0.0592252 0.000558017 0 0.177906 -0.316113 0.071529 0 -9.32996 309.244 -57.4206 0.0549151 -0.102991 0.153887 13.2436 -95.942 -24.8945 
0.349031 0.0584414 0 0.000946924 -0.174533 0.349066 0 0 -0.174533 0.105432 0 0 -0.128722 -0.0595278 0.000558052 0 0.178802 -0.315799 0.0747435 0 -9.32973 309.245 -57.4205 0.0549181 -0.102988 0.153877 13.2436 -95.942 -24.8945 
0.353767 0.0620167 0 8.75806e-005 -0.174533 0.349066 0 0 -0.174533 0.126314 0 0 -0.124439 -0.0553125 0 0 0.245586 -0.313138 0 0 -9.31474 309.288 -57.4302 0.0338694 -0.101769 0.152364 13.2436 -95.942 -24.8945 
0.372887 0.0717282 0 0 -0.173945 0.349066 0 0 -0.174533 0.102181 0 0 -0.0872319 -0.0745882 0 0 0.276634 -0.312762 0 0 -9.96621 310.272 -57.9619 0.0292634 -0.0950095 0.151277 13.2436 -95.942 -24.8945 
0.38465 0.0733543 0.00953282 0 -0.174193 0.349066 0.000488553 0 -0.174533 0.0990541 0 0 -0.0866717 -0.06449 0 0 0.266447 -0.303271 0 0 -9.9455 310.61 -57.9631 0.031477 -0.0982301 0.153899 13.2436 -95.942 -24.8945 
0.368006 0.0875927 0 0 -0.174289 0.349066 0.000295824 0 -0.174533 0.101393 0 0 -0.0653032 -0.063747 0.000240767 0 0.280217 -0.288961 0 0 -9.80691 310.586 -57.9662 0.0285877 -0.0966947 0.155016 13.2436 -95.942 -24.8945 
0.377545 0.0803195 0 0 -0.174339 0.349066 0.000359893 0 -0.174533 0.0940816 2.07913e-005 0 -0.0526896 -0.0704214 3.63735e-005 0 0.288175 -0.288588 4.19656e-005 0.000554225 -9.7618 310.574 -57.9276 0.0272855 -0.0932873 0.160515 13.2436 -95.942 -24.8945 
