0.400918 0.275521 0 0 -0.122422 0.270631 0 0 -0.112368 0.113208 0 0 -0.132396 -0.0332512 0 0 0.106385 -0.349066 0 0 -10.3946 284.879 -49.4405 0.0837488 -0.128409 0.0877029 0.83925 -97.039 -24.1406 
0.290474 0.225969 0.0109191 0.158406 -0.112507 0.348986 0 0.0102228 -0.134818 0.083445 0.00622437 0.0146921 -0.174506 -0.0577922 0.00231724 4.55991e-005 0.010177 -0.349066 0.10281 0.0634506 -4.05067 290.928 -57.9706 0.163819 -0.133882 0.109927 0.83925 -97.039 -24.1406 
0.224896 0.221681 0.0795584 0.168259 -0.154132 0.329926 0 0.0877349 -0.150896 0.0798565 0 0 -0.174533 -0.0442964 0 0 -0.0140257 -0.349066 0.0590387 0 -3.77794 291.104 -59.9479 0.167285 -0.0725335 0.119164 0.83925 -97.039 -24.1406 
0.167459 0.122802 0.000248012 0.342051 -0.174533 0.343567 8.34683e-007 0 -0.174533 0.0877522 0.000667286 0 -0.164878 -0.0938388 0 3.21794e-005 0.124215 -0.325551 0.0964654 0.0353399 -3.73392 291.856 -63.4562 0.147146 -0.0273116 0.115699 0.83925 -97.039 -24.1406 
0.11714 0.161288 0.153842 0.320079 -0.172882 0.349066 0.00151589 0.00646877 -0.173212 0.113721 0 0.000733222 -0.173045 -0.0600322 0.0120823 0.106518 0.0995986 -0.255079 0.169974 0.0941679 -2.6661 292.905 -63.135 0.156668 -0.0380876 0.110567 0.83925 -97.039 -24.1406 
0.0958296 0.155242 0.156631 0.270557 -0.174267 0.349066 0.00164791 0.020999 -0.17296 0.123651 0 1.86024e-005 -0.168041 -0.00882261 0.0544309 0.0617905 0.128858 -0.249039 0.203184 0.140049 -0.916521 293.044 -65.3684 0.130011 -0.00299827 0.101956 0.83925 -97.039 -24.1406 
0.0895289 0.156575 0.151887 0.264869 -0.174507 0.349066 0 0.0175168 -0.174273 0.127636 0.000508188 0.000117831 -0.168184 -0.00901494 0.0546855 0.0691299 0.126141 -0.255534 0.20817 0.142419 -0.916249 292.821 -64.9904 0.132994 -0.0116404 0.103873 0.83925 -97.039 -24.1406 
0.0871282 0.163818 0.0837588 0.282211 -0.174533 0.349066 0 0 -0.174533 0.125751 0.00785009 0 -0.136471 -0.00358353 0 0 0.134693 -0.193999 0.258571 0.173185 -0.0514787 292.302 -63.9062 0.140139 0.0269577 0.117696 0.83925 -97.039 -24.1406 
0.119965 0.139756 0.0769217 0.274553 -0.160819 0.349066 0.00596227 0.0209932 -0.174533 0.113562 9.16714e-005 0 -0.174533 0.00953293 0.0317294 0 0.101369 -0.166389 0.198846 0.167096 0.425251 291.24 -62.1207 0.145451 -0.00459651 0.113646 0.83925 -97.039 -24.1406 
-0.0782996 0.153458 0.1424 0.21136 -0.157383 0.349066 0.315975 0.13421 -0.0835811 0.0352507 0.0593172 0.0643582 -0.174533 0.0228838 0.439477 0 0.17396 -0.0850454 0.343591 0.147588 0.380002 289.049 -64.5282 0.0425307 0.0395534 0.114553 0.83925 -97.039 -24.1406 
-0.174533 0.224919 0.14806 0.325072 -0.174533 0.349066 0.131638 0.474146 -0.140678 0.0467488 0.355062 0 0.166134 0.148538 0 0.265585 0.22883 -0.0976173 0.400105 0.675534 0.0928283 288.823 -62.4158 -0.0217002 0.131789 0.0896593 0.83925 -97.039 -24.1406 
-0.155297 0.175175 0.132177 0.366849 -0.174526 0.349066 0.246011 0.42102 -0.163889 0.0581753 0.288586 0.0101248 0.0960602 0.112027 0.00862457 0.315841 0.28967 -0.116346 0.407953 0.594403 1.39215 289.111 -62.559 -0.0161112 0.153456 0.131829 0.83925 -97.039 -24.1406 
-0.164408 0.152871 0.11342 0.327977 -0.174075 0.346553 0.037544 0.316655 -0.166691 0.102094 0.177447 0.000871686 0.000743024 0.0812435 0.058425 0.277604 0.256041 -0.0763 0.362067 0.604013 1.36551 288.795 -62.572 0.0332787 0.156024 0.126355 0.83925 -97.039 -24.1406 
-0.157728 0.149723 0.0464699 0.132548 -0.174533 0.349066 0.0203585 0.235171 -0.174533 0.141468 0 0 -0.0856752 -0.0138989 0.153212 0.283655 0.277192 -0.0999003 0 0.581704 2.31301 287.592 -61.6917 0.0590185 0.128927 0.125599 0.83925 -97.039 -24.1406 
-0.171275 0.145097 0.0434527 0.149214 -0.174533 0.349066 0.0122936 0.23129 -0.174484 0.12932 0.00023586 0.0231396 -0.112916 -0.0204665 0.15788 0.238934 0.240264 -0.0990238 0.0375162 0.594745 2.1318 287.026 -61.3738 0.0634937 0.153301 0.120158 0.83925 -97.039 -24.1406 
-0.158069 0.145998 0.0521156 0.163934 -0.174533 0.349066 0.0258379 0.250216 -0.173282 0.119677 0.0107343 0.0654012 -0.107758 0.00158174 0.175413 0.274189 0.242969 -0.0836227 0.0750494 0.604739 1.90595 286.614 -60.991 0.0537764 0.145254 0.127263 0.83925 -97.039 -24.1406 
-0.162848 0.144379 0.0762355 0.154481 -0.174533 0.348766 0.0116946 0.29239 -0.174533 0.0907767 0.00817183 0.0531076 -0.118958 0.00378646 0.146879 0.295482 0.225135 -0.109778 0.0860406 0.600402 2.03223 286.717 -60.5963 0.0751791 0.138086 0.118923 0.83925 -97.039 -24.1406 
-0.162791 0.159629 0.258722 0.200853 -0.174533 0.349066 0.0327699 0.0687994 -0.174533 0.115518 0 0.0921594 -0.104036 0.00499164 0.0539424 0.252922 0.242211 -0.135478 0.0602073 0.613894 1.11045 288.265 -61.6046 0.0939849 0.124973 0.101441 0.83925 -97.039 -24.1406 
-0.167371 0.130814 0.22376 0.200145 -0.173956 0.349066 0.0372846 0.0658143 -0.174533 0.13715 0 0.0472412 -0.0899614 0.00512816 0.0449836 0.281298 0.252079 -0.144352 0.0401416 0.647622 0.677432 288.902 -60.588 0.0904523 0.132425 0.12806 0.83925 -97.039 -24.1406 
-0.0683885 0.0860322 0.215092 0.191991 -0.166064 0.348613 0.0410411 0.0645309 -0.155287 0.11299 0.000279015 0.148123 -0.102688 -0.0180756 0.0104653 0.373338 0.18985 -0.164014 0.0328246 0.589756 -0.911036 290.566 -60.3689 0.113619 0.11907 0.113174 0.83925 -97.039 -24.1406 
-0.0795627 0.0684729 0.174478 0.205206 -0.174533 0.349066 0.0169441 0.0677145 -0.150056 0.101933 0 0.136561 -0.097866 -0.00567302 0.00436998 0.364983 0.182356 -0.138252 0.00406866 0.464335 -1.43216 290.124 -60.6968 0.118873 0.111316 0.103865 0.83925 -97.039 -24.1406 
0.323432 -0.00465099 0.209216 0.0673518 -0.174533 0.304307 0.381546 0.0216337 0.0662444 0.0409801 0.421655 0.172465 -0.0172561 0.134116 0.345705 0.211505 0.0339217 -0.239151 0.516764 0.532743 -0.791227 292.188 -58.1593 0.10884 0.0169177 0.128974 0.83925 -97.039 -24.1406 
0.242227 -0.0162214 0.280927 0.00783972 -0.0854508 0.225819 0.562031 0.0154747 0.205786 0.00535962 0.233248 0.213442 -0.03289 0.131591 0.0441066 0.643778 -0.157157 -0.288903 0.730563 0.559299 1.21895 294.649 -60.1395 0.132853 -0.0423956 0.186465 0.83925 -97.039 -24.1406 
0.0696403 -0.120366 0.32988 0.167094 -0.172297 0.177234 0.582113 0.215176 0.560274 0.119976 0.290241 0.3738 -0.000125053 0.0845859 0.106901 0.723117 -0.0938152 -0.292394 0.903425 0.663257 0.95076 295.309 -63.5951 0.215649 -0.0739442 0.210098 0.83925 -97.039 -24.1406 
0.0902227 -0.183836 0.345275 0.191182 0.0198608 0.116839 0.467055 0.376294 0.772518 0.04968 0.248008 0.446808 -0.146035 0.110962 0.302882 0.691797 -0.174533 -0.180032 0.88435 0.674995 1.44455 292.774 -65.1025 0.201233 -0.0448415 0.211175 0.83925 -97.039 -24.1406 
-0.129509 -0.209404 0.359551 0.242013 0.0933342 -0.0256305 0.451412 0.276444 0.542739 -0.152397 0.563753 0.436676 -0.0510078 0.214345 0.220646 0.867086 0.0794974 -0.129804 0.704153 0.909869 1.29985 294.994 -62.9261 0.233193 0.0828608 0.346495 0.83925 -97.039 -24.1406 
-0.172111 -0.20944 0.305686 0.460758 -0.0766141 -0.0247071 0.445304 0.182711 0.603129 -0.211139 0.313207 0 -0.174533 0.349066 0.587127 1.02287 -0.174533 0.22717 0.469705 1.27408 5.66002 285.111 -57.5717 0.356296 0.0643801 0.307219 0.83925 -97.039 -24.1406 
-0.170226 -0.20944 0.251296 0.559954 -0.0231154 0.00512771 0.499322 0.256716 0.682863 -0.227701 0.231636 0.000772844 -0.170001 0.34852 0.636733 0.897081 -0.174533 0.188105 0.563706 1.1731 5.46417 284.769 -57.4088 0.355917 0.0398712 0.284981 0.83925 -97.039 -24.1406 
-0.174533 -0.20944 0 0.61065 -0.0169773 0.211753 0.77186 0 0.651254 -0.29929 0.00986792 0 -0.174528 0.349066 0.729501 0.896591 -0.174533 0.27065 0.20099 1.20018 4.9815 280.196 -59.6845 0.36698 -0.0361912 0.293279 0.83925 -97.039 -24.1406 
-0.171405 -0.20944 0.178192 0.668732 0.0549317 0.296711 0.766155 0.0949452 0.694596 -0.207742 0.0543161 0.506401 -0.17039 0.349066 0.841146 0.957259 -0.0780949 0.332674 0.140273 1.23104 5.10187 285.559 -60.6035 0.365603 -0.0491204 0.269162 0.83925 -97.039 -24.1406 
-0.174221 -0.20944 0 0.900754 -0.164966 0.347017 0.726957 0.387862 0.550925 -0.330074 0.219882 0.102539 -0.174518 0.25136 0.753437 1.13068 -0.174533 0.348111 0.237608 1.35479 6.16548 291.945 -60.0637 0.491897 -0.0955659 0.253944 0.83925 -97.039 -24.1406 
-0.174533 -0.20944 0 0.887231 -0.110594 0.346679 0.809604 0.337484 0.537591 -0.274264 0.296818 0.178944 -0.0892167 0.349066 0.775037 1.00904 -0.174533 0.348749 0.270173 1.32256 4.62203 294.569 -58.9808 0.502542 -0.155893 0.142811 0.83925 -97.039 -24.1406 
-0.174533 -0.20944 0.266488 1.56903 0.00160786 0.339462 0.826733 0.199856 0.615221 -0.18565 0.316742 0.130319 -0.069894 0.348643 0.824698 1.34317 -0.173418 0.300093 0.64496 1.56739 7.48706 295.089 -51.811 0.445494 -0.011344 0.256916 0.83925 -97.039 -24.1406 
0.0277777 -0.20944 0.489179 1.03804 -0.132348 0.349066 0.711286 0.314502 0.681943 -0.150212 0.309921 0.212237 -0.174533 0.349066 1.00774 1.50118 -0.0136382 0.349066 0.355231 1.57078 10.7903 297.031 -53.8869 0.363796 0.113959 0.359805 0.83925 -97.039 -24.1406 
0.104446 -0.20944 0.653661 1.05355 -0.152854 0.32822 0.778316 0.214819 0.664886 -0.188361 0.30309 0.127577 -0.174533 0.3441 1.10736 1.5624 -0.0220602 0.349066 0.409094 1.5708 10.8986 295.338 -55.3408 0.368607 0.0886132 0.372754 0.83925 -97.039 -24.1406 
0.105442 -0.20944 0.473766 1.20797 -0.140902 0.332739 0.810858 0.24994 0.720784 -0.248427 0.220264 0.133562 -0.174533 0.349066 0.971324 1.56879 -0.096453 0.349054 0.413327 1.5708 10.611 295.923 -54.1877 0.373843 0.0482425 0.34412 0.83925 -97.039 -24.1406 
0.321222 -0.20944 0.573188 1.33069 -0.174533 0.318668 0.815137 0.399741 0.780686 -0.233832 0.129385 0.00711633 -0.174533 0.321652 0.919286 1.5708 -0.143938 0.344657 0.523445 1.5708 11.0927 295.406 -56.9546 0.391269 0.0499019 0.358483 0.83925 -97.039 -24.1406 
0.299233 -0.20944 0.614841 1.33655 -0.0481243 0.332597 0.743317 0.355879 0.821551 -0.324058 0.145024 0.00587287 -0.174533 0.324397 0.929522 1.5708 -0.174533 0.345847 0.532378 1.5708 10.6587 295.458 -53.6237 0.404724 0.0239793 0.365005 0.83925 -97.039 -24.1406 
0.242974 -0.204529 0.649129 1.38705 -0.118694 0.338838 0.738462 0.35593 0.775477 -0.322508 0.160461 0.0049022 -0.125077 0.324676 0.908389 1.5708 -0.166038 0.347209 0.609602 1.57005 10.7152 295.894 -54.5434 0.413562 -0.00722651 0.393642 0.83925 -97.039 -24.1406 
0.156991 -0.158964 0.156313 1.4314 -0.124659 0.349066 1.13971 0.338025 0.717414 -0.339933 0.208418 0.232491 -0.174533 0.319753 1.26316 1.5708 -0.152116 0.235076 0.868609 1.56881 11.1392 296.916 -53.826 0.348966 -0.121014 0.424194 0.83925 -97.039 -24.1406 
-0.118295 -0.20944 0.144019 1.30885 0.0140941 0.348904 1.4851 0.463515 1.06234 -0.349066 0.116475 0.314865 -0.174533 0.349066 0.714717 1.5708 -0.150196 0.303311 0.316536 1.5708 6.27349 292.31 -47.2492 0.209055 0.0252356 0.600229 0.83925 -97.039 -24.1406 
0.0662043 -0.20944 0.453279 1.3655 0.0485037 0.349066 1.54052 0.478151 1.08272 -0.239356 0.159247 0.390413 -0.174533 0.26685 0.603871 1.40801 -0.16721 0.25458 0.452634 1.5708 5.88148 294.141 -45.8344 0.121233 0.0494375 0.630146 0.83925 -97.039 -24.1406 
-0.163084 -0.0502443 0.582892 1.56144 -0.167061 0.349066 1.16078 0.0353152 1.20896 -0.20685 0.00593108 0.0135881 -0.174533 0.121778 0.600334 1.3782 -0.17438 0.308526 0.778666 1.5708 -7.11976 290.487 -35.2815 0.202216 -0.135233 0.124315 0.83925 -97.039 -24.1406 
-0.174533 0.0737247 0.658647 1.26373 -0.174533 0.190123 1.38099 0.102165 1.28196 -0.349066 0.0120275 0 -0.0895647 0.319569 0.879126 1.5708 -0.00295732 0.348455 1.21638 1.05432 -8.39232 293.156 -31.9374 -0.0517432 0.0542626 0.110518 0.83925 -97.039 -24.1406 
-0.100714 0.103426 0.524733 1.45674 -0.164358 0.282145 1.43677 0.0459831 1.45573 -0.32386 0.0135771 0.00357497 -0.173475 0.349066 0.730031 1.5708 -0.033143 0.343618 1.31348 1.07932 -4.73471 292.576 -30.8606 0.0183667 0.076793 0.0969966 0.83925 -97.039 -24.1406 
-0.1743 0.137028 0.399122 1.54674 -0.174533 0.330862 1.42325 0.00615542 1.5567 -0.319162 0.0346118 0.0441609 -0.174533 0.349066 0.769284 1.5708 -0.155682 0.349066 1.31293 1.11032 -3.39747 291.77 -29.6568 -0.00577131 0.0686928 0.109974 0.83925 -97.039 -24.1406 
-0.0935479 0.147389 0.20023 1.52216 -0.112652 0.34817 1.25191 0.0408307 1.57066 -0.347359 0.120066 0.00541734 -0.100529 0.349023 0.692146 1.5161 0.0579287 0.349066 1.25777 1.01472 -6.2623 294.795 -29.8167 -0.098054 0.199491 0.11012 0.83925 -97.039 -24.1406 
-0.174533 0.301279 0.512622 1.5708 -0.174533 0.348103 0.753776 0.00532919 1.5708 -0.349066 0.0531962 0.000216484 -0.174285 0.349066 0.358187 1.04762 -0.1421 0.349066 0.879703 0.731609 -1.0026 294.597 -29.8626 -0.0873729 0.185344 0.0508427 0.83925 -97.039 -24.1406 
-0.123266 0.349066 0.348076 1.5707 -0.174533 0.346844 0.308787 0.040635 1.5708 -0.349066 0.044316 0.00121809 -0.0956419 0.349066 0.051553 0.852087 -0.163999 0.346963 0.718233 0.478037 -2.89976 292.771 -32.9516 -0.0459532 0.157171 -0.0313397 0.83925 -97.039 -24.1406 
-0.13272 0.246531 0.316163 1.52639 -0.174533 0.349066 0.426759 0.124063 1.5708 -0.0994564 0.286421 0.0391046 -0.158477 0.335728 0 0.80921 -0.00101659 0.18418 0.496164 0.661993 -6.38757 295.456 -32.3615 -0.0372526 0.177103 0.0228681 0.83925 -97.039 -24.1406 
-0.174533 0.341037 0.383999 1.5708 -0.174533 0.34891 0.348745 0.0894471 1.5708 -0.224867 0.457193 0.0576498 -0.10478 0.33237 0 0.823248 -0.174533 0.157724 0.608681 0.756838 -4.00472 295.358 -34.559 -0.0484958 0.197542 0.00724035 0.83925 -97.039 -24.1406 
-0.174533 0.345872 0.340618 1.5708 -0.174533 0.349066 0.0826721 0.0338773 1.56351 -0.265393 0.589261 1.79993e-005 -0.148467 0.334364 0 0.555651 -0.174533 0.0178181 0.367196 0.638062 -5.20888 292.261 -38.4157 -0.0371819 0.125569 0.0103236 0.83925 -97.039 -24.1406 
-0.168962 0.34645 0.366399 1.5708 -0.174533 0.349066 0.132794 0.0538758 1.5708 -0.266342 0.720329 0 -0.173561 0.342289 0.00263007 0.603406 -0.174533 -0.0685756 0.491692 0.656145 -5.38994 293.765 -36.527 0.0177132 0.102491 0.0297537 0.83925 -97.039 -24.1406 
-0.0205079 0.349066 0.339049 1.5708 -0.173585 0.338746 0.0777324 0 1.55559 -0.256553 1.15874 0.0085852 -0.174533 0.187102 0 0.534875 -0.14712 -0.16337 0.628321 0.450615 -4.29318 293.921 -36.5772 0.00995097 0.127592 0.0381737 0.83925 -97.039 -24.1406 
-0.037901 0.348878 0.349229 1.56937 -0.174084 0.345751 0.0623617 0.0332089 1.56101 -0.275852 1.25274 0.0250881 -0.171254 0.186368 0 0.434342 -0.0951831 -0.182706 0.51705 0.283753 -3.98874 293.261 -36.8311 -0.00413167 0.0751542 0.0466936 0.83925 -97.039 -24.1406 
0.0310277 0.349066 0.212498 1.5708 -0.174533 0.34895 0 0 1.5708 -0.255191 1.6732 0.0551556 -0.174533 0.216448 0 0.467414 -0.174533 -0.119047 0.534988 0.335208 -4.91211 293.431 -36.4877 0.0115891 0.071145 0.022025 0.83925 -97.039 -24.1406 
0.0237201 0.30187 0.337745 1.54188 -0.174533 0.349066 0.0455816 0.0597635 1.57005 -0.265394 1.65016 0.0156187 -0.167801 0.17857 0.000247178 0.557129 -0.139557 -0.153202 0.535002 0.44342 -4.30501 293.745 -36.9944 0.00197611 0.0637497 0.0536252 0.83925 -97.039 -24.1406 
-0.000349 0.30075 0.302902 1.56519 -0.173665 0.349066 0.04165 0.0482871 1.57026 -0.29193 1.6704 0.0299218 -0.172606 0.198276 0.00191548 0.505134 -0.156833 -0.162395 0.516828 0.386125 -4.43732 293.325 -36.7398 0.00236436 0.0442858 0.0514123 0.83925 -97.039 -24.1406 
-0.00254029 0.313637 0.259269 1.56729 -0.174097 0.349039 0.0225437 0.0760501 1.57045 -0.301675 1.67002 0.0186881 -0.173276 0.229629 0.00119491 0.497705 -0.157393 -0.15411 0.525961 0.302387 -4.88242 293.507 -38.0036 0.020577 0.0462792 0.0451126 0.83925 -97.039 -24.1406 
0.119372 0.319368 0.281866 1.5708 -0.174533 0.349066 0.0136224 0.0892963 1.45066 -0.348762 1.70715 0 -0.174533 0.232767 0.0089017 0.376754 -0.0927301 -0.190066 0.43955 0.239491 -6.0647 292.407 -38.2059 -0.019093 0.0172155 0.0639808 0.83925 -97.039 -24.1406 
0.0541646 0.32315 0.320935 1.5708 -0.174533 0.349066 0 0.127411 1.44421 -0.349066 1.69496 0 -0.174533 0.257107 0.000720003 0.356452 0.0188002 -0.201063 0.31733 0.33038 -5.83516 293.97 -36.3783 0.00956101 0.0347295 0.080361 0.83925 -97.039 -24.1406 
-0.00935602 0.306945 0.350617 1.57064 -0.17355 0.348956 0.0021061 0.0847774 1.47456 -0.348883 1.70381 6.32895e-005 -0.174533 0.274144 0.000487187 0.308116 0.0366585 -0.180444 0.30457 0.363445 -6.50772 293.61 -35.5337 0.0210405 0.028827 0.0667693 0.83925 -97.039 -24.1406 
-0.0142056 0.334219 0.296252 1.5708 -0.174533 0.349066 0.0017369 0.0298105 1.53434 -0.348979 1.67707 0.00022277 -0.174533 0.286856 0.00240605 0.268822 0.0271786 -0.185519 0.246375 0.303291 -5.53318 292.88 -37.2621 0.0242245 0.0457063 0.0598187 0.83925 -97.039 -24.1406 
