0.418389 0.212607 0 0 -0.174533 0.0576298 0 0 -0.0853612 0.189061 0 0 0.120124 0.150043 0 0 0.125551 -0.349066 0 0 -4.33021 244.332 -29.5271 16.715 -4.01942 -0.446589 -6.33311 -99.083 -11.9383 
0.356858 0.276249 0.500067 0 -0.00313592 0.0999105 0.993279 0.293493 1.5708 -0.265001 0.285093 1.44381 0.0214715 -0.148949 1.0835 0.509096 -0.174533 -0.349066 0 0.710344 -8.0314 283.082 -62.6007 263.778 594.719 3150.21 -6.33311 -99.083 -11.9383 
0.0994602 0.256793 0.376034 0.0880775 0.0647326 0.349066 0.372042 0.00194281 0.0528915 0.0978979 0.0138607 0 0.26583 -0.0427251 0 0 0.395005 -0.349066 0 0 -5.61296 267.879 -56.4716 263.915 594.304 3150.52 -6.33311 -99.083 -11.9383 
0.0545247 0.222413 0.420387 0.0267436 0.162207 0.349066 0.0957463 0.0214105 0.0654545 0.141455 0.0104991 0 0.115064 -0.0111091 0 0 0.381829 -0.349066 0.0136824 0 -5.56884 267.823 -57.1534 263.914 594.295 3150.52 -6.33311 -99.083 -11.9383 
0.0426363 0.131781 0.25582 0.164159 0.16645 0.349066 0.0128407 0.0175174 0.0409669 0.115239 0.0137287 0.00187649 0.134745 -0.0681583 0.000510034 0.060394 0.362006 -0.349066 0.00440489 0 -1.35922 268.337 -61.6875 263.991 594.268 3150.56 -6.33311 -99.083 -11.9383 
0.219082 0.137511 0.227137 0 0.157456 0.349066 0.00633138 0 0.0417888 0.103841 0.0710812 0 0.162664 -0.0563339 0 0 0.359028 -0.349066 0 0 -1.75535 270.255 -61.9079 263.994 594.271 3150.56 -6.33311 -99.083 -11.9383 
0.19034 0.10518 0.189284 0.0108273 0.18674 0.349066 0 0 0.0905226 0.0986264 0 0 0.179718 -0.0750262 0 0 0.406999 -0.349066 0 0.0023504 -1.51462 270.494 -62.5379 263.983 594.277 3150.56 -6.33311 -99.083 -11.9383 
0.195834 0.0858207 0.199809 0.0116493 0.184053 0.349066 0 0.00792263 0.0911044 0.0991437 0 0 0.190274 -0.0745466 0 0 0.407274 -0.349066 0 0.0023092 -1.50969 270.506 -62.539 263.983 594.277 3150.56 -6.33311 -99.083 -11.9383 
0.195834 0.0759347 0.184137 0.00985561 0.184053 0.349066 0 0.00792263 0.0911044 0.0991437 0 0 0.190274 -0.0745466 0 0 0.407274 -0.349066 0 0.0023092 -1.50969 270.506 -62.539 263.983 594.277 3150.56 -6.33311 -99.083 -11.9383 
0.203494 0.0838337 0.111633 0.0706358 0.188619 0.349066 0 0.00314806 0.0924252 0.0906904 0 0 0.191524 -0.0722956 0 0 0.418313 -0.349066 0 0.0022678 -1.35379 270.551 -62.6562 263.985 594.284 3150.56 -6.33311 -99.083 -11.9383 
0.196306 0.0387532 0.12131 0 0.186952 0.349066 0 0.00247867 0.0948287 0.0974824 0 0.000702604 0.201274 -0.0772867 0 0 0.396769 -0.349066 0 0.00231914 -1.44271 270.27 -62.7169 263.979 594.283 3150.56 -6.33311 -99.083 -11.9383 
0.256397 0.00293013 0.0120524 0 0.18723 0.346453 0.0177132 0.000329718 0.077209 0.0848119 0.073677 0 0.180031 -0.0797218 0 0.018899 0.353606 -0.349066 0 0.0078418 -0.787452 270.307 -63.6486 263.977 594.252 3150.55 -6.33311 -99.083 -11.9383 
0.268371 0.0106646 0 0.0127286 0.187227 0.348946 0.000810194 0.000329718 0.0931315 0.104404 0 0 0.187017 -0.0576567 0 0.00378581 0.36796 -0.349066 0 0.00784292 -0.787439 270.307 -63.6486 263.977 594.252 3150.55 -6.33311 -99.083 -11.9383 
0.268371 0.0119046 0.010576 0.00975686 0.203715 0.348946 0.000810194 0.000329718 0.0931315 0.104404 0 0 0.193132 -0.0493696 0 0.00378581 0.386699 -0.349066 0.000230279 0.00784292 -0.787439 270.307 -63.6486 263.977 594.252 3150.55 -6.33311 -99.083 -11.9383 
0.270016 0.0131994 0.0153651 0.0291888 0.218134 0.348947 0.000219774 0.000328734 0.0921557 0.102662 0.0435088 0.000693819 0.205389 -0.0586217 0 0.0065561 0.383005 -0.349066 0 0.00811167 -0.767668 270.293 -63.6402 263.978 594.251 3150.55 -6.33311 -99.083 -11.9383 
0.270016 0.0131994 0.0153651 0.0924648 0.218134 0.348947 0.000219774 0.000328734 0.105439 0.102662 0.065619 0.000693819 0.200334 -0.00477109 0 0.0065561 0.383005 -0.349066 0 0.00811167 -0.767668 270.293 -63.6402 263.978 594.251 3150.55 -6.33311 -99.083 -11.9383 
0.260157 0.000801723 0.0169204 0.233939 0.218177 0.348955 0.00521854 0.000327384 0.110312 0.101565 0.0829415 0.00109749 0.194063 0.00345485 0.0877327 0.00577254 0.32755 -0.349066 0.00063437 0 -0.707536 270.3 -63.631 263.978 594.251 3150.56 -6.33311 -99.083 -11.9383 
0.332419 -0.0637222 0 0 0.201581 0.349066 0.0538092 0.346849 1.20411 -0.131247 0.258225 0 0.125842 0.218018 0.230087 0.203093 0.288564 -0.264351 0.0225802 0.164762 -1.31521 271.113 -64.667 263.936 594.327 3150.54 -6.33311 -99.083 -11.9383 
0.205876 -0.0570969 0.023059 0.369837 0.0874604 0.331233 0.239834 1.01232 1.25746 -0.106001 0.100055 0 0.115546 0.278385 0.188109 1.19784 0.213004 -0.188591 0.36986 0.475325 -0.193836 269.568 -65.1616 263.928 594.303 3150.56 -6.33311 -99.083 -11.9383 
0.233983 -0.0807816 0.0141296 0.2223 -0.0148379 0.331785 0.446789 1.44252 1.32042 -0.134539 0.048387 0 0.0441288 0.263373 0.429067 1.5708 0.115211 -0.16979 0.626009 0.705279 0.0418441 269.22 -64.6602 263.902 594.292 3150.56 -6.33311 -99.083 -11.9383 
0.294319 -0.143582 0.014883 0.333536 -0.144822 0.226762 0.813163 1.5708 1.39845 -0.129006 0.0183985 0 0.046767 0.176028 0.620752 1.5708 0.0264719 -0.349066 1.29197 0.26447 -1.1886 268.799 -62.0204 263.851 594.297 3150.63 -6.33311 -99.083 -11.9383 
0.233209 -0.133667 0.0630035 0.296454 -0.124953 0.179212 0.841956 1.50692 1.35081 -0.122646 0.0445282 0 0.103827 0.197345 0.530633 1.57077 0.0582152 -0.349066 1.33736 0.641441 -0.841779 269.008 -62.1637 263.854 594.288 3150.63 -6.33311 -99.083 -11.9383 
0.238229 -0.154607 0.0512367 0.309529 -0.130702 0.15683 1.3617 0.615317 1.34903 -0.127382 0.028319 5.37533e-006 0.181649 0.201244 0.612908 1.57066 0.0940801 -0.338603 1.34064 0.0181867 -0.773729 268.36 -62.0759 263.856 594.294 3150.64 -6.33311 -99.083 -11.9383 
0.149347 -0.20944 0.282141 0 0.313683 0.0507373 0.893726 1.35647 1.28979 -0.21293 0.0589722 1.32153e-006 0.321424 0.218601 0.703966 1.57076 0.254923 -0.181733 1.74533 0.917122 0.25957 268.705 -60.9502 263.881 594.307 3150.64 -6.33311 -99.083 -11.9383 
0.279276 -0.126391 0.234462 0.32294 0.440531 0.0679605 1.04975 1.37822 1.28432 -0.17705 0.0946266 0.00178445 0.273277 0.23146 1.13274 1.57057 0.21412 -0.121725 1.74533 1.5708 0.396107 268.948 -59.8544 263.879 594.283 3150.63 -6.33311 -99.083 -11.9383 
0.295301 -0.128595 0.231866 0.287781 0.261286 0.0631897 1.6345 1.3679 1.28033 -0.151308 0.101781 0.00171963 0.186352 0.217174 1.08961 1.57076 0.274056 -0.119713 1.52619 1.56866 0.402301 268.681 -59.8153 263.878 594.281 3150.63 -6.33311 -99.083 -11.9383 
0.594866 -0.155688 0.160892 0.0588589 0.484441 0.0548329 1.74533 1.52075 1.31288 -0.082831 0.192701 0.00740279 -0.036534 0.284696 1.25902 1.52569 0.594537 -0.0231976 1.63009 1.57001 2.85252 266.542 -60.7157 263.908 594.265 3150.63 -6.33311 -99.083 -11.9383 
0.493308 -0.160359 0.166187 0.279105 0.443345 0.160768 1.74533 1.52484 1.21266 -0.040195 0.10716 0.0498633 0.001374 0.306397 1.05731 1.5176 0.445375 -0.0063668 1.61999 1.5706 2.79563 266.959 -60.2632 263.923 594.226 3150.62 -6.33311 -99.083 -11.9383 
0.259385 -0.20944 0.340436 0.319397 0.341807 0.0760457 1.74433 1.50655 1.35624 -0.169691 0 0.0493869 0.0391269 0.328185 1.61334 1.51936 0.468928 0.348077 1.61045 1.5708 2.67036 266.244 -59.4256 263.921 594.255 3150.62 -6.33311 -99.083 -11.9383 
0.227209 -0.20944 0.329887 0.278088 0.409403 0.00664836 1.70454 1.52301 1.35717 -0.141962 0 0 0.195169 0.333627 1.72992 1.52655 0.466139 0.349005 1.69411 1.56798 0.950815 262.689 -61.1442 263.979 594.251 3150.57 -6.33311 -99.083 -11.9383 
0.0738939 -0.20788 0.332283 0.236721 0.443825 0.349066 1.5786 1.57064 1.38721 -0.0646897 0 0 0.289283 0.349066 1.74533 1.5708 0.715905 0.349066 1.74533 1.53042 3.48192 260.649 -62.7752 263.914 594.178 3150.61 -6.33311 -99.083 -11.9383 
0.102833 -0.209148 0.337612 0.497925 0.624572 0.2769 1.64126 1.5708 1.3764 -0.133486 0.027747 0 0.190404 0.340506 1.74533 1.56915 0.716238 0.349066 1.70628 1.54304 5.32342 258.88 -64.6353 264.065 594.214 3150.63 -6.33311 -99.083 -11.9383 
0.0905899 -0.191982 0.312151 0.435469 0.721311 0.292571 1.74533 1.5708 1.34054 -0.0836307 0.0177026 0 0.4637 0.349066 1.74533 1.57058 1.01279 0.344481 1.68591 1.56972 5.03572 256.235 -62.7488 263.967 594.284 3150.66 -6.33311 -99.083 -11.9383 
0.0557954 -0.204709 0.265003 0.501573 0.780436 0.337619 1.7374 1.5708 1.2946 -0.102345 0.0239997 0 1.4107 0.349066 1.74533 1.56314 1.5708 0.349066 1.69831 1.5708 7.99231 255.29 -59.2706 264.015 594.38 3150.66 -6.33311 -99.083 -11.9383 
0.175131 -0.20944 0.314251 0.453424 0.713804 0.298669 1.72266 1.56698 1.23155 -0.11617 0 0 1.5708 -0.0913243 1.74106 1.55188 1.5708 0.349066 1.72641 1.04133 7.95363 255.404 -60.136 350.496 595.141 3135.83 -6.33311 -99.083 -11.9383 
-0.0930923 -0.206124 0.413307 0.145081 0.721741 0.346362 1.73708 1.51443 1.28872 -0.161815 0.0347795 0.0771112 1.5708 0.0788545 1.74304 1.56497 1.5708 0.3456 1.73276 1.02 8.81308 256.03 -58.2426 350.551 595.157 3135.82 -6.33311 -99.083 -11.9383 
-0.132449 -0.208938 0.383794 0.455882 0.714581 0.120493 1.724 1.52281 1.31102 -0.139296 0.00549391 0.01502 1.5708 0.204907 1.7445 1.55945 1.56119 0.347014 1.74006 0.988094 9.96318 256.531 -57.748 350.557 595.159 3135.83 -6.33311 -99.083 -11.9383 
-0.174533 -0.20944 0.255718 0.484328 0.392813 0.13802 1.70753 1.1979 1.40004 -0.142901 0 0 1.56614 0.247613 1.67194 1.53348 1.52853 0.282408 1.74066 0.927538 11.2656 257.196 -55.9518 339.33 597.438 3361.4 -6.33311 -99.083 -11.9383 
-0.152892 -0.208155 0.573728 0.453606 0.743719 0.00225372 1.7412 1.33414 1.30926 -0.147539 0.0581905 0.125592 1.56548 0.338338 1.60959 1.47125 1.39745 0.315186 1.74501 1.03476 6.52913 256.768 -58.6778 339.295 597.436 3361.45 -6.33311 -99.083 -11.9383 
-0.174533 -0.209323 0.516853 0.255015 0.538328 -0.0944718 1.74486 1.41608 1.30313 -0.147887 0.0524611 0 1.56664 0.346039 1.66598 1.52172 1.47827 0.347955 1.74533 1.20386 8.01153 253.698 -56.2261 339.314 597.472 3361.55 -6.33311 -99.083 -11.9383 
-0.174533 -0.20944 1.00739 0 0.643219 0.190412 1.74533 1.50887 1.12653 -0.169692 0.0798853 0 1.5708 0.349066 1.72951 1.56609 1.49383 0.349066 1.74533 1.12531 7.27474 255.601 -55.5608 5271.01 586.551 3287.66 -6.33311 -99.083 -11.9383 
-0.156678 -0.20944 0.351184 0.279275 -0.174533 0.349066 1.73582 1.33909 0.869272 -0.225845 0 0 1.5708 0.281066 1.68622 1.14895 1.41375 0.22725 1.74533 0.948827 7.75949 253.021 -50.5635 5270.79 586.533 3287.86 -6.33311 -99.083 -11.9383 
-0.168634 -0.20944 0.135322 0.397738 -0.174533 0.349066 1.73647 1.3419 0.861608 -0.227691 0.00752372 0.0901718 1.5708 0.277448 1.69021 1.14397 1.42233 0.230898 1.74533 0.943256 8.00372 252.994 -50.6979 5270.79 586.543 3287.86 -6.33311 -99.083 -11.9383 
-0.17173 -0.20944 0.108153 0.159651 -0.174533 -0.312001 1.73657 1.32063 0.923678 -0.223636 0.0263141 0.00142577 1.5708 0.291759 1.72517 0.913595 1.44151 0.206831 1.74533 0.922879 8.67322 252.518 -50.6272 5270.74 586.539 3287.84 -6.33311 -99.083 -11.9383 
-0.174533 -0.20944 0.0335826 0.574999 -0.174533 -0.337134 1.74506 1.32547 0.976456 -0.134325 0.00773557 0 1.5708 0.286272 1.66983 0.734287 1.39848 0.258005 1.74533 0.923044 6.89926 252.195 -50.9331 5270.67 586.446 3287.73 -6.33311 -99.083 -11.9383 
-0.174533 -0.183709 0 0.698951 -0.174533 -0.161084 1.74529 1.42665 1.0939 -0.203915 0 0.032385 -0.174533 0.312338 1.7051 1.29451 1.56755 0.310708 1.74452 0.877604 6.0978 254.947 -46.7738 5270.72 586.434 3287.72 -6.33311 -99.083 -11.9383 
-0.0931544 -0.206084 0.0335849 0.0857443 -0.174533 -0.224695 1.74533 1.24025 0.948751 -0.218339 0.0251068 0.260049 -0.174533 0.0288597 1.73877 1.45819 1.24696 0.274056 1.74531 0.914995 5.83575 260.537 -49.8721 5270.87 586.447 3287.53 -6.33311 -99.083 -11.9383 
-0.070741 -0.205805 0 0.22625 -0.174533 -0.0169301 1.74533 1.2322 0.943567 -0.249977 0.00863363 0.0256373 -0.174533 -0.0361215 1.74533 1.5708 -0.136071 0.276664 1.74532 0.936558 5.88758 260.966 -49.2962 5270.89 586.457 3287.54 -6.33311 -99.083 -11.9383 
0.196489 -0.182676 0.00930039 0 -0.174533 -0.0782532 1.74533 1.5708 1.0329 -0.255192 0 0 -0.174533 0.345771 1.71457 1.56991 -0.174533 0.333417 1.13751 1.39221 2.78817 261.229 -48.9248 5270.81 584.886 3287.54 -6.33311 -99.083 -11.9383 
0.161727 -0.0476804 0.0534092 0.0390826 -0.174533 0.06071 1.74533 1.29983 1.20621 -0.16689 0.0312336 0.0250912 -0.172234 0.349066 1.1119 1.5708 -0.104074 0.349066 1.67107 1.25582 3.20886 262.347 -47.6961 5270.72 585.002 3287.52 -6.33311 -99.083 -11.9383 
0.124353 -0.0918419 0.0873177 0.109895 -0.120503 0.00424351 0.984898 1.50866 1.21643 -0.162598 0.0579156 0 -0.173557 0.349066 0.68659 1.57019 0.124029 0.305535 0 0.813054 3.18954 263.986 -47.8077 5270.72 585.087 3287.52 -6.33311 -99.083 -11.9383 
-0.0427311 0.0150089 0.248058 0.102934 -0.174054 0.09143 1.07335 1.47149 1.10742 -0.0456972 0.0129835 0 -0.137273 0.349066 0.310087 1.56748 0.0901952 0.349066 0.00175653 0.708127 4.45059 265.185 -51.6074 5270.62 585.04 3287.57 -6.33311 -99.083 -11.9383 
0.0773635 -0.0227809 0.20508 0.0503724 -0.173952 0.105134 1.06423 1.46652 1.05919 -0.0454374 0.135269 0 -0.0989097 0.305147 0.235643 1.5708 0.0808794 0.349066 0 0.779261 4.53665 265.123 -51.6455 5270.62 585.041 3287.57 -6.33311 -99.083 -11.9383 
0.126036 0.0679938 0.200177 0.0499081 -0.174533 0.141041 0.643544 0.26128 -0.174533 -0.0143832 0.602833 0.337654 -0.0765788 -0.0614354 0.0948257 1.5708 -0.174533 -0.349066 0.998453 0.68146 8.17204 270.004 -53.2073 5270.71 585.376 3287.43 -6.33311 -99.083 -11.9383 
0.278629 -0.0544357 0 0.0206774 -0.174533 0.172307 0.646762 0 -0.174533 -0.0174327 0.385166 0.529747 -0.0522343 -0.126665 0.117666 1.5708 -0.0100536 -0.348945 0.617367 0.448586 8.52181 269.582 -54.41 5270.72 585.335 3287.41 -6.33311 -99.083 -11.9383 
0.294704 -0.0118507 0 0.117859 -0.174533 0.175745 0.519247 0.162738 -0.174533 -0.0422672 0.383068 0.0113826 -0.0688763 -0.191089 0.115133 0.606198 -0.0465095 -0.349066 0.763414 0.0164441 8.7957 269.499 -54.0144 5270.72 585.374 3287.41 -6.33311 -99.083 -11.9383 
0.2441 0.0421218 0.0619923 0.079644 -0.174533 0.223592 0.415184 0.024628 -0.145215 -0.0300977 0.18947 0.00692137 -0.0472497 -0.150435 0 0.265825 -0.115777 -0.349066 0.639521 0 11.9692 268.315 -55.8793 5270.69 585.386 3287.39 -6.33311 -99.083 -11.9383 
0.272596 0.0472644 0.0925268 0.0894848 -0.125446 0.23688 0.348432 0.0292007 -0.174533 -0.0128377 0.100234 0.268852 -0.0429297 -0.150546 0.00219653 0.248736 -0.0255728 -0.348521 0.577318 0 11.9422 268.486 -55.8524 5270.69 585.383 3287.39 -6.33311 -99.083 -11.9383 
0.273415 0.0420267 0.0586618 0.125303 -0.156702 0.278976 0.439423 0 -0.173555 0.00751147 0.165216 0.105331 -0.0900697 -0.166163 0 0.241904 -0.10108 -0.34906 0.50931 0 12.5058 268.065 -57.4234 5270.68 585.386 3287.36 -6.33311 -99.083 -11.9383 
0.310984 0.0435704 0.0186822 0.0408357 -0.0906313 0.283325 0.177581 0 -0.174533 -0.0008419 0.182811 0.0267995 -0.0721576 -0.13628 0 0.0962917 0.0958403 -0.349066 0.200413 0 13.4753 268.174 -57.9726 5270.68 585.366 3287.35 -6.33311 -99.083 -11.9383 
0.36886 0.109237 0.0496918 0 0.0337041 0.349066 0.00596959 0 -0.174533 0.0753386 0.298285 0 0.0146051 -0.115255 0.0112302 0.05916 0.109117 -0.349066 0.0900408 0.0803949 16.1762 269.497 -58.6409 5270.66 585.1 3287.32 -6.33311 -99.083 -11.9383 
0.353794 0.114411 0.0686436 0.00709554 0.0498403 0.349066 0.0455869 0 -0.156506 0.0457674 0.177757 0.00034697 -0.000716154 -0.111768 0.0980143 0.0388234 0.36487 -0.349066 0.0345746 0 16.4851 269.785 -58.8679 5270.64 585.149 3287.33 -6.33311 -99.083 -11.9383 
0.366673 0.135556 0.0512911 0.134269 0.0784721 0.349066 0.00776207 0 -0.0782103 0.0215556 0.0214582 0.0826663 0.0274455 -0.162842 0.0758176 0.0344257 0.366669 -0.349066 0.00534801 0 15.9843 270.186 -58.9245 5270.63 585.176 3287.34 -6.33311 -99.083 -11.9383 
0.360374 0.152648 0.0920893 0.07557 0.054266 0.347769 0.00827776 0.0331533 -0.0661729 0.0249905 0 0 0.0459927 -0.214953 0.016824 0 0.417481 -0.349066 0 0 15.9254 270.205 -58.9806 5270.62 585.175 3287.34 -6.33311 -99.083 -11.9383 
0.401446 0.123708 0.0368776 0.0071991 0.076517 0.349066 0.0299318 0.00170383 -0.0732932 0.0153093 0.100801 0 0.108774 -0.191827 0 0 0.418885 -0.349066 0 0 15.7989 270.232 -59.4716 5270.63 584.922 3287.35 -6.33311 -99.083 -11.9383 
0.433254 0.136084 0.0129184 0.0104279 0.0970436 0.342901 0.0170833 0 -0.00839111 0.0154075 0.0399806 0 0.0600379 -0.186791 0.0204214 0 0.469521 -0.349066 0 0 15.7861 270.241 -59.488 5270.63 584.922 3287.35 -6.33311 -99.083 -11.9383 
0.460388 0.123667 0.0166622 0.00914047 0.0984884 0.346087 0.0206465 0 -0.0235186 0.0111312 0.0394458 0 0.122066 -0.175112 0.00125315 0 0.467589 -0.349066 0 0 16.0009 270.356 -59.5785 5270.63 584.924 3287.35 -6.33311 -99.083 -11.9383 
0.473219 0.113379 0 0.0112521 0.111957 0.338808 0.0137715 0 0.02239 0.0386145 0.00377424 0 0.135628 -0.1759 0.000202835 0 0.514532 -0.349066 0 0 16.0914 270.296 -60.0259 5270.63 584.919 3287.32 -6.33311 -99.083 -11.9383 
