0.240814 0.0438914 0 0 -0.174476 0.270247 0.000574905 0 -0.162868 -0.0361792 0.00352463 0 0.0962642 -0.232595 0 0 0.474566 -0.349066 0 0.0161971 -11.1004 305.972 -51.6945 0.0224977 0.0221059 0.228706 13.2436 -95.942 -24.8945 
0.286964 0.0347851 0 0 -0.174533 0.261957 0.000570429 0 -0.160848 -0.0481754 0 0 0.084708 -0.195626 0 0.0108917 0.484023 -0.349066 0.0029472 0.0056878 -11.3474 306.107 -52.3984 0.0119221 0.024816 0.216644 13.2436 -95.942 -24.8945 
0.291948 0.0563472 0 0 -0.174533 0.278317 0 0 -0.152215 -0.00292644 0 0 0.0919581 -0.175426 0 0 0.521565 -0.346531 0.00170052 0.00248269 -10.6971 306.144 -53.0682 0.00863083 0.0221772 0.205906 13.2436 -95.942 -24.8945 
0.273329 0.0563853 0 0 -0.174533 0.333448 0 0 -0.159173 0.00296351 0.00393047 0 0.10403 -0.0903095 0 0 0.451312 -0.332358 0 0.000377299 -9.91442 305.674 -54.5592 0.00865843 0.0339619 0.173686 13.2436 -95.942 -24.8945 
0.269733 0.0391858 0 0 -0.174533 0.31073 0 0 -0.170962 0.0204402 0 0 0.0705141 -0.128924 0 0 0.429529 -0.308417 0.0169672 4.50911e-005 -9.49254 305.386 -57.1543 0.0178173 0.0169242 0.182044 13.2436 -95.942 -24.8945 
0.239784 0.0659694 0 0 -0.174533 0.346117 0 0 -0.174533 0.0659849 0 0 0.0926044 -0.0844833 0 0 0.442972 -0.243573 0 0 -8.29865 305.23 -55.7788 0.00694017 0.0134241 0.165035 13.2436 -95.942 -24.8945 
0.284851 0.060452 0 0 -0.174533 0.349066 0 0 -0.163203 0.0442438 0.0144698 0 0.104099 -0.0856187 0 0 0.453188 -0.259336 0.00262039 0 -8.63629 305.669 -55.4466 0.00751313 0.0026492 0.160325 13.2436 -95.942 -24.8945 
0.305773 0.0605454 0 0 -0.174533 0.349066 0 0 -0.161348 0.0491535 0.011949 0 0.129669 -0.0873308 0.0141066 0.0464738 0.437065 -0.247961 0.0816827 0 -8.1734 306.819 -55.9497 0.00783199 0.00864872 0.167465 13.2436 -95.942 -24.8945 
0.308069 0.0577242 0.00651958 0 -0.174533 0.348851 4.59155e-005 0 -0.163732 0.057766 0.00766826 0 0.143675 -0.0754655 0.0275351 0.0453761 0.475812 -0.24544 0 0.001119 -8.12784 307.037 -55.7278 0.0118056 0.0113213 0.16815 13.2436 -95.942 -24.8945 
0.319001 0.0625219 0 0 -0.174533 0.349066 5.07896e-005 0 -0.165498 0.0585473 0.00945713 0 0.134518 -0.0676142 0.143356 0.00749415 0.492893 -0.190776 0.0696172 0.00120021 -8.13744 307.036 -55.727 0.0124767 0.0130339 0.16785 13.2436 -95.942 -24.8945 
0.272186 0.0655966 0 0 -0.174533 0.349066 0 0 -0.165343 0.066042 0.00840308 0 0.178234 -0.0699912 0.157956 0.00736027 0.541931 -0.187531 0.0238919 0.000564374 -8.16178 307.021 -55.7579 0.010254 0.0143176 0.16719 13.2436 -95.942 -24.8945 
0.306415 0.0599138 0.00117929 0 -0.174533 0.349066 0 0 -0.160107 0.0504987 0.00692319 0 0.235616 -0.0427971 0.104582 0 0.563946 -0.171071 0.0190727 0.0384749 -8.18202 308.092 -55.8397 0.01417 0.0149104 0.173766 13.2436 -95.942 -24.8945 
0.296585 0.0572508 0 0 -0.174533 0.349066 0 0 -0.174533 0.0691528 0.0151083 0.010589 0.304327 -0.020383 0.0332886 0.0911698 0.580125 -0.121258 0 0.0451341 -8.10041 308.619 -56.5037 0.0272223 0.0181382 0.170504 13.2436 -95.942 -24.8945 
0.300542 0.064103 0 0 -0.174533 0.349066 0 0 -0.17328 0.0686303 0.052468 0.00673036 0.335129 0.0706513 0.0658876 0.339644 0.607327 -0.0336808 0.002494 0.0292982 -8.13444 309.265 -56.4617 0.0288484 0.019124 0.168662 13.2436 -95.942 -24.8945 
0.351434 0.0714257 0 0 -0.174533 0.349066 0 0 -0.174533 0.104099 0.0502549 0.00606111 0.341874 0.0993856 0.214298 0.700439 0.58915 0.0496337 0.0372295 0.0706516 -8.06611 309.214 -56.4458 0.0290084 0.0206689 0.169779 13.2436 -95.942 -24.8945 
0.364827 0.0887186 0.0211017 0 -0.174533 0.349066 0.000144678 0 -0.174533 0.185322 0.055406 0.000619958 0.515263 0.150196 0.359584 0.27976 0.379107 0.161191 0.0821806 0.58681 -12.9741 306.731 -56.9833 0.0274045 -0.025169 0.0891491 13.2436 -95.942 -24.8945 
0.364745 0.0506594 0 0 -0.174533 0.349066 9.22113e-005 0 -0.168126 0.20752 0.0705297 0.0020091 0.419876 0.129446 0.404186 0.0776568 0.918432 0.1121 0.138128 1.17829 -12.5754 307.182 -57.3421 0.0322145 -0.021095 0.0905712 13.2436 -95.942 -24.8945 
0.405896 0.136158 0.0565832 0 -0.174533 0.349066 0 0 -0.147402 0.220649 0.00781851 0.000658681 0.4859 0.13653 0.599038 0.0876044 0.63957 0.312099 0.0738337 0.981708 -12.9328 306.371 -57.0116 0.0306151 -0.0283141 0.0901352 13.2436 -95.942 -24.8945 
0.464751 0.0479233 0 0 -0.174533 0.349066 0 0 -0.110373 0.144166 0.0243975 0.000565332 0.369083 0.163739 0.31773 1.5708 0.671726 0.334937 0.0132041 0 -13.8554 307.005 -58.195 0.0291532 -0.0160848 0.109202 13.2436 -95.942 -24.8945 
0.499413 -0.0120796 0 0 -0.174533 0.349066 0 0 -0.149937 0.0576766 0.0175882 0.00791804 0.425016 0.153821 0.418486 1.5708 0.723311 0.221723 0.214552 0.112396 -13.5102 308.346 -58.2595 0.0345324 -0.0220221 0.137502 13.2436 -95.942 -24.8945 
0.550396 -0.0224646 0.00505732 0.00170646 -0.174533 0.349066 0 0.00512631 -0.133413 0.0713929 0.0443553 0.00682917 0.545621 0.160834 0.16205 1.57067 0.802247 0.29622 0.169986 0 -12.7378 308.981 -58.9269 0.0339252 -0.0305736 0.142343 13.2436 -95.942 -24.8945 
0.582484 -0.0230788 0 0 -0.174533 0.349066 0 0.00500724 -0.135877 0.0950372 0 0.0306598 0.588512 0.156102 0 1.5707 0.839816 0.30061 0.189011 0 -12.9805 309.152 -58.8322 0.039533 -0.018101 0.13437 13.2436 -95.942 -24.8945 
0.73628 -0.0760622 0.000220829 0 -0.174533 0.349066 0.00057811 0.00108228 -0.134636 0.100198 0.0251743 0.0246663 0.586476 0.166464 0 1.57075 1.00646 0.349066 0 1.5708 -12.9535 309.124 -58.8456 0.0354848 -0.0213897 0.136185 13.2436 -95.942 -24.8945 
0.856418 -0.107342 0 0 -0.174533 0.349066 0.000436443 0 -0.14084 0.088893 0.0191504 0.0442168 1.062 0.145164 0.0699846 0.233107 0.364369 0.349066 0.098768 0.0104434 -12.9166 308.843 -58.8776 0.0408253 -0.0308538 0.134044 13.2436 -95.942 -24.8945 
0.85168 -0.160432 0 0.0469807 -0.174533 0.349066 0 0.00261302 -0.0744956 0.101652 0 0.00823103 1.05651 0.02406 0.132671 0.0954531 0.455211 0.349066 0.133575 0.00381979 -12.6474 308.611 -59.1254 0.0480197 -0.0623924 0.136088 13.2436 -95.942 -24.8945 
0.915955 -0.161816 0.00963807 0.0296159 -0.174533 0.349066 0.00370823 0.00426076 -0.0804606 0.103981 0 0 1.10288 0.123349 0.155396 0.0221088 0.484479 0.349066 0 0.126504 -10.5736 308.842 -59.5359 0.0397346 -0.0459922 0.14546 13.2436 -95.942 -24.8945 
0.922285 -0.170605 0.0162739 0.236373 -0.174533 0.349066 0 0 -0.174533 0.0529908 0.000559757 0.147647 1.12203 0.131755 0.395314 0 0.44309 0.34843 0 0 -8.58438 308.768 -58.9727 0.0839421 -0.0911634 0.197357 13.2436 -95.942 -24.8945 
0.90456 -0.128949 0.173504 0.369441 -0.174533 0.349066 0 0 -0.174533 0.0533105 0.000633595 0.128835 1.04789 0.0928675 0.0943332 0 0.435348 0.348936 0.0430913 0 -8.5111 308.694 -58.7807 0.0845385 -0.0935264 0.198553 13.2436 -95.942 -24.8945 
1.11374 -0.20771 0.165015 0.17203 -0.174533 0.336287 0 0 -0.142529 0.0326014 0 0.0432215 1.10936 -0.00749031 0.0720161 0 0.437333 0.348924 0.139976 0.00068207 -10.236 309.593 -61.3526 0.0784772 -0.140399 0.227514 13.2436 -95.942 -24.8945 
1.11423 -0.200161 0.0279245 0.810724 -0.174533 0.34371 0 0 -0.171894 0.0327639 0.00135849 0.0985625 1.08496 -0.0119734 0.0597896 0 0.365804 0.349066 0.18684 0.000515608 -9.07237 308.652 -61.3055 0.105736 -0.156826 0.233952 13.2436 -95.942 -24.8945 
1.14088 -0.204561 0.0262651 0.640966 -0.174533 0.347543 0 0 -0.173858 0.0302943 0.000436376 0.0367837 1.0785 -0.00358238 0.00805625 0.00842267 0.372001 0.349066 0.212087 0.000284828 -9.13075 308.642 -61.297 0.10536 -0.146385 0.233883 13.2436 -95.942 -24.8945 
1.13319 -0.200625 0.0713023 0.664636 -0.174533 0.349066 0 0 -0.174299 0.0140648 0 0.00819556 1.0562 -0.0425553 0.00175271 0.00156257 0.333123 0.349066 0.140415 0 -8.57323 308.581 -60.8842 0.132376 -0.174318 0.232437 13.2436 -95.942 -24.8945 
1.14331 -0.201303 0.0464217 0.784256 -0.174533 0.347803 0 0 -0.174533 0.0420342 0 0.0114885 1.08308 0.0285987 0.0429412 0.00434225 0.330012 0.348465 0.192999 0.00251875 -8.35706 308.333 -60.69 0.130804 -0.175208 0.231259 13.2436 -95.942 -24.8945 
1.10209 -0.201865 0.0552506 0.79233 -0.174533 0.347519 0 0 -0.174533 0.0321371 0 0.0115711 1.07024 0.0277458 0.0276699 0.00402726 0.347298 0.348466 0.170865 0.00393402 -8.41739 308.278 -60.7725 0.129943 -0.175614 0.231184 13.2436 -95.942 -24.8945 
1.10102 -0.202053 0.057862 0.818221 -0.174533 0.341296 0 0 -0.174404 0.031343 0 0.0112255 1.08828 0.0263061 0.0269396 0.0314033 0.358062 0.348462 0.159109 0 -8.34992 308.31 -60.8303 0.130143 -0.1759 0.232253 13.2436 -95.942 -24.8945 
1.11636 -0.201342 0.0554246 0.838595 -0.174533 0.338727 0 0 -0.174533 0.0292798 0 0.0111957 1.09001 0.0251028 0.0250752 0.0302037 0.357703 0.349066 0.178536 0 -8.39997 308.344 -60.8655 0.131462 -0.173293 0.232696 13.2436 -95.942 -24.8945 
1.10379 -0.207145 0.0964319 0.781676 -0.174533 0.329128 0 0 -0.174533 0.021475 0 0 1.11726 0.0126223 0.0240746 0.0293337 0.510772 0.349066 0 0.00357238 -8.79146 308.011 -60.8899 0.143296 -0.176352 0.230277 13.2436 -95.942 -24.8945 
1.07862 -0.208544 0.0977235 0.79539 -0.174533 0.331444 0 0 -0.174533 0.0299162 0.00194468 0 1.06515 0.0151944 0.0115303 0.0273734 0.477953 0.349066 0 0 -8.745 307.891 -61.0833 0.146481 -0.178363 0.227619 13.2436 -95.942 -24.8945 
1.07489 -0.20944 0.0953371 0.789394 -0.174533 0.341764 0 0 -0.174533 0.012514 0 0 1.07521 0.000738939 0.0269206 0.0362721 0.445392 0.349066 0 0 -8.70079 307.795 -61.1262 0.147777 -0.18617 0.226908 13.2436 -95.942 -24.8945 
0.992241 -0.20944 0.0953716 0.774842 -0.174533 0.349066 0 0 -0.174533 0.0270603 0 0 1.10164 0.0307828 0.0263922 0.0399528 0.440641 0.349066 0 0 -8.64496 307.798 -61.3104 0.150301 -0.187953 0.230336 13.2436 -95.942 -24.8945 
1.0218 -0.193436 0.0160489 0.144282 -0.174533 0.349066 0.00167302 0 -0.174533 0.0884117 0 0 0.934032 0.166722 0 0.00534798 0.479595 0.347566 0 0 -8.60705 310.489 -61.2108 0.155004 -0.164004 0.180264 13.2436 -95.942 -24.8945 
0.876486 -0.194702 0.000330625 0 -0.174533 0.348975 5.45682e-005 0 -0.174533 0.0793379 0.00372956 0 0.545601 0.145082 0 0 0.709139 0.349066 0.222468 1.5708 -8.11323 310.222 -63.4163 0.129842 -0.117371 0.191733 13.2436 -95.942 -24.8945 
0.779083 -0.1592 0.000106453 0.0263758 -0.174533 0.349066 1.83291e-005 0 -0.174533 0.0777631 0.00556156 0 0.580993 0.1595 0 0 0.73714 0.349066 0 1.55168 -8.12536 310.153 -63.4256 0.129569 -0.117985 0.190903 13.2436 -95.942 -24.8945 
0.665018 -0.120929 0 0 -0.174533 0.349066 0 0 -0.174533 0.0689662 0.000144956 0 0.367995 0.142424 0.318444 1.52535 0.650645 0.311456 0.0227721 0.309114 -7.33138 310.055 -63.4592 0.121202 -0.0668253 0.196936 13.2436 -95.942 -24.8945 
0.72081 -0.0568202 0 0.000678356 -0.174533 0.347316 0.00115666 0 -0.17142 0.0873093 0 0.0205197 0.401223 0.161129 0.30038 1.54675 0.605828 0.294685 0.144726 0.120399 -9.91324 310.037 -61.3588 0.1163 -0.0881033 0.150999 13.2436 -95.942 -24.8945 
0.60976 -0.0773519 0 0.000889564 -0.174533 0.348906 0.00155878 0 -0.173364 0.111935 0 0.0292247 0.410059 0.128241 0.347891 0.697697 0.592578 0.227848 0.131861 0.116194 -9.68892 310.035 -61.4154 0.118355 -0.0888511 0.153328 13.2436 -95.942 -24.8945 
0.638647 -0.0424 0 0.00370722 -0.174533 0.349066 0 0.00740472 -0.171651 0.0237241 0.0308719 0 0.450814 0.182554 0.427057 0.654157 0.584246 0.24782 0.122824 1.5708 -8.85754 310.043 -59.619 0.0977021 -0.0563251 0.166677 13.2436 -95.942 -24.8945 
0.574366 0.0190059 0.0322981 0 -0.173916 0.349066 0 0 -0.124924 0.158901 0.0318632 0 0.492223 0.00194864 0.486678 0.918296 0.845683 0.169898 0.0110137 1.21322 -9.0726 310.734 -57.9271 0.0773214 -0.0199671 0.152179 13.2436 -95.942 -24.8945 
0.514106 0.0564862 0 0.0839299 -0.174533 0.349066 0 0 -0.1265 0.117148 0 0.17907 0.396325 0.0514322 0.00582729 0.0753101 0.718191 0.0303028 0.0130852 0 -10.2033 309.274 -57.8402 0.0695772 -0.00440629 0.138793 13.2436 -95.942 -24.8945 
0.514723 0.0604584 0 0 -0.174533 0.349066 0 0 -0.143226 0.123731 0.000251582 0.0268229 0.405903 0.042613 0.00388456 0.0699932 0.702413 0.00508642 0.00484004 0 -10.2166 309.588 -56.9556 0.0766649 -0.00415399 0.144031 13.2436 -95.942 -24.8945 
0.471664 0.0472073 0 0 -0.174533 0.349066 0 0 -0.150311 0.0993595 0.0114466 0.0306017 0.371017 0.0254184 0.0120293 0.0867276 0.660245 0.00930993 0 0 -9.75522 309.427 -57.244 0.0677674 0.00127346 0.158316 13.2436 -95.942 -24.8945 
0.45992 0.040985 0 0 -0.174533 0.349066 0 0 -0.147035 0.0879139 0.0476086 0.0226081 0.329213 -0.0299006 0.0107486 0.0909121 0.632751 -0.0999011 0 0.0962278 -10.2544 308.778 -57.2197 0.0638061 -0.00499454 0.170474 13.2436 -95.942 -24.8945 
0.434344 0.0503403 0 0 -0.174533 0.349066 0 0 -0.174533 0.070325 0.0337116 0.000181132 0.251212 -0.0495085 0.0079057 0.114586 0.602073 -0.121552 0.0183706 1.24324e-005 -9.92747 308.18 -56.6368 0.0772178 0.00424427 0.174764 13.2436 -95.942 -24.8945 
0.381429 0.0522758 0 0 -0.174533 0.349066 0 0 -0.174533 0.0713134 0.0320974 0.000351297 0.206084 -0.0500199 0 0 0.549145 -0.164912 0 0 -9.77475 308.219 -56.9371 0.0804627 0.00383088 0.162893 13.2436 -95.942 -24.8945 
0.39355 0.0518775 0 0 -0.174533 0.349066 0 0 -0.174533 0.0550951 0 0 0.147439 -0.0637434 0.0451504 0 0.488434 -0.192241 0.00340564 1.05364e-006 -9.53964 307.807 -57.1735 0.0783356 -0.00341025 0.172052 13.2436 -95.942 -24.8945 
0.387528 0.0519117 0 0 -0.174533 0.349066 0 0 -0.174533 0.0665577 0 0 0.107324 -0.0831882 0 0.0132899 0.45007 -0.219373 0.0024082 0 -9.6503 307.809 -57.1748 0.0785553 -0.00299622 0.172173 13.2436 -95.942 -24.8945 
0.403354 0.0602483 0 0 -0.174533 0.349066 0 0.0161917 -0.174533 0.052605 0.0124942 0 0.0512168 -0.0958893 0 0 0.420745 -0.26891 0.00257924 0 -9.52748 307.81 -57.5034 0.0556927 -0.00588951 0.167282 13.2436 -95.942 -24.8945 
0.396209 0.0624396 0.00259697 0 -0.174533 0.332097 0.00154492 0.000252455 -0.174533 0.0740285 0 0 -0.00195021 -0.095772 0 0.0273108 0.357306 -0.289925 0 0 -9.81781 307.453 -56.4596 0.0542461 -0.0134178 0.173498 13.2436 -95.942 -24.8945 
0.34311 0.0602828 0.0124266 0 -0.174533 0.333629 3.7102e-005 0 -0.174533 0.0495749 0.000487518 0 -0.0681539 -0.10575 0 0.016798 0.324514 -0.328624 0 0 -9.40039 307.32 -56.3666 0.0484262 -0.0258829 0.183104 13.2436 -95.942 -24.8945 
0.275854 0.0733959 0 0 -0.174533 0.331651 0 0 -0.174533 0.0579948 0.000111596 0 -0.0504176 -0.0812705 0 0 0.389583 -0.297867 0 0 -9.34912 308.62 -55.917 -0.00514785 -0.0128201 0.168182 13.2436 -95.942 -24.8945 
0.23276 0.0627352 0.000324283 0 -0.174533 0.330949 0 0 -0.174533 0.0549136 9.73278e-005 0 -0.0460252 -0.0822691 0 0 0.390629 -0.297917 0 0 -9.31724 308.591 -55.9671 -0.00572778 -0.0122343 0.169085 13.2436 -95.942 -24.8945 
0.254128 0.0620963 0 0 -0.174533 0.335254 0 0 -0.174533 0.0893217 0 0 -0.0100485 -0.0807204 0 0 0.401271 -0.285073 0 0 -9.34207 309.501 -56.1222 -0.0120813 -0.0156202 0.173585 13.2436 -95.942 -24.8945 
0.279856 0.0681627 0 0 -0.174533 0.348114 0 0 -0.174533 0.0715866 0 0 -0.0108454 -0.0812064 0 0 0.406985 -0.293247 0 0 -8.56452 309.672 -56.67 -0.0188129 -0.0295208 0.175662 13.2436 -95.942 -24.8945 
0.280048 0.0684609 0 0 -0.174533 0.348111 0 0 -0.174533 0.0691855 0 0 -0.00780558 -0.083695 0 0 0.408257 -0.293245 0 0 -8.56298 309.675 -56.6745 -0.0189092 -0.0295898 0.175686 13.2436 -95.942 -24.8945 
0.254941 0.0841229 0 0.0103046 -0.173897 0.348554 0 0 -0.174533 0.0697186 0 0 -0.00561509 -0.0848409 0 0 0.398243 -0.291237 0.00261085 0.0133017 -8.60905 309.654 -56.8157 -0.0163052 -0.0268355 0.176349 13.2436 -95.942 -24.8945 
0.286819 0.0748448 0 0 -0.174533 0.3489 0 0 -0.174533 0.0583633 0 0 0.00943462 -0.0942158 0 0 0.404522 -0.28565 0.000852282 0.0129744 -8.7452 310.057 -56.9783 -0.0140721 -0.0298888 0.183432 13.2436 -95.942 -24.8945 
