0.502237 0.272908 0 0 0.0881158 0.349066 0 0 -0.0717556 0.100726 0 0 -0.122235 0.0635159 0 0 0.120665 -0.349066 0 0 -6.29805 338.815 -66.0572 0.0701019 -0.226895 0.15975 11.8752 -98.845 -9.412 
0.455025 0.300078 0.0907911 0 -0.0564609 0.349066 0 0 -0.0917245 0.0326191 0.0488917 0 -0.159878 0.0225894 0 0.0565814 0.113867 -0.349066 0.313467 0 -5.55512 345.703 -76.4933 0.12934 -0.136413 0.184614 11.8752 -98.845 -9.412 
0.154353 0.269046 0.215674 0 -0.0470291 0.347491 0 2.64189e-005 -0.174533 0.0927837 0.0371876 0 -0.174533 0.0288835 0 0 0.0704516 -0.349066 0.2262 0 1.18623 350.204 -77.7806 0.143192 -0.034131 0.220753 11.8752 -98.845 -9.412 
0.120374 0.250401 0.249575 0 -0.105681 0.348303 0.012626 0.0204788 -0.174533 0.109532 0.0129722 0 -0.174533 -0.0109225 0.0302649 0 0.0814489 -0.341612 0.263203 0.0138684 1.97495 349.758 -78.5142 0.151962 -0.0550786 0.232344 11.8752 -98.845 -9.412 
0.106536 0.203499 0.281397 0 -0.131127 0.349066 0.0163505 0.00874687 -0.174533 0.0972502 0 0 -0.174533 -0.0181444 0.0351815 0 0.104293 -0.340126 0.219551 0.0121438 2.48539 349.847 -79.6624 0.134009 -0.0339812 0.248738 11.8752 -98.845 -9.412 
0.109828 0.189634 0.258973 0.0258172 -0.124068 0.349066 0.0310977 0.0113386 -0.174533 0.10352 0.0137138 0.0296829 -0.170403 -0.01081 0.0639469 0.023545 0.111008 -0.337236 0.230559 0.0180949 2.42055 351.161 -80.2185 0.143614 -0.0312759 0.244959 11.8752 -98.845 -9.412 
0.0951752 0.167703 0.273779 0.0159737 -0.119071 0.341732 0.0304949 0 -0.174533 0.107434 0.0568475 0.113274 -0.159418 -0.0148337 0.0503558 0.0962921 0.115034 -0.312977 0.185146 0.0340359 2.11733 350.786 -80.7684 0.122934 -0.0421078 0.247391 11.8752 -98.845 -9.412 
0.080929 0.102668 0.265792 0.0306148 -0.106634 0.349066 0.00261244 0 -0.174533 0.107082 0 0 -0.174533 0.00944563 0 0.104995 0.0927226 -0.330847 0.112619 0 2.83096 352.081 -81.0943 0.110639 -0.0266016 0.265278 11.8752 -98.845 -9.412 
0.132592 0.122133 0.345995 0 -0.101581 0.349066 0 0 -0.174533 0.115289 0.0425573 0 -0.173289 -0.0596879 0 0.215234 0.11096 -0.328172 0.155767 0 2.9525 354.544 -80.1306 0.0593622 -0.0253055 0.281357 11.8752 -98.845 -9.412 
0.130084 0.0734452 0.374311 0.0509733 -0.0675348 0.330926 0.00278372 0.0106262 -0.173688 0.11989 0.034231 0.035818 -0.17432 -0.0547323 0.00526289 0.185315 0.0819665 -0.331054 0.176249 0.029921 4.82214 355.54 -79.3953 0.0298236 -0.0357011 0.327922 11.8752 -98.845 -9.412 
0.10687 0.043889 0.388502 0.00548745 -0.025272 0.345894 0.0331591 0.0803622 -0.172848 0.120207 0.0177622 0.000168023 -0.153037 -0.0641787 0.0214737 0 0.136796 -0.333768 0.107419 0.000333816 4.75117 356.802 -78.5676 0.014337 -0.0327143 0.329753 11.8752 -98.845 -9.412 
0.155983 -0.0151036 0.425532 0.00016068 0.0106942 0.348663 0.00234191 0.0691737 -0.174533 0.0973229 0 0.000642322 -0.129669 -0.133684 0.0367073 0 0.131245 -0.308996 0.142757 0 4.74384 358.875 -80.2534 -0.0088154 -0.0415548 0.351007 11.8752 -98.845 -9.412 
0.246356 -0.0831008 0.430571 0 0.0831753 0.349066 0.00450423 0.112352 -0.174533 0.0240742 0 1.63466e-005 -0.100661 -0.155701 0 0 0.142315 -0.321844 0.087428 0 4.73083 358.758 -79.1223 -0.015277 -0.0638415 0.392607 11.8752 -98.845 -9.412 
0.309013 -0.0884144 0.454207 0.00122759 0.133262 0.348695 0.0116999 0.153971 -0.170025 0.114406 0.00286214 0 -0.102332 -0.0995702 0 0 0.0396117 -0.329174 0.143722 0 4.60597 360.491 -79.7755 0.0185992 -0.0911051 0.35939 11.8752 -98.845 -9.412 
0.377825 -0.0761574 0.521963 2.0696e-005 -0.0109945 0.349066 0.00347409 0.221126 -0.174533 0.114494 0.000107918 0.00364742 -0.0802555 -0.0512281 0.0236571 0.0492139 0.0654036 -0.34051 0.225354 0 8.16909 360.835 -84.8684 -0.0116207 -0.0211373 0.428463 11.8752 -98.845 -9.412 
0.384229 -0.0639313 0.542929 0 0.0126666 0.349066 4.7508e-005 0.199227 -0.174533 0.158976 0 0 -0.173789 -0.0712303 0.0190938 0.00235442 0.00853479 -0.349066 0.293435 0 7.80799 361.245 -85.768 0.0362996 -0.0710948 0.434865 11.8752 -98.845 -9.412 
0.904971 -0.0702549 0.528468 0 0.397577 0.349066 0 0.434275 -0.174533 0.00316572 4.90682e-005 0 -0.174384 -0.0658469 0.0335189 0.00250126 -0.00922791 -0.349066 0.322419 0 7.62197 362.207 -83.4704 0.0382444 -0.0970509 0.493139 11.8752 -98.845 -9.412 
1.05146 -0.0728958 0.510572 0 0.661184 0.349066 0 0.342424 -0.174533 0.036539 0 0 -0.174533 -0.0874581 0 0 0.0227877 -0.349066 0.304036 0 4.109 363.252 -81.6945 0.0466244 -0.0782951 0.431227 11.8752 -98.845 -9.412 
1.02584 -0.0903351 0.522645 0 0.669448 0.349066 0.00173989 0.348425 -0.174533 0.0457366 0 0.00266645 -0.174533 -0.0789132 0.000160553 0.00069589 0.0123346 -0.349066 0.297737 0.000639032 4.50024 363.587 -81.8446 0.0670455 -0.0729694 0.431588 11.8752 -98.845 -9.412 
0.988051 -0.0832656 0.502712 0 0.685107 0.349066 0 0.377368 -0.174533 0.0459308 0 0 -0.174533 -0.142438 0 0 -0.00141623 -0.349066 0.272649 0 3.45341 363.911 -81.2625 0.0375339 -0.0577315 0.438918 11.8752 -98.845 -9.412 
0.996008 -0.0902285 0.504275 0 0.710084 0.342669 0.0165741 0.383947 -0.16255 0.0462286 0.00346235 0 -0.174533 -0.150291 0 0.00556365 0.00217372 -0.344438 0.281616 0 3.42058 363.39 -81.1614 0.0344388 -0.0551172 0.436821 11.8752 -98.845 -9.412 
0.96457 -0.131521 0.523446 0.00444529 0.724936 0.342767 0.165661 0.570554 -0.150582 0.0683432 0.052679 0.0945908 -0.129437 -0.143986 0.0138053 0.0542178 0.00193426 -0.324622 0.268171 0.0246775 1.31174 362.439 -81.4693 0.0378836 -0.0450379 0.382895 11.8752 -98.845 -9.412 
0.878349 -0.141247 0.502349 0 0.799886 0.342174 0.184672 0.646131 -0.172215 0.0543703 0.0348076 0 -0.168331 -0.162655 0.00128716 0.0376917 0.0621452 -0.330314 0.257252 0 2.026 361.969 -81.6424 0.0571421 -0.0169553 0.395038 11.8752 -98.845 -9.412 
0.905853 -0.134438 0.524586 0 0.760823 0.348909 0.158195 0.563561 -0.174262 0.0631397 0.0390888 0 -0.172482 -0.153541 0 0.0258639 0.0625353 -0.342323 0.230408 0 3.2026 363.522 -81.1155 0.0596481 -0.0453512 0.414733 11.8752 -98.845 -9.412 
0.844369 -0.141091 0.549466 0 0.779303 0.349066 0.186073 0.534132 -0.174327 0.0857364 0.0183901 0.00203483 -0.164309 -0.162097 0 0 0.0488716 -0.347994 0.217788 0.00563601 3.06735 362.586 -81.1257 0.0607227 -0.0420412 0.422282 11.8752 -98.845 -9.412 
0.678947 -0.044382 0.265792 0 0.328367 0.349066 0.134996 0.774104 -0.174533 0.0888756 0.394864 0 0.0137062 -0.086141 0 0 0.120835 -0.326098 0.356969 0.00566965 0.278154 363.984 -77.5904 0.0172833 -0.134615 0.288866 11.8752 -98.845 -9.412 
0.651855 -0.0206416 0.168391 0 0.315616 0.328406 0.091284 0.743176 -0.124105 0.104539 0.449062 0.0324458 0.00835979 -0.0981305 0 0.100698 0.0982742 -0.347976 0.429475 0.00644036 3.65496 363.186 -76.5685 -0.0154863 -0.171918 0.318611 11.8752 -98.845 -9.412 
0.67755 0.0383512 0.159339 0 0.201392 0.349066 0.0430768 0.768354 -0.11639 0.139056 0.356209 0 -0.0339654 -0.0905661 0.000764193 0.144129 0.00708128 -0.349066 0.417288 0 4.02742 360.661 -75.7268 -0.0116037 -0.163382 0.302586 11.8752 -98.845 -9.412 
0.602009 0.0207549 0.104181 0 0.0749498 0.349066 0.0581561 0.725596 -0.121915 0.108037 0.302962 0.0120286 0.0328809 -0.0571062 0.0357159 0.088131 0.0646585 -0.349066 0.360763 0 5.54555 359.276 -76.6525 -0.0332611 -0.130155 0.298643 11.8752 -98.845 -9.412 
0.576529 0.00566702 0.0147289 0 -0.0633617 0.349066 0 0.638031 -0.174533 0.101845 0.246683 0.0317037 -0.0734647 -0.0758209 0 0.086651 0.0102405 -0.349066 0.303466 0 7.36853 359.213 -75.854 0.0277975 -0.114961 0.317547 11.8752 -98.845 -9.412 
0.568939 0.0076514 0.00818604 0 -0.140284 0.349066 0 0.676602 -0.174533 0.103182 0.2082 0.0231905 -0.0769161 -0.0783325 0 0 0.0276646 -0.349066 0.306294 0 7.17433 358.318 -76.479 0.0388881 -0.113019 0.31661 11.8752 -98.845 -9.412 
0.528876 0.0073715 0.00107024 0 -0.147871 0.349066 0 0.709172 -0.174533 0.0907326 0.206454 0.0220531 -0.067375 -0.0952875 0 0 0.0330252 -0.349066 0.29019 0 7.43591 357.788 -76.7997 0.0400404 -0.120192 0.309048 11.8752 -98.845 -9.412 
0.514476 0.0168419 5.04662e-005 0 -0.174533 0.349066 0 0.703069 -0.174533 0.0755796 0.193275 0 -0.0831707 -0.0922583 0 0 0.0462978 -0.349066 0.29242 0 7.34943 357.718 -76.6163 0.0386286 -0.119992 0.30287 11.8752 -98.845 -9.412 
0.479339 0.0391915 0 0 -0.174533 0.349066 0 0.665065 -0.174533 0.0759797 0.16484 0 -0.117511 -0.0649872 0 0 0.0238154 -0.349066 0.307811 0 7.18633 356.448 -76.5059 0.0430311 -0.11593 0.29745 11.8752 -98.845 -9.412 
0.456526 0.0341708 0 0 -0.174533 0.349066 0 0.67095 -0.174533 0.0907221 0.0752477 0 -0.114229 -0.0807862 0 0 0.043386 -0.349066 0.245179 0 7.58382 356.032 -77.4385 0.0612947 -0.128801 0.30371 11.8752 -98.845 -9.412 
0.41452 0.0431739 0 0 -0.174533 0.349066 0 0.649041 -0.174533 0.100202 0.0734064 0 -0.0892086 -0.0790984 0 0 0.0529384 -0.349066 0.249324 0 6.61501 356.157 -78.1166 0.0655781 -0.12646 0.282074 11.8752 -98.845 -9.412 
0.422378 0.0566911 8.88322e-006 0 -0.174533 0.349066 0 0.665912 -0.174533 0.107869 0.0512552 0 -0.100206 -0.0630439 0 0 0.0565157 -0.349066 0.230163 1.00921e-006 7.37259 355.902 -77.3184 0.0738815 -0.141776 0.291578 11.8752 -98.845 -9.412 
0.397348 0.0423172 3.2862e-007 0 -0.174533 0.349066 0 0.654444 -0.174533 0.101178 0.0525244 0 -0.0970502 -0.060017 0 0 0.0571729 -0.349066 0.184509 0 7.64542 355.554 -77.8815 0.0888097 -0.145868 0.29238 11.8752 -98.845 -9.412 
0.363678 0.0509667 0 0 -0.174533 0.349066 3.78113e-006 0.646724 -0.174118 0.0861036 0.0483532 6.45074e-005 -0.0811933 -0.0648505 5.91137e-005 0 0.0647724 -0.349066 0.144265 0 7.73057 355.13 -77.8677 0.0897404 -0.151199 0.29718 11.8752 -98.845 -9.412 
0.364059 0.0466069 0.000825463 0 -0.173682 0.348267 0 0.645533 -0.174477 0.0891601 0.057143 3.51099e-005 -0.0787265 -0.0595629 0 0.000949729 0.0646441 -0.349066 0.14192 0 7.61655 355.192 -77.8927 0.0962563 -0.135756 0.299982 11.8752 -98.845 -9.412 
0.383725 0.035364 0.00100038 7.91246e-005 -0.173741 0.348363 0 0.655484 -0.174533 0.119113 0.0343864 0.000471343 -0.105625 -0.0633504 0 7.30011e-005 0.090266 -0.348886 0.111392 0 7.65505 354.786 -77.3284 0.0775793 -0.132136 0.296444 11.8752 -98.845 -9.412 
0.358125 0.00250197 0.136412 0.0191987 -0.163966 0.320821 0.00608378 0.462755 -0.168608 0.18049 0.120658 0.060708 -0.0552012 -0.0922081 0 0.0124593 0.0996581 -0.337042 0.160246 0.0104791 8.9755 355.189 -74.9629 0.0624128 -0.128116 0.311801 11.8752 -98.845 -9.412 
0.395616 -0.0410357 0.323472 0.0257322 -0.170755 0.321223 0.00419778 0.551422 -0.167624 0.200959 0.0915226 0.0628537 -0.0607716 -0.11087 0.120158 0.00367447 0.0285372 -0.344771 0.113057 0.0108725 6.23273 353.589 -75.8428 0.0397316 -0.0801908 0.302507 11.8752 -98.845 -9.412 
0.444614 -0.0649798 0.416367 0.0978754 -0.174533 0.349066 0 0.512094 -0.0847571 0.339505 0.0491606 0.0190688 -0.0473329 -0.0901287 0.127124 0.00509469 0.016726 -0.349066 0.115756 0.000337401 7.09802 355.439 -73.7482 0.00431874 -0.0975949 0.312648 11.8752 -98.845 -9.412 
0.461751 -0.109153 0.427141 0.177011 -0.174533 0.308274 0.0220822 0.324323 -0.0288969 0.347544 0.0509306 0.0622926 -0.101588 -0.038819 0.0880869 0.0330922 -0.0289383 -0.305484 0.295819 1.40592e-005 6.62471 358.313 -72.294 0.0102512 -0.079775 0.337341 11.8752 -98.845 -9.412 
0.508482 -0.125689 0.450462 0.265721 -0.174533 0.341891 0.0261499 0.339688 0.0472814 0.33961 0.00226953 0.168657 -0.0601124 -0.0186734 0 0 0.00333405 -0.345852 0.209768 0.00373871 8.8329 360.32 -73.0997 0.0663725 -0.0941925 0.365476 11.8752 -98.845 -9.412 
0.532943 -0.130077 0.417779 0.241796 -0.174533 0.348833 0.00566137 0.165948 0.00901856 0.345296 0 0.161902 -0.0306526 -0.0233068 0 0 -0.027828 -0.349066 0.170281 0.00168519 9.66001 361.625 -71.9029 0.0834256 -0.116234 0.390147 11.8752 -98.845 -9.412 
0.553608 -0.116038 0.42868 0.294726 -0.174533 0.344163 0.0744258 0.163688 0.0228276 0.346661 0.0103588 0.134372 0.0428081 0.0673094 0 0.0577678 -0.0644502 -0.346395 0.159935 0.0726037 10.7322 363.97 -71.1707 0.0253582 -0.075804 0.423545 11.8752 -98.845 -9.412 
0.620314 -0.12317 0.463446 0.304993 -0.174533 0.343746 3.76594e-005 0.152463 -0.00109067 0.348031 0.00422339 0.134435 0.0184124 0.0964471 0 0.0481629 -0.0759518 -0.345151 0.191192 0.0901407 10.6193 363.669 -71.8808 0.032279 -0.0808185 0.41207 11.8752 -98.845 -9.412 
0.321401 -0.146583 0.415367 0.322038 -0.0966911 0.318553 2.2442e-007 0.0579077 0.539938 0.349058 0.381768 0.418559 0.262797 0.233771 0 0.0374258 -0.011671 -0.161644 0.00387779 0.520493 3.07067 366.663 -72.7005 0.0322633 -0.0783763 0.304569 11.8752 -98.845 -9.412 
0.317086 -0.11797 0.317278 0.379123 -0.0817624 0.301869 0 0 0.658987 0.349066 0.497102 0.29697 0.0301497 0.270728 0 0 0.0134592 -0.269472 0 0.590008 10.0371 362.615 -77.1481 0.036982 -0.100031 0.362184 11.8752 -98.845 -9.412 
0.355069 -0.127255 0.338727 0.378226 -0.0695458 0.290432 0.00946264 0 0.744425 0.348126 0.450073 0.299381 0.0274496 0.275259 0 0.0120479 -0.00447227 -0.28244 0.00292223 0.620114 7.85653 363.068 -75.5316 0.0174235 -0.0992094 0.337583 11.8752 -98.845 -9.412 
0.354009 -0.130397 0.33669 0.377254 -0.0688421 0.289898 0.00758824 0 0.746561 0.349066 0.447269 0.30105 0.0255668 0.274847 0 0.0080369 -0.00428527 -0.28592 0.00262382 0.614545 7.97666 363.006 -75.5363 0.0183807 -0.0982377 0.337915 11.8752 -98.845 -9.412 
0.377675 -0.140381 0.343785 0.404949 -0.056313 0.287249 0.0383029 0.0156347 0.723914 0.347099 0.39513 0.3248 0.0134264 0.234287 0.0211033 0.00798779 0.0137779 -0.243812 0.0170401 0.585166 7.94281 363.703 -75.619 0.0333289 -0.0953941 0.347399 11.8752 -98.845 -9.412 
0.452962 -0.122286 0.444412 0.32803 -0.0233134 0.274084 0.0230891 0.0164683 0.816923 0.348553 0.295009 0.399002 0.0639996 0.206478 0.0242195 0.00337535 -0.0471866 -0.233489 0.00253705 0.563063 8.79535 362.701 -76.4454 0.0079314 -0.140427 0.371024 11.8752 -98.845 -9.412 
0.465115 -0.119774 0.450282 0.326047 -0.0162974 0.277444 0.0240587 0.0170661 0.832014 0.348911 0.279688 0.400674 0.0717932 0.202011 0.0252488 0.00391009 -0.0377042 -0.237516 0.00275765 0.589977 8.94622 362.806 -75.767 0.0112826 -0.139903 0.363782 11.8752 -98.845 -9.412 
0.530107 -0.131449 0.360267 0.31118 0.00799505 0.303022 0.0257575 0.0342408 0.973477 0.347416 0.27832 0.43007 -0.0163803 0.175465 0.035311 0.01473 -0.105502 -0.227957 0.00946556 0.451652 7.85364 360.702 -76.4197 0.0661654 -0.108954 0.335379 11.8752 -98.845 -9.412 
0.403196 -0.130714 0.263872 0.309287 -0.0730812 0.267937 0.0474881 0.0143062 1.08818 0.349066 0.241272 0.333445 -0.000933801 0.150428 0.0307809 0.00361871 -0.143979 -0.232356 0 0.48401 9.36588 360.604 -75.8001 0.0165992 -0.100536 0.298957 11.8752 -98.845 -9.412 
0.404502 -0.134706 0.311687 0.303025 -0.0528305 0.210635 0.105722 0.122163 1.12835 0.349066 0.334389 0.321297 -0.00651021 0.144239 0.16375 0.128575 -0.147594 -0.232843 0.0695318 0.447473 9.26194 361.998 -75.9896 0.000495369 -0.101518 0.317429 11.8752 -98.845 -9.412 
0.707955 -0.150614 0 0.295171 -0.143218 0.125629 0.236697 0.0728297 1.23059 0.349066 0.296004 0.121876 -0.0885245 0.0641437 0.168407 0.0224816 -0.161625 -0.272869 0.0512412 0.534384 7.72639 365.526 -71.8772 0.0841136 -0.235926 0.296234 11.8752 -98.845 -9.412 
0.625338 -0.133044 0 0.354058 -0.172191 0.146404 0.235121 0.0011893 1.37383 0.349066 0.224005 0.14724 -0.0998118 0.0212469 0.0819445 0.024035 -0.174514 -0.247451 0 0.597332 10.883 366.199 -73.179 0.0873118 -0.217878 0.282929 11.8752 -98.845 -9.412 
0.592788 -0.0936669 0.000371344 0.348785 -0.156491 0.173243 0.163386 0.00532239 1.35514 0.349066 0.206062 0.175597 -0.125874 0.0263919 0.110781 0.0208504 -0.142254 -0.260865 0.0475376 0.524809 10.4202 366.049 -74.531 0.046361 -0.185953 0.330132 11.8752 -98.845 -9.412 
0.585474 -0.0453181 6.59736e-005 0.218203 -0.150377 0.260695 0.112602 0.00013365 1.3626 0.349066 0.131708 0.1542 -0.165996 0.112788 0.188163 0.00203645 -0.127256 -0.2912 0.0697137 0.467785 12.0886 363.306 -70.6992 0.0215445 -0.233147 0.321493 11.8752 -98.845 -9.412 
0.540926 -0.0316502 0 0.142048 -0.168235 0.258907 0.08785 0 1.36955 0.349066 0.000452284 0.0566991 -0.170804 0.0992266 0.0997165 0.000657248 -0.167873 -0.301892 0.0744832 0.51042 13.1539 363.44 -70.5822 0.0499569 -0.236412 0.331802 11.8752 -98.845 -9.412 
0.615982 -0.0279269 0 0.0941372 -0.171023 0.255616 0.0760306 0 1.35677 0.349066 0 0.0332893 -0.174533 0.106746 0.0739588 0 -0.166354 -0.319029 0.0846331 0.480327 14.3522 362.874 -71.109 0.0397069 -0.236863 0.363157 11.8752 -98.845 -9.412 
0.59107 -0.0234485 0 0.0275476 -0.173286 0.255792 0.0447113 0 1.34465 0.349066 0 0.060002 -0.174533 0.120391 0.00296164 0 -0.168392 -0.330311 0.113965 0.503342 14.769 363.463 -71.1059 0.0432362 -0.227638 0.378262 11.8752 -98.845 -9.412 
0.598797 0.0450033 0 0 -0.174533 0.349066 0.0742668 0 1.31949 0.349066 0 0.0622454 -0.174533 0.135996 0 0 -0.174533 -0.349066 0.084359 0.590868 15.9381 363.281 -73.7323 0.0446339 -0.245766 0.362731 11.8752 -98.845 -9.412 
0.59793 0.0527962 0 0 -0.174533 0.349066 0.0556642 0 1.33286 0.285634 0 0.00420724 -0.174533 0.149299 0.00594289 0 -0.107399 -0.349066 0.0666469 0.535591 15.6125 363.22 -74.5194 0.0469669 -0.269659 0.364579 11.8752 -98.845 -9.412 
0.611034 0.064597 0 0 -0.174533 0.342831 0.0522192 0.00191486 1.30071 0.278923 0 0.00910622 -0.174533 0.148884 0 0.0183595 -0.0806754 -0.349066 0.0589586 0.501583 15.2865 363.645 -74.3386 0.0508878 -0.261152 0.351184 11.8752 -98.845 -9.412 
0.595426 0.0598343 0 0 -0.174533 0.34118 0.0540158 0.00229513 1.30713 0.250421 0 0.0104206 -0.174533 0.147528 0 0.0243981 -0.0452488 -0.349066 0.0746927 0.494407 16.0379 363.215 -74.8604 0.0531262 -0.250978 0.352374 11.8752 -98.845 -9.412 
0.572458 0.0606134 0 0 -0.174533 0.340879 0 0.000883526 1.29414 0.253096 0 0.000216255 -0.174533 0.129363 0 0 -0.0437434 -0.349066 0.0721577 0.496291 16.3352 362.979 -75.0367 0.0624143 -0.245617 0.347969 11.8752 -98.845 -9.412 
0.572162 0.06088 0 0 -0.174533 0.341148 0 0.000849344 1.29115 0.25065 0 0 -0.174533 0.132901 0 0 -0.0396783 -0.349066 0.0718646 0.492353 16.1636 362.961 -75.1888 0.0624959 -0.23784 0.340692 11.8752 -98.845 -9.412 
0.578596 0.0304909 0 0 -0.174533 0.348773 0 0 1.31545 0.258753 0 0 -0.174533 0.148057 0 0 -0.040164 -0.349066 0.0727708 0.478402 15.3464 362.419 -74.3222 0.0572232 -0.253776 0.331124 11.8752 -98.845 -9.412 
0.699939 0.0118371 0 0 -0.174533 0.349066 0 0 1.29819 0.228529 0 0 -0.174533 0.149371 0 0 -0.020213 -0.349066 0.0476914 0.467101 15.3798 363.724 -70.9936 0.0421504 -0.24699 0.353797 11.8752 -98.845 -9.412 
0.766423 -0.00599929 0.0845281 0 -0.156106 0.349066 0 0 1.31696 0.243243 0.0162999 0 -0.124788 0.132828 0.0453956 0 -0.0264056 -0.348068 0.0472862 0.421598 16.0135 365.268 -69.4466 0.033719 -0.225073 0.34345 11.8752 -98.845 -9.412 
0.898354 -0.0184948 0.0987868 0.00335225 -0.174533 0.349013 0.0125998 0 1.30185 0.19922 0.00901588 1.79711e-005 -0.142954 0.118094 0.0429707 0.000115205 -0.0533071 -0.331597 0 0.46072 16.4102 366.181 -68.3657 0.0563531 -0.215262 0.372519 11.8752 -98.845 -9.412 
1.1026 -0.105037 0.153751 0.0378941 -0.174533 0.333245 0.0926236 0 1.26636 0.213401 0.0283577 0.0252899 -0.14935 0.171702 0 0.021477 -0.0697839 -0.341122 0 0.459733 16.2496 366.127 -69.693 0.0492562 -0.222513 0.391807 11.8752 -98.845 -9.412 
1.06974 -0.19065 0.0830025 0.0457999 -0.174533 0.327812 0.0968687 0 1.21836 0.199466 0.0287079 0.050547 -0.108942 0.186899 0 0.000194284 -0.0650729 -0.32697 0 0.523313 14.9653 366.178 -70.5898 0.0608214 -0.195783 0.398531 11.8752 -98.845 -9.412 
1.0028 -0.190325 0.101456 0.0768997 -0.174533 0.308462 0.103757 0 1.27784 0.175548 0 0.00634185 -0.0910541 0.171 0 0 -0.0430814 -0.323106 0 0.518673 15.8244 366.616 -69.8185 0.0652572 -0.220203 0.408488 11.8752 -98.845 -9.412 
1.04762 -0.196973 0.115814 0.0631618 -0.174533 0.314036 0.0525228 0 1.28316 0.174541 0 0.00424246 -0.0905557 0.200879 0 0 -0.0608731 -0.334603 0 0.564376 17.3477 367.686 -70.8081 0.068115 -0.227513 0.425516 11.8752 -98.845 -9.412 
1.00226 -0.183107 0.15124 0.220724 -0.15617 0.299993 0.0408754 0.00198538 1.28362 0.138948 0.0316692 0.0330716 -0.136814 0.203415 0.00467354 0.0286594 -0.0750599 -0.250277 0.00467433 0.574569 17.9435 366.546 -69.3788 0.0424279 -0.232722 0.440829 11.8752 -98.845 -9.412 
0.989756 -0.182787 0.139265 0.21518 -0.153166 0.29684 0 0.00125261 1.28668 0.136758 0.00211965 0.0408357 -0.129717 0.209049 0.00473778 0 -0.0709749 -0.250788 0.00622546 0.567473 18.3044 366.708 -70.079 0.0499858 -0.224226 0.437469 11.8752 -98.845 -9.412 
1.00025 -0.203707 0.194724 0.229756 -0.146606 0.329515 0 0.000555396 1.30037 0.135198 0.00166047 0.0458281 -0.154764 0.20599 0.00265945 0 -0.10825 -0.246142 0.00433078 0.563724 19.3103 366.175 -70.9007 0.0590289 -0.244522 0.450442 11.8752 -98.845 -9.412 
1.03303 -0.20944 0.199919 0.206326 -0.10107 0.338506 0 0 1.21774 0.191764 0.0100545 0.0160523 -0.123897 0.212474 7.44982e-005 0.00159208 -0.0217641 -0.203305 0.00109298 0.707734 17.358 367.367 -69.5539 0.00897021 -0.175552 0.456183 11.8752 -98.845 -9.412 
1.02603 -0.208086 0.19926 0.21074 -0.0998868 0.338471 0 0 1.21089 0.190888 0.013075 0.0163151 -0.123088 0.21041 5.76749e-005 0.00161815 -0.0222538 -0.200958 0.00111088 0.707733 17.3586 367.371 -69.6395 0.00906503 -0.176978 0.453627 11.8752 -98.845 -9.412 
1.02596 -0.208402 0.175536 0.160152 -0.173229 0.339656 0.0091663 0.000395767 1.22176 0.20119 0.00617589 0.00591418 -0.161951 0.219233 0 0.013589 -0.00646662 -0.180048 0 0.71165 15.4399 365.961 -69.9552 0.0513387 -0.164629 0.441332 11.8752 -98.845 -9.412 
1.04959 -0.174069 0.17 0.21215 -0.173672 0.340192 0 0.00238147 1.21555 0.203187 0 0 -0.174533 0.169947 0 0 0.0175443 -0.221467 5.28608e-005 0.840241 14.9942 365.877 -67.5951 0.0447763 -0.181004 0.433474 11.8752 -98.845 -9.412 
1.04888 -0.186582 0.315298 0.08009 -0.174463 0.280719 0.0011299 0.0141952 1.32246 0.104092 0.262164 0.026207 -0.0985412 0.147534 0 0 0.0944511 -0.157253 0.0251084 0.827214 20.2248 365.842 -68.3291 -0.0237249 -0.211988 0.449101 11.8752 -98.845 -9.412 
0.876574 -0.178884 0.310673 0.0635536 -0.174533 0.270286 0 0.0324688 1.23684 0.0445126 0.273117 0.0562543 -0.0743687 0.179673 0 0 0.0782043 -0.1397 0.0110143 0.84975 19.7711 366.565 -68.1516 0.00685943 -0.219567 0.454213 11.8752 -98.845 -9.412 
0.867668 -0.185848 0.276336 0.03827 -0.174533 0.277868 0.00019947 0.0344009 1.19701 0.0434204 0.252111 0.023859 -0.11011 0.174535 0 0 0.079713 -0.139106 0 0.824937 20.4472 365.784 -68.0143 0.0212827 -0.212214 0.467144 11.8752 -98.845 -9.412 
0.90753 -0.192168 0.268954 0.0476615 -0.174533 0.237169 0 0.0474764 1.16725 0.0612287 0.271814 0.00499532 -0.150756 0.193332 0 0 0.000443984 -0.166125 0 0.740454 20.7834 366.222 -67.9649 0.039464 -0.214935 0.484021 11.8752 -98.845 -9.412 
0.801886 -0.20944 0.255208 0.0348569 -0.174533 0.292099 0.0203644 0.0427857 1.10297 0.034137 0.325976 0 -0.156111 0.228085 0.0332435 0 0.0270643 -0.143222 0.0446214 0.743189 20.4359 365.916 -66.8211 0.0818169 -0.250034 0.455256 11.8752 -98.845 -9.412 
0.777706 -0.20944 0.212316 0.00128669 -0.174533 0.264101 0.00701073 0.0429387 1.11299 -0.00109679 0.249864 0.00142618 -0.125888 0.206022 0.0255299 0.00504362 -0.0678151 -0.153571 0.0468339 0.840434 19.2607 365.928 -66.9508 0.0795398 -0.259902 0.416319 11.8752 -98.845 -9.412 
0.729558 -0.207578 0.180371 4.44601e-005 -0.170425 0.281747 0.000220844 0.0425759 1.15377 0.033125 0.209272 0.00415344 -0.116024 0.210283 0.0261701 0.000605121 -0.149045 -0.159618 0.046529 0.753755 18.2 365.881 -67.3688 0.110602 -0.243163 0.38662 11.8752 -98.845 -9.412 
0.746963 -0.203635 0.115791 0 -0.174533 0.312047 0.0004161 0.0129464 1.19774 0.0481609 0.204643 0.00832499 -0.156944 0.199194 0.0563368 0 -0.152326 -0.159707 0.0110336 0.784981 18.7649 367.265 -68.2349 0.0922463 -0.262367 0.356789 11.8752 -98.845 -9.412 
0.755512 -0.208336 0.0513607 0.0109677 -0.174533 0.323662 0.0181629 0 1.15431 0.0701429 0.202946 0.0152773 -0.147787 0.190787 0 0.00372461 -0.123649 -0.157239 0.00392069 0.742112 17.6541 367.396 -69.8768 0.0860521 -0.255813 0.348349 11.8752 -98.845 -9.412 
0.762557 -0.205885 0.000491171 0.0238978 -0.172208 0.349066 0.0228947 0.00293256 1.15506 0.0853087 0.256861 0.0235023 -0.136162 0.196394 0 0.00787197 -0.0499874 -0.146362 0.00464821 0.781911 17.2276 367.617 -69.5874 0.0683745 -0.247553 0.336051 11.8752 -98.845 -9.412 
0.738281 -0.20879 0 0.0010142 -0.174533 0.349066 0 0 1.1329 0.0609171 0.239927 0 -0.152131 0.209164 0.000918144 0.00729384 -0.0291141 -0.162116 3.70817e-005 0.752448 18.4548 368.084 -70.2137 0.0827553 -0.248179 0.334517 11.8752 -98.845 -9.412 
0.635334 -0.20944 0 0 -0.174533 0.349066 0 0 1.06554 0.0331831 0.334066 0 -0.174533 0.192911 0.000957342 0.00133839 -0.0296936 -0.156165 1.58246e-006 0.688513 17.6246 367.686 -70.7201 0.104074 -0.271957 0.32909 11.8752 -98.845 -9.412 
0.596958 -0.20944 0 0 -0.174533 0.349066 0 0 1.09511 0.04815 0.247678 0 -0.174533 0.174326 0 0.000388083 -0.0305075 -0.190012 0 0.687634 16.2451 367.986 -71.1839 0.109718 -0.27192 0.316383 11.8752 -98.845 -9.412 
0.537044 -0.20944 0 0 -0.174533 0.349066 0 0 1.04413 -0.0379249 0.363657 0 -0.174533 0.0963412 0 0 -0.0953015 -0.316236 0 0.613147 14.7508 366.029 -71.7725 0.0928035 -0.281723 0.340165 11.8752 -98.845 -9.412 
0.495176 -0.072278 0 0.0678646 -0.174533 0.31514 0.145568 0 1.00089 -0.0239457 0.265598 0.169104 -0.174533 0.146814 0 0 -0.0508396 -0.297394 0 0.630813 15.2672 364.669 -72.3856 0.0814231 -0.297248 0.286187 11.8752 -98.845 -9.412 
0.247633 -0.051668 0 0 -0.174533 0.329873 0.019079 0 0.836364 -0.00651819 0.227485 0 -0.174533 0.140855 0 0 -0.00314606 -0.349066 0 0.420916 17.6433 362.691 -72.9865 0.0844584 -0.217938 0.283999 11.8752 -98.845 -9.412 
0.243021 -0.0492062 0 0 -0.174533 0.347579 0.0159938 0 0.837925 -0.013562 0.215329 0 -0.174533 0.136077 0 0 0.00309046 -0.349066 0 0.427876 17.913 362.802 -73.1637 0.0754542 -0.228267 0.291035 11.8752 -98.845 -9.412 
