0.859862 0.349066 0 0 -0.174533 0.349066 0 0 -0.174533 -0.349066 0 0 0.07527 -0.349066 0 0 0.592538 -0.349066 0 0 -55.4185 886.536 -122.327 0.393122 0.0317624 0.326755 13.2436 -95.942 -24.8945 
0.095554 0.122348 0 0 0.100621 0.055439 0 0 -0.131472 -0.0592609 0 0 -0.131125 -0.14452 0 0 -0.144689 -0.0867185 0 0 -25.7897 334.823 -57.5755 0.0196851 -0.0664567 0.239571 13.2436 -95.942 -24.8945 
-0.0447143 -0.0121055 0.162574 0 -0.0585538 0.251212 0.0578435 0 -0.080033 0.09716 0 0.0271566 -0.13699 -0.0684415 0.0180919 0.0231857 -0.11396 -0.339052 0.446388 0 -40.3068 328.213 -54.0341 -0.0754028 -0.0134549 0.215938 13.2436 -95.942 -24.8945 
-0.0748058 0.0430098 0.245923 0.0537248 -0.0998647 0.276584 0.0150796 0.00129788 -0.160941 0.109696 0.0517325 0.00947824 -0.13083 0.0200912 0.00753563 0.0204326 -0.0839606 -0.325496 0.246903 0.0214194 -42 329.294 -56.236 -0.00675879 -0.0161929 0.175339 13.2436 -95.942 -24.8945 
-0.0298486 0.0768209 0.228156 0 -0.174533 0.349066 0.000649227 0 -0.174533 0.0842286 0 0.098612 -0.174533 -0.115635 0 0.0393819 0.134251 -0.349066 0.231371 4.10714e-005 -43.0035 329.501 -51.9534 0.00730867 0.0457771 0.171244 13.2436 -95.942 -24.8945 
-0.0844823 0.0411803 0.22177 0 -0.147999 0.308517 0 0 -0.174526 0.072444 0 0.0516626 -0.17392 -0.0841432 0 0 0.0806425 -0.349066 0.255321 0 -41.5948 329.335 -52.9977 -0.00629244 0.059194 0.182277 13.2436 -95.942 -24.8945 
-0.0515482 0.0598392 0.184553 7.53801e-005 -0.174533 0.349066 0.00401529 0.0254858 -0.174533 0.112701 0 0.0035613 -0.157233 -0.0242112 0 0 -0.0067898 -0.349058 0.132906 0 -38.0464 328.601 -53.6606 0.0102421 0.0471366 0.162116 13.2436 -95.942 -24.8945 
-0.0298936 0.0419382 0.168573 0 -0.174533 0.349066 0.00028582 0.0315329 -0.174533 0.11563 0.00141759 0 -0.145312 0.0015637 0 0 0.0053455 -0.349066 0.135463 0 -37.6296 328.711 -54.2214 0.0101816 0.0431069 0.152747 13.2436 -95.942 -24.8945 
-0.10146 0.0497619 0.153325 0.00318369 -0.174202 0.349066 0 0.0059739 -0.174533 0.137641 0.0120504 0.0211165 -0.170377 0.00826044 0.0799345 0.0120787 0.0845978 -0.328524 0.0177687 0.0421157 -34.64 329.743 -53.1284 -0.00486068 0.0797985 0.156042 13.2436 -95.942 -24.8945 
-0.0638615 -0.000360686 0.145821 0 -0.174533 0.349066 0 0 -0.174533 0.140766 0 0 -0.174533 -0.00204623 0.00139362 0 0.147222 -0.304141 0 0.0952159 -33.079 330.901 -53.2816 0.0082843 0.0545987 0.132637 13.2436 -95.942 -24.8945 
-0.109574 0.0809806 0.189161 0 -0.174284 0.349066 0.000221699 0.0303903 -0.174109 0.123015 0 0.0311943 -0.174392 -0.0294851 0.0678644 0.0551146 0.0912896 -0.291195 0 0.0553177 -29.4331 330.339 -50.1979 -0.000838786 0.0379253 0.0949887 13.2436 -95.942 -24.8945 
0.0106453 0.307977 0.302377 0.230018 -0.130782 0.349066 0.0388044 0.0326227 -0.174514 0.149188 0.123304 0.0315752 -0.159272 -0.000801019 0.127741 0.18192 -0.0354982 -0.349066 0 0.27414 -19.7641 330.879 -48.6119 -0.0253406 -0.044918 0.082081 13.2436 -95.942 -24.8945 
-0.174028 0.188935 0.405675 0.189826 -0.174533 0.305473 0.0944965 0 -0.174533 0.172269 0.306195 0.355905 -0.174533 0.0336855 0.337358 0 0.177332 -0.349066 0 0.123577 -7.73129 331.923 -47.696 -0.0769279 0.0336315 0.106828 13.2436 -95.942 -24.8945 
-0.0957105 0.228122 0.421678 0.00410544 -0.0452235 0.278088 0.00543935 0 -0.174533 0.129509 0.241517 0.272981 -0.174533 0.00228924 0.29336 0 0.158481 -0.349066 0.00730811 0.0710059 -5.16834 332.247 -45.8008 -0.0641106 0.00172528 0.089505 13.2436 -95.942 -24.8945 
-0.15824 0.162202 0.358765 0.15883 -0.0483569 0.349066 0 0 -0.174533 -0.0359718 0.0353556 0.302676 -0.174533 -0.176056 0.334243 2.48974e-005 -0.0444091 -0.349066 0.241893 0.0617497 9.11478 330.247 -44.8762 -0.0636146 -0.0103595 0.0693924 13.2436 -95.942 -24.8945 
-0.174533 0.0836522 0.35399 0.0709094 -0.165666 0.349066 0 0 -0.174533 0.0221938 0.00030847 0.0716779 -0.174533 -0.247722 0.39035 4.90124e-006 0.0258874 -0.349066 0.303196 0 17.8659 331.993 -47.4144 -0.044676 0.0363472 0.0702671 13.2436 -95.942 -24.8945 
-0.0635453 0.0146103 0.283619 0.138072 -0.174533 0.315394 0.244641 0.262796 -0.174533 -0.08892 0.0376449 0.0781476 -0.174533 -0.231958 0.220241 0.0734649 -0.105694 -0.339079 0.25932 0.00376601 28.4844 333.552 -52.2369 -0.0130101 -0.00419957 0.0912144 13.2436 -95.942 -24.8945 
-0.174533 0.0814793 0 0 -0.174533 0.349066 0.0361614 0.0369379 -0.174533 0.0621196 0 0.88149 -0.0663552 -0.336106 0 0.319063 -0.0407961 -0.341689 0.207574 0.0230066 41.9084 333.473 -55.4749 -0.0568833 0.120303 -0.0413959 13.2436 -95.942 -24.8945 
-0.174533 0.130154 0 0.113213 -0.174533 0.342611 0.103746 0 -0.174533 0.103446 0 0.871938 0.107308 -0.349066 0.0939679 0.34595 0.08457 -0.349066 0.196087 0.0703522 49.8684 336.542 -55.7841 -0.0556327 0.161846 -0.019814 13.2436 -95.942 -24.8945 
-0.174533 0.112131 0 0 -0.174503 0.349066 0.0220191 0 -0.174533 0.0548738 0 0.749317 0.279056 -0.333498 0 0 0.00445268 -0.331953 0.197083 0.00673316 55.1904 337.72 -54.3187 -0.0700668 0.224528 -0.0210424 13.2436 -95.942 -24.8945 
-0.174533 0.11369 0.169298 0 -0.174533 0.349066 0.0530524 0 -0.174533 0.0657515 0 0.504437 0.123827 -0.349066 0.0143063 0 -0.0212936 -0.349066 0.532179 0 60.9282 337.121 -57.0351 -0.0421942 0.131434 -0.00109224 13.2436 -95.942 -24.8945 
-0.174533 0.0603529 0.225289 0.0346458 -0.161751 0.349066 0 0.0025107 -0.174533 0.0385084 0.000534434 0.622497 0.139566 -0.349066 0 0.0152001 0.0342021 -0.349066 0.475916 0 68.5798 338.598 -58.6921 -0.049717 0.138794 0.00402315 13.2436 -95.942 -24.8945 
0.00845512 -0.0712788 0.0503645 0.00117209 -0.117728 0.278472 0.0500547 0.131695 -0.173561 -0.0302257 0.00678262 0.557103 -0.0933957 -0.115574 0 0.000846026 0.290869 -0.349066 0.0141253 0.251517 76.6118 341.367 -56.241 -0.0442529 0.0699204 0.165716 13.2436 -95.942 -24.8945 
-0.173499 -0.0440983 0.0182377 0.000566472 -0.165239 0.343454 0.0202068 0 -0.174298 0.063275 0 0.483234 -0.150234 -0.114321 0.112149 0 0.189918 -0.336705 0.0139528 0.391301 78.5394 338.695 -57.1449 -0.0661661 0.200154 0.0528072 13.2436 -95.942 -24.8945 
-0.154897 -0.00899471 0.0311945 0.0422051 -0.174172 0.345467 0.0583471 0 -0.174455 0.0371426 0.0611744 0.619408 -0.166399 0.0159462 0.10367 0.000464063 0.187754 -0.349066 0.0160136 0.405934 84.5336 339.825 -57.8179 -0.0459782 0.165151 0.0506519 13.2436 -95.942 -24.8945 
-0.173854 0.0191724 0.0339689 0.0397242 -0.174533 0.349066 0.0559541 0 -0.174533 0.0643196 0 0.557262 -0.172412 -0.00527786 0.094667 0 0.11643 -0.34678 0.00215003 0.330466 87.6388 337.887 -58.8474 -0.0397759 0.168953 0.0504428 13.2436 -95.942 -24.8945 
-0.174469 0.0534377 0.0521202 0.124707 -0.174533 0.349066 0.0758318 0 -0.174533 0.0672736 0.000101763 0.543083 -0.171107 -0.00125169 0.132609 0 0.120754 -0.33883 0.00862816 0.314124 86.453 337.379 -57.1434 -0.0432278 0.159083 0.0536361 13.2436 -95.942 -24.8945 
-0.141277 0.0725021 0.0801756 0.11197 -0.174533 0.349066 0.024438 0 -0.163589 0.0816882 0.00912319 0.581758 -0.161338 0.0460257 0.00102304 0.0279037 0.122915 -0.302486 0.142516 0.280997 83.5557 337.841 -56.3533 -0.0533231 0.126396 0.0513731 13.2436 -95.942 -24.8945 
-0.155408 0.0781811 0.274999 0.0546741 -0.174533 0.349066 0.0710249 0.230285 -0.174533 0.0944145 0 0.524857 -0.174533 0.08779 0.0465128 0.0112531 -0.0558185 -0.349066 0.131273 0.242869 72.7751 336.904 -56.9523 -0.0313082 0.0104961 0.0648258 13.2436 -95.942 -24.8945 
-0.0509271 0.11065 0.183897 0.192414 -0.174533 0.349066 0 0.421529 -0.174533 0.130699 0 0.705238 -0.174533 0.00291845 0 0.00112649 -0.0949359 -0.31285 0.162189 0.16139 67.592 336.387 -53.4223 -0.0201308 -0.0128809 0.108007 13.2436 -95.942 -24.8945 
-0.00208851 0.0606425 0.0661336 0.205887 -0.174533 0.313341 0.117792 0.547373 -0.17275 0.0638437 0 0.874482 -0.131107 -0.0424908 0.0200377 0 0.0549135 -0.254763 0.0390173 0.219568 56.3769 337.274 -56.8211 -0.0581758 0.0129065 0.106457 13.2436 -95.942 -24.8945 
