-0.0168782 0.153797 0.0719769 0.359741 -0.118792 0.302944 0.0995724 0.0674752 -0.116565 0.0441192 0 0.0171812 0.0338174 -0.151919 0 0 0.392885 -0.349066 0 0 -24.1272 268.098 -37.1472 -0.00723601 0.0755849 -0.0299053 0.0783997 -98.162 -19.083 
-0.0293334 0.184978 0.139398 0.416492 -0.155594 0.349066 0.206836 0.0752959 -0.126479 0.0586427 0.0325762 0.0384859 0.00887101 -0.109793 0.00296999 0.0182124 0.329202 -0.348228 0.102524 0.0165498 -23.2375 268.106 -38.8216 -0.0166389 0.0524335 -0.0438148 0.0783997 -98.162 -19.083 
-0.0475884 0.185026 0.1404 0.417052 -0.16606 0.349066 0.20135 0.0671103 -0.137398 0.0643895 0.0500961 0.0447751 0.00747248 -0.103877 0.00749449 0.0153626 0.335215 -0.348856 0.100192 0.0122222 -23.253 268.232 -38.8568 -0.0143489 0.0544525 -0.044921 0.0783997 -98.162 -19.083 
-0.0553442 0.184723 0.145568 0.395037 -0.159782 0.346523 0.123988 0.0888111 -0.1445 0.0616295 0.0549965 0.0621719 0.00887405 -0.10561 0.00951228 0.0113786 0.331075 -0.347722 0.0826304 0.0106728 -22.8072 268.443 -39.1547 -0.00688292 0.0587995 -0.0451066 0.0783997 -98.162 -19.083 
-0.0477054 0.164349 0.124363 0.380389 -0.174533 0.34808 0.127598 0.0789607 -0.159514 0.0734487 0.0744898 0.0673699 -0.00249363 -0.106563 0.0126738 0.0105764 0.329723 -0.349035 0.0702664 0.00293079 -22.5675 268.697 -40.116 -0.000487106 0.0578754 -0.0469385 0.0783997 -98.162 -19.083 
-0.0498217 0.141056 0.123637 0.416192 -0.174533 0.349066 0.124226 0.0723509 -0.160718 0.0784846 0.0688395 0.0589254 -0.00431018 -0.10364 0.0150579 0.00744145 0.326906 -0.348613 0.0552636 0.00291568 -22.5464 268.682 -40.1467 0.00171346 0.0586713 -0.0480478 0.0783997 -98.162 -19.083 
-0.053774 0.129693 0.139637 0.423152 -0.174533 0.349066 0.129611 0.0693007 -0.159998 0.0802643 0.0671745 0.0690423 0.00121433 -0.0977687 0.0217405 0.00744889 0.330485 -0.348881 0.0430594 0.00261692 -22.4696 268.767 -40.5213 0.00153074 0.0632562 -0.0507663 0.0783997 -98.162 -19.083 
-0.0605819 0.137896 0.143805 0.433818 -0.174533 0.349066 0.116843 0.0526916 -0.162939 0.0741969 0.0741614 0.070205 0.00692984 -0.0887166 0.0283937 0.011789 0.325861 -0.347915 0.0383334 0.00349251 -22.4487 269.876 -40.6313 0.00400497 0.0620283 -0.0533258 0.0783997 -98.162 -19.083 
-0.0734395 0.143234 0.153168 0.418854 -0.174533 0.347278 0.101579 0.054764 -0.163868 0.0744947 0.0572451 0.0761528 0.0139078 -0.0787472 0.0209728 0.000852049 0.336653 -0.348829 0.0172249 0.00359621 -22.5273 270.116 -40.7883 0.00799627 0.0647325 -0.0543383 0.0783997 -98.162 -19.083 
-0.0725465 0.136861 0.17603 0.344584 -0.174533 0.345268 0.0822923 0.0490748 -0.164063 0.0687061 0.054248 0.0680561 -0.00356722 -0.0627204 0.0180587 0.000200995 0.295098 -0.348955 0.0463743 0.0205417 -22.6956 271.43 -42.6318 0.0246519 0.0571169 -0.0520333 0.0783997 -98.162 -19.083 
-0.0804441 0.132031 0.173997 0.354487 -0.165809 0.345806 0.0700698 0.0382845 -0.165011 0.068057 0.0582171 0.0822304 -0.000563901 -0.060871 0.0197364 0.00144229 0.298693 -0.348953 0.0466632 0.0196276 -22.4776 271.461 -42.6189 0.029119 0.0614014 -0.0521884 0.0783997 -98.162 -19.083 
-0.0734541 0.125276 0.169521 0.343098 -0.163735 0.349066 0.0729719 0.0356667 -0.163374 0.0643328 0.0684178 0.0887161 -0.00201567 -0.0582017 0.0201593 0.00134652 0.304427 -0.348953 0.0369776 0.0180186 -22.5212 271.451 -42.5431 0.0305503 0.0635415 -0.0523954 0.0783997 -98.162 -19.083 
-0.0809903 0.113206 0.168627 0.35187 -0.174533 0.349066 0.0771576 0.0342148 -0.173483 0.0726975 0.0718649 0.0641356 -0.01274 -0.0431613 0.0182509 0.00880937 0.302264 -0.349066 0.0293803 0.0102486 -22.3351 271.603 -42.4823 0.0391336 0.0682387 -0.0564772 0.0783997 -98.162 -19.083 
-0.0712953 0.0945676 0.166137 0.327816 -0.171733 0.346291 0.0788893 0.0347255 -0.173035 0.0761324 0.068734 0.0650125 -0.0127748 -0.0400766 0.0182496 0.0082675 0.30159 -0.34892 0.0283817 0.0100021 -22.3372 271.62 -42.4908 0.0389952 0.0679129 -0.056338 0.0783997 -98.162 -19.083 
-0.0660046 0.0832338 0.167638 0.32387 -0.174533 0.349066 0.0777007 0.0311217 -0.171797 0.0784868 0.0826565 0.0968189 -0.0103632 -0.0358785 0.0226828 0.00808839 0.296499 -0.347606 0.0271471 0.00520164 -22.4493 271.421 -42.5913 0.0379837 0.0703093 -0.0540243 0.0783997 -98.162 -19.083 
-0.0665268 0.0858437 0.181706 0.36018 -0.174533 0.349066 0.0830492 0.0614741 -0.168968 0.0898624 0.0998195 0.253147 0.00169332 -0.0225045 0.0320258 0.011294 0.29297 -0.344185 0.0298602 0.00485366 -22.4537 271.406 -42.6058 0.0390066 0.0703856 -0.0537429 0.0783997 -98.162 -19.083 
-0.0599053 0.0898586 0.212674 0.373833 -0.168755 0.349066 0.100443 0.167879 -0.147429 0.0963247 0.124337 0.418053 0.0179816 0.00150734 0.0320007 0.190979 0.294132 -0.335011 0.0300144 0.0463869 -23.2703 271.476 -42.4024 0.0350403 0.0730595 -0.0524346 0.0783997 -98.162 -19.083 
-0.0487892 0.0778198 0.223152 0.382565 -0.172623 0.349054 0.0533688 0.591797 -0.143627 0.102429 0.149148 0.736574 0.0176076 0.0176327 0.116187 0.395329 0.303728 -0.315983 0.0536159 0.200175 -23.1616 271.437 -42.3946 0.0363748 0.0720448 -0.0512573 0.0783997 -98.162 -19.083 
0.0898102 0.0274558 0.154389 0.251831 -0.107054 0.334099 0.162741 1.03071 -0.136387 0.0999344 0.311812 1.15694 0.075081 0.017629 0.240886 0.801775 0.335591 -0.314369 0.113536 0.201729 -23.4841 271.518 -44.2323 -0.0166573 0.0455963 -0.0322751 0.0783997 -98.162 -19.083 
0.126207 -0.00674783 0.130847 0.222925 -0.116572 0.338921 0.274653 1.28658 -0.156145 0.101725 0.433937 1.37228 0.0664055 0.0622659 0.44356 0.95193 0.330332 -0.301278 0.111365 0.206391 -23.5926 271.541 -44.2291 -0.0161246 0.0422107 -0.0330462 0.0783997 -98.162 -19.083 
0.127504 -0.0681695 0.0912014 0.247328 -0.167885 0.349066 0.383751 1.34588 -0.156638 0.114149 0.719365 1.48012 0.0491959 0.0858795 0.500126 1.08424 0.31915 -0.266475 0.190179 0.273037 -23.3552 271.363 -45.3787 0.00812357 0.0383701 -0.0372192 0.0783997 -98.162 -19.083 
0.200107 -0.120892 0.0328782 0.248237 -0.157946 0.327714 0.559906 1.42545 -0.145448 0.137651 0.933609 1.40914 0.0536263 0.118497 0.566069 1.24675 0.348456 -0.213491 0.219164 0.366074 -23.3606 272.091 -46.9369 0.0161962 0.0193786 -0.0581996 0.0783997 -98.162 -19.083 
0.243192 -0.133099 0.126848 0.204449 -0.0898912 0.261234 0.620209 1.51811 -0.1151 0.124908 0.99693 1.49184 0.15575 0.145513 0.60944 1.20903 0.320032 -0.214041 0.178011 0.397296 -23.0296 274.641 -47.9731 0.0253691 -0.0303786 -0.0471208 0.0783997 -98.162 -19.083 
0.338565 -0.17574 0.0668721 0.250163 -0.0909249 0.249899 0.804996 1.55672 -0.0974993 0.148074 1.10538 1.52637 0.220783 0.157776 0.720593 1.08213 0.350285 -0.152757 0.155648 0.466215 -23.5169 275.399 -48.2069 0.0224751 -0.0151705 -0.0618151 0.0783997 -98.162 -19.083 
0.365433 -0.188981 0.0440064 0.200896 -0.100794 0.250659 1.13772 1.54924 -0.0688164 0.181375 1.2217 1.56603 0.307834 0.167214 0.734273 0.940448 0.380037 -0.0364863 0.188881 0.669201 -23.9433 276.538 -47.8421 0.0129828 0.0125 -0.0722157 0.0783997 -98.162 -19.083 
0.471428 -0.20944 0.0143193 0.151685 -0.088824 0.245638 1.37282 1.48946 -0.0634141 0.182765 1.29881 1.56005 0.342481 0.163952 0.733271 0.855271 0.397164 -0.0229426 0.18262 0.669068 -24.0707 276.447 -47.5482 0.014101 0.0189172 -0.0688508 0.0783997 -98.162 -19.083 
0.562134 -0.20529 0.0332187 0.157765 -0.0383756 0.218003 1.50374 1.41469 -0.0507228 0.172511 1.34808 1.55524 0.356321 0.152676 0.727998 0.841751 0.424638 0.0139922 0.197028 0.70294 -24.4812 277.508 -48.367 0.0121209 0.0104407 -0.0669249 0.0783997 -98.162 -19.083 
0.595216 -0.19929 0.034562 0.174938 -0.0477839 0.184826 1.62196 1.39045 -0.07695 0.209998 1.49166 1.49354 0.332519 0.161378 0.834928 0.59701 0.467048 0.170967 0.210764 1.17171 -24.1305 277.71 -47.7687 0.0378517 0.0409257 -0.0752046 0.0783997 -98.162 -19.083 
0.539298 -0.194246 0.105387 0.318013 -0.113117 0.199768 1.66188 1.40766 -0.103423 0.219856 1.6696 1.51283 0.326389 0.194544 0.876251 0.344592 0.485691 0.190501 0.207851 1.23076 -24.6877 277.183 -49.5926 0.0812734 0.074456 -0.0650501 0.0783997 -98.162 -19.083 
0.565047 -0.178901 0.110795 0.290741 -0.0986257 0.201544 1.6947 1.39556 -0.102488 0.29422 1.71058 1.51209 0.328922 0.199857 0.946338 0.307306 0.463351 0.15667 0.194427 1.41853 -24.6929 277.365 -49.8399 0.0819305 0.0743958 -0.0623443 0.0783997 -98.162 -19.083 
0.529433 -0.20944 0.0995954 0.321683 -0.084355 0.195428 1.69185 1.42123 -0.107002 0.303237 1.71971 1.52085 0.378525 0.204078 1.3278 0.203872 0.418911 0.165038 0.166858 1.38339 -25.1462 278.076 -49.4802 0.105436 0.0789076 -0.043481 0.0783997 -98.162 -19.083 
0.554443 -0.14375 0.183589 0.200279 0.144193 0.173226 1.7067 1.44723 -0.102249 0.303799 1.72148 1.51879 0.372406 0.20552 1.47492 0.128819 0.417296 0.159528 0.145855 1.40629 -25.1728 278.071 -49.5033 0.104115 0.0766303 -0.041819 0.0783997 -98.162 -19.083 
0.346757 -0.200163 0.234378 0.381782 0.106002 0.186374 1.63123 1.38476 0.154716 0.224972 1.74006 1.5548 0.282716 0.232733 1.6082 0.0182817 0.369957 0.243108 0.160204 1.50018 -21.4678 281.956 -52.8256 0.131885 0.0871677 0.0404353 0.0783997 -98.162 -19.083 
0.354306 -0.177833 0.317853 0.268867 0.0537724 0.250142 1.65189 1.23719 0.112498 0.292576 1.74105 1.5002 0.168335 0.254136 1.56347 0.0882085 0.0677305 0.323834 0.914347 0.942216 -18.3857 284.6 -59.4925 0.145408 0.0107869 0.0224649 0.0783997 -98.162 -19.083 
0.315692 -0.184607 0.424287 0.188286 0.0332149 0.267095 1.64958 1.2472 0.0444584 0.317477 1.74529 1.53104 0.121316 0.256789 1.60514 0.0438923 -0.0522979 0.329128 1.16236 1.33434 -17.6492 284.406 -59.818 0.168141 -0.0163391 0.0240301 0.0783997 -98.162 -19.083 
0.438413 -0.20944 0.415422 0.152487 0.0543172 0.300228 1.66458 1.12486 0.0195951 0.331596 1.73535 1.53694 0.126367 0.266057 1.58719 0.0301739 -0.0872423 0.329884 1.31791 1.35398 -17.1039 284.723 -60.1016 0.153365 -0.0177575 0.0117322 0.0783997 -98.162 -19.083 
0.309464 -0.20944 0.524984 0.15551 0.0489081 0.349066 1.66542 1.09903 0.0175098 0.339919 1.74533 1.53896 0.13986 0.252197 1.60986 0 -0.10817 0.324883 1.44909 1.39312 -17.5658 286.05 -60.347 0.162286 -0.0157108 0.0170273 0.0783997 -98.162 -19.083 
0.354884 -0.208968 0.40569 0.173306 0.0315377 0.297782 1.6752 1.12513 -0.0379124 0.340731 1.73749 1.56713 0.163014 0.253639 1.52414 0.00785797 -0.111063 0.326021 1.42795 1.40788 -17.4209 287.218 -59.6226 0.20714 -0.0279714 0.00151863 0.0783997 -98.162 -19.083 
0.422079 -0.209194 0.348163 0.113258 0.032563 0.316965 1.64557 1.43078 -0.0418266 0.341618 1.7412 1.5671 0.159712 0.245612 1.50947 0.00589894 -0.120139 0.335363 1.41383 1.40734 -17.0758 287.571 -59.7016 0.211984 -0.0298349 0.0011923 0.0783997 -98.162 -19.083 
0.459578 -0.20944 0.374317 0.0589194 0.016942 0.315396 1.65877 1.39275 -0.0721254 0.336242 1.70513 1.5625 0.155749 0.249931 1.40212 0.0594124 -0.141434 0.346149 1.39402 1.48566 -19.0312 289.312 -57.4488 0.229556 -0.0423616 -0.0298446 0.0783997 -98.162 -19.083 
0.429897 -0.20306 0.395792 0.0136555 -0.0373 0.349066 1.67835 1.40771 -0.140184 0.326318 1.71359 1.5517 0.122334 0.231613 1.38222 0.0286471 -0.151397 0.348067 1.41829 1.51352 -18.9054 289.557 -55.6809 0.264644 -0.0443709 -0.0206175 0.0783997 -98.162 -19.083 
0.432202 -0.193965 0.350548 0.0129149 -0.0426341 0.349066 1.68074 1.40811 -0.148645 0.323982 1.71157 1.55178 0.11218 0.229563 1.3754 0.0282562 -0.146227 0.347807 1.41381 1.51326 -18.915 289.571 -55.6864 0.26484 -0.0422464 -0.0198032 0.0783997 -98.162 -19.083 
0.437319 -0.203001 0.246985 0.0142109 -0.0798342 0.343458 1.62641 1.40458 -0.174004 0.334729 1.66207 1.557 0.0657549 0.253442 1.36591 0.0796599 -0.131409 0.348138 1.35004 1.52584 -17.1232 290.455 -54.2275 0.236334 -0.00647175 -0.0114922 0.0783997 -98.162 -19.083 
0.35274 -0.20944 0.237614 0.0556888 -0.113287 0.308773 1.56943 1.30509 -0.158631 0.300236 1.55602 1.54802 0.0708825 0.217314 1.20734 0.0635495 -0.0810461 0.348811 1.34721 1.53947 -21.0234 288.919 -51.4211 0.21546 0.00600897 -0.00433891 0.0783997 -98.162 -19.083 
0.36076 -0.207088 0.244834 0.043332 -0.159994 0.313215 1.52877 1.2597 -0.164476 0.28464 1.51881 1.54779 0.0697077 0.21755 1.19446 0.0717846 -0.0828725 0.348741 1.35145 1.53589 -20.8309 288.984 -50.598 0.21557 0.00757228 -0.00962437 0.0783997 -98.162 -19.083 
0.410469 -0.197209 0.188303 0.0428335 -0.174533 0.321362 1.48822 1.32005 -0.153491 0.269922 1.49142 1.56239 0.0773453 0.203443 1.27403 0.0197193 -0.087228 0.342364 1.28166 1.47729 -19.4455 288.141 -47.746 0.195971 0.0130989 0.0101454 0.0783997 -98.162 -19.083 
0.46112 -0.193049 0.174808 0.039205 -0.173882 0.31197 1.32868 1.35764 -0.14981 0.24592 1.43008 1.50203 0.0717152 0.212122 1.29582 0.0369062 -0.0638047 0.339197 1.30723 1.48451 -18.5345 288.725 -47.3365 0.176928 -0.000385956 0.0213568 0.0783997 -98.162 -19.083 
0.504593 -0.194917 0.145307 0.0362853 -0.144853 0.265529 1.27765 1.12857 -0.155094 0.221683 1.35016 1.5357 0.0359662 0.185678 1.27271 0.0607329 -0.0956177 0.313101 1.32881 1.47714 -19.3647 288.467 -46.1713 0.147224 -0.0467155 0.0138448 0.0783997 -98.162 -19.083 
0.802479 -0.114241 0.0713728 0.0352711 -0.0487498 0.294577 1.21087 0.797033 -0.150855 0.261489 1.3598 1.35847 0.054584 0.182873 1.01493 0.414254 -0.119331 0.287553 1.26521 1.46766 -19.2861 293.216 -41.5022 0.11387 -0.147883 -0.031609 0.0783997 -98.162 -19.083 
0.870594 -0.0913129 0.0666605 0.0119272 -0.0703601 0.304746 1.21482 0.535926 -0.168159 0.270356 1.23628 1.36004 0.0187676 0.175521 1.01443 0.377055 -0.13771 0.246288 1.14829 1.51325 -19.0112 292.774 -41.5924 0.11004 -0.150327 -0.0234494 0.0783997 -98.162 -19.083 
0.852997 -0.0529779 0.0354492 0.0217947 -0.0566511 0.315409 1.20766 0.464684 -0.0987206 0.277165 1.04956 1.44738 -0.0296294 0.181191 1.02052 0.29422 -0.124243 0.194862 1.1466 1.48292 -19.8037 293.492 -38.5193 0.0634541 -0.112847 -0.0363734 0.0783997 -98.162 -19.083 
0.770285 -0.0530696 0.017908 0.00570478 -0.0464813 0.267333 1.17079 0.394712 -0.121793 0.245242 1.00901 1.06051 -0.0657631 0.19292 1.04163 0.266194 -0.103676 0.119575 1.12247 1.54452 -19.9557 293.318 -36.0989 0.0474011 -0.0488754 -0.0213276 0.0783997 -98.162 -19.083 
0.778445 0.0115018 0.00573059 0.00426968 -0.022667 0.290859 1.17933 0.316302 -0.131583 0.22474 0.925687 0.716669 -0.10671 0.15518 1.00274 0.246123 -0.113316 0.0791132 1.16166 1.55497 -17.5592 291.707 -35.7371 0.00648482 -0.0451531 -0.0292172 0.0783997 -98.162 -19.083 
0.80202 0.0282983 0.00205741 0.00312995 -0.0955729 0.301885 1.09375 0.334927 -0.132391 0.202272 0.85449 0.592376 -0.143744 0.123357 0.921173 0.165879 -0.119787 0.0403198 1.1213 1.56567 -16.5907 291.333 -34.6985 0.00247678 -0.0607597 -0.0294344 0.0783997 -98.162 -19.083 
0.800175 0.0450926 0.00994945 0.0124242 -0.126899 0.31767 1.0531 0.216304 -0.138974 0.189472 0.857459 0.353851 -0.143513 0.121774 0.831091 0.206621 -0.141294 -0.000189989 1.04541 1.56884 -16.1247 291.005 -34.5732 0.00155645 -0.0704231 -0.0370001 0.0783997 -98.162 -19.083 
0.768369 0.0529835 0.0415406 0.00329105 -0.127056 0.302323 1.02339 0.102219 -0.143616 0.173473 0.817056 0.254738 -0.154896 0.0938924 0.691781 0.179092 -0.145564 -0.0566252 0.935339 1.55873 -16.1584 288.966 -34.5167 0.00826871 -0.069234 -0.0289417 0.0783997 -98.162 -19.083 
0.675057 0.056568 0.0937973 0.0104595 -0.124856 0.303388 0.874352 0.107616 -0.149138 0.14897 0.713311 0.221321 -0.151324 0.0638682 0.62743 0.135876 -0.145661 -0.121029 0.828761 1.55712 -15.9061 286.696 -34.2291 0.00824712 -0.0641253 -0.0230547 0.0783997 -98.162 -19.083 
0.666702 0.0311637 0.0447602 0.00316335 -0.124172 0.318763 0.785838 0.0632627 -0.161176 0.141445 0.65374 0.122947 -0.145496 0.0590437 0.57428 0.106701 -0.149333 -0.162993 0.728618 1.5624 -15.7182 286.326 -34.0926 0.0179825 -0.0587399 -0.0313779 0.0783997 -98.162 -19.083 
0.646055 0.0406707 0.0471404 0.00451358 -0.130417 0.337681 0.712538 0.039183 -0.171647 0.143473 0.556232 0.138543 -0.155851 0.0432905 0.515364 0.0851431 -0.152659 -0.202164 0.681433 1.56577 -15.8663 285.933 -33.8819 0.0335053 -0.052764 -0.0466089 0.0783997 -98.162 -19.083 
0.647411 0.0361393 0.0284175 0.00230345 -0.114354 0.349066 0.660569 0.0350699 -0.169304 0.144548 0.496623 0.130894 -0.156161 0.0203273 0.465384 0.050753 -0.163493 -0.240222 0.643829 1.56845 -15.4344 284.978 -34.1647 0.0339001 -0.051512 -0.0521652 0.0783997 -98.162 -19.083 
0.623652 0.0348378 0.0202153 0.0011523 -0.110991 0.349066 0.632918 0.0319448 -0.168833 0.150347 0.429772 0.0477579 -0.160914 0.0201286 0.448771 0.0546066 -0.154071 -0.262268 0.586673 1.54574 -15.4813 283.914 -34.4857 0.033727 -0.044925 -0.0610069 0.0783997 -98.162 -19.083 
0.647469 0.0409837 0.0183671 0.00833326 -0.106416 0.343513 0.560416 0.0249299 -0.165319 0.142987 0.327407 0.0439302 -0.151301 0.012347 0.413146 0.0360288 -0.150763 -0.292246 0.536903 1.29949 -15.3235 283.428 -34.8498 0.0365339 -0.0570569 -0.0567927 0.0783997 -98.162 -19.083 
0.667073 0.0471656 0.0150394 0.00505146 -0.103028 0.349066 0.516084 0.0264786 -0.16307 0.141267 0.292131 0.0458648 -0.14545 0.00189575 0.39003 0.0296735 -0.143768 -0.313906 0.491966 0.953605 -15.3 283.475 -34.9567 0.0363247 -0.0561945 -0.0569685 0.0783997 -98.162 -19.083 
0.664854 0.0716138 0.0166768 0.00786229 -0.102968 0.349066 0.511998 0.0124149 -0.165006 0.141251 0.27897 0.0445816 -0.137051 -0.00107938 0.370055 0.0235155 -0.138914 -0.335706 0.470478 0.494717 -15.3666 282.928 -35.0188 0.0361421 -0.0575575 -0.0579752 0.0783997 -98.162 -19.083 
0.628604 0.0832119 0.0210047 0.00542766 -0.112785 0.349066 0.400613 0.0267395 -0.168068 0.13072 0.208592 0.0246971 -0.142362 -0.00894189 0.339688 0.0217851 -0.140013 -0.339616 0.492327 0.344878 -15.6437 282.698 -34.1986 0.0550458 -0.0386029 -0.0574173 0.0783997 -98.162 -19.083 
0.645707 0.113786 0.0416398 0.00580207 -0.114507 0.349066 0.368495 0.0520127 -0.162282 0.129726 0.187434 0.0196521 -0.133692 -0.0294513 0.303695 0.0141769 -0.141315 -0.343455 0.480806 0.209153 -15.1936 280.496 -33.987 0.0466907 -0.0484025 -0.0597758 0.0783997 -98.162 -19.083 
