0.357539 0.322209 0 0 -0.156224 0.325918 0 0 -0.154377 0.311567 0 0 -0.161226 0.268381 0 0 0.284359 -0.2984 0 0 -15.4027 821.289 -191.877 1.03597 -0.46928 -0.00326845 0.83925 -97.039 -24.1406 
0.0533549 0.167987 0 0 0.0504816 0.205429 0 0 -0.0796505 0.137257 0 0 0.027488 0.138023 0 0 0.0357893 -0.104564 0 0 -2.14434 290.9 -61.8639 0.106607 -0.0773501 0.0474757 0.83925 -97.039 -24.1406 
0.0843721 0.115205 0.0145111 0.0189993 -0.0687764 0.349066 0.0182403 0.0210058 -0.0873441 0.261683 0.00204129 0.0704229 -0.0209576 0.281079 0 0.250194 0.170743 -0.164518 0.0921329 0.0489203 -1.82005 292.675 -63.7073 0.0857858 0.0376577 0.049967 0.83925 -97.039 -24.1406 
0.150244 0.132737 0.000475839 0.11512 -0.144988 0.323505 0 0.00221897 -0.174533 0.214559 0.153097 0.00511604 -0.168966 0.186451 0.0532115 0.317079 0.105734 -0.123975 0.162886 0.195295 0.148201 290.984 -64.7305 0.109549 -0.0196947 0.07652 0.83925 -97.039 -24.1406 
0.146796 0.124981 0.0809758 0.141071 -0.0269469 0.288699 0.0322389 0.028311 -0.174533 0.198426 0.198299 0 -0.174533 0.0590408 0.209898 0.290373 0.0980138 -0.189668 0.179657 0.216229 2.76186 291.27 -64.5059 0.0764089 -0.0336971 0.116219 0.83925 -97.039 -24.1406 
0.191584 0.045167 0.00442963 0.0603303 -0.0868152 0.321052 0.16316 0.0593137 -0.15433 0.129653 0.194084 0 -0.106631 0.0518953 0.249275 0.335334 0.272582 -0.0934102 0.169536 0.192689 5.66742 293.674 -64.289 0.0820828 -0.00721621 0.148452 0.83925 -97.039 -24.1406 
0.126286 0.122599 0.137014 0.0993423 -0.16503 0.349066 0.0989863 0.0583928 -0.169859 0.0697841 0.261682 0.0370965 0.038358 -0.0174387 0.408808 0.374095 0.222309 -0.109884 0.205864 0.0829406 -0.802047 293.855 -66.0158 0.0838286 0.0488002 0.0787646 0.83925 -97.039 -24.1406 
0.128753 0.0423488 0 0 -0.0882149 0.221685 0.107944 0 -0.174533 0.00139247 0.325928 0.143194 0.0767262 -0.0491386 0.0105391 0.464953 0.302339 -0.159101 0.0795986 0.127891 1.2872 291.867 -64.2162 0.0394716 0.0127932 0.159902 0.83925 -97.039 -24.1406 
0.147408 0.0409875 0 0.105641 -0.116064 0.288353 0.154338 0.212735 -0.115687 0.0393711 0.331433 0.185404 0.00175139 -0.0303996 0.0509212 0.448398 0.23385 -0.0952352 0.205898 0.159822 -0.050715 289.172 -62.1809 0.0334228 0.0326597 0.162525 0.83925 -97.039 -24.1406 
0.220664 0.0317522 0.00785699 0 -0.174533 0.232298 0.278988 0.269883 -0.174533 0.0620316 0.281522 0.163217 -0.0879275 -0.0478237 0.0622996 0.420809 0.156103 -0.327557 0.309014 0.193828 0.967319 290.865 -63.1076 0.06469 -0.00811456 0.174036 0.83925 -97.039 -24.1406 
0.307221 0.0672295 0.085467 0.00836602 -0.00933835 0.226468 0.172597 0.139494 -0.151501 0.107797 0.331801 0.209553 -0.0413545 -0.0559289 0.0390333 0.392875 0.215319 -0.295673 0.216431 0.142303 0.0481314 291.98 -61.9459 0.061754 -0.0794624 0.181771 0.83925 -97.039 -24.1406 
0.180716 0.0710336 0.0676849 0.0956798 -0.174533 0.349066 0.100393 0.183157 -0.174422 0.139552 0.391486 0 -0.0259218 0.0254668 0 0.494577 0.190609 -0.223511 0.281965 0 2.18009 289.971 -61.3654 0.0818541 -0.0505182 0.137583 0.83925 -97.039 -24.1406 
0.106073 0.135508 0.066442 0.128412 -0.132218 0.349066 0.218721 0.198973 -0.093074 0.216192 0.383301 0.067852 0.0396533 0.0906553 0.132368 0.546898 0.268488 -0.091213 0.269795 0.225893 -1.15049 289.786 -63.3179 -0.0161688 0.0721987 0.0881614 0.83925 -97.039 -24.1406 
0.0409555 0.159068 0.243275 0.107984 -0.11734 0.348085 0.230803 0.168625 -0.0580689 0.14841 0.296444 0.113419 0.0118164 -0.0123661 0.145395 0.515156 0.311645 -0.175532 0.167926 0.221924 0.38793 291.57 -62.4672 0.000519756 0.0227886 0.130096 0.83925 -97.039 -24.1406 
-0.174533 0.19942 0.144553 0.257666 -0.154457 0.349066 0.211504 0.388385 -0.0920076 0.118595 0.275829 0.15355 0.0370775 0.00625833 0.185352 0.339039 0.335737 -0.151509 0.136821 0.213007 -0.831524 289.54 -60.6944 0.00658886 0.160653 0.120135 0.83925 -97.039 -24.1406 
-0.0482547 0.133947 0.0787178 0.242758 -0.174533 0.338235 0.245062 0.422466 -0.174533 0.0837099 0.260803 0.0808811 -0.0926366 -0.0160499 0.237349 0.465438 0.3007 -0.223974 0.227655 0.310448 0.586385 288.778 -61.1594 0.0272745 0.142189 0.136818 0.83925 -97.039 -24.1406 
-0.0458044 0.0666611 0.00194352 0.210029 -0.123118 0.349066 0.116624 0.0129319 -0.174533 0.0647434 0.21919 0 -0.140663 -0.0267739 0.169246 0.614548 0.389006 -0.278491 0.196604 0.260343 -0.790546 288.696 -60.1955 0.0494761 0.12674 0.112924 0.83925 -97.039 -24.1406 
-0.0706738 0.0230614 0.0599703 0.198426 -0.162576 0.296556 0.11781 0.0636346 -0.10575 0.0811035 0.0218366 0.0537211 -0.139497 -0.0227557 0.269663 0.630483 0.357837 -0.224499 0.148459 0.348552 4.1274 289.461 -62.8324 0.0434529 0.16208 0.181542 0.83925 -97.039 -24.1406 
-0.133316 0.0405605 0 0.123708 -0.172929 0.349066 0.0113675 0.026197 -0.154215 0.0694334 0.152564 0.0254659 -0.0534391 -0.0486235 0.22782 0.813884 0.294348 -0.163329 0.0378433 0.467139 3.87827 286.459 -61.397 0.0162907 0.194829 0.160886 0.83925 -97.039 -24.1406 
-0.0532504 0.0655604 0.00532525 0.2058 -0.156345 0.29732 0.0357326 0.0336285 -0.132977 0.176222 0.181345 0.00351551 0.0585684 0.0491351 0.0476708 0.793441 0.302317 -0.0607767 0.0704977 0.540475 -0.294731 290.279 -58.7827 0.0327184 0.200116 0.120655 0.83925 -97.039 -24.1406 
0.0553631 -0.0425359 0.0376755 0.282357 -0.109722 0.291871 0.103982 0.00106305 -0.124185 0.0479949 0.145762 0 0.021944 -0.00263321 0.0304783 0.832399 0.209114 -0.20996 0.00986802 0.604731 -2.05306 289.752 -61.6843 0.0588096 0.0977846 0.137032 0.83925 -97.039 -24.1406 
0.0852942 -0.125919 0.111632 0.285758 0.023899 0.260868 0.212447 0.113953 -0.114269 -0.0145664 0.316539 0.0470625 -0.0638055 -0.0573953 0.13566 0.859284 0.272919 -0.00109491 0.0477519 0.62508 -5.87726 292.777 -60.2897 0.089975 0.0822858 0.116963 0.83925 -97.039 -24.1406 
0.270242 -0.157514 0.311945 0.145514 -0.05267 0.309979 0.378521 0.224442 0.118704 0.00665636 0.38695 0.190739 -0.0762441 -0.00685345 0.124046 0.92788 0.211883 0.161907 0.128693 0.619627 -8.579 299.198 -63.248 0.156441 -0.0386407 0.0620183 0.83925 -97.039 -24.1406 
-0.001741 -0.157689 0.312621 0.045195 -0.134053 0.249381 0.596335 0 0.18273 0.178934 0.435904 0 0.12455 0.0647685 0.382941 0.969976 0.319871 0.139276 0.240033 0.617621 3.11993 297.171 -63.823 0.123927 0.14852 0.153087 0.83925 -97.039 -24.1406 
-0.0626915 -0.209278 0.232982 0.000545299 -0.174533 0.317006 0.671642 0.000903531 0.34702 0.247928 0.374106 0.00122647 -0.106986 0.133756 0.380707 1.20251 0.351283 0.018962 0.282541 0.697786 2.43109 294.555 -63.2776 0.143303 0.223858 0.173341 0.83925 -97.039 -24.1406 
-0.174533 -0.20944 0.000685767 0 -0.0831244 0.349066 0.720693 0 0.362525 0.261838 0.5029 0.29587 -0.0483874 0.221639 0.427851 1.23434 0.539271 0.132988 0 0.803553 4.61725 292.069 -61.3656 0.168492 0.299445 0.231808 0.83925 -97.039 -24.1406 
-0.172493 -0.20944 0.0902192 0.000183099 -0.130805 0.349066 0.99465 0.058167 0.241838 0.0993536 0.518839 0.325412 -0.170032 0.144881 0.0478582 1.32936 0.62203 0.170291 0.0700278 0.931571 6.47436 287.671 -64.7411 0.311798 0.133586 0.239339 0.83925 -97.039 -24.1406 
-0.00276949 -0.20944 0.238636 0.118445 -0.13759 0.246535 1.11914 0.15023 0.220798 0.0606872 0.62488 0.362914 -0.101254 0.0139655 0.297178 1.05716 0.459417 0.162845 0.0843365 0.809634 6.47417 290.965 -63.1891 0.332618 0.0992082 0.298024 0.83925 -97.039 -24.1406 
6.24552e-005 -0.13258 0.295117 0.292853 -0.174533 0.1551 1.10994 0.0621964 0.14262 0.067793 0.751065 0.406676 -0.114942 0.132251 0.46317 1.04527 0.532344 0.221832 0.212825 0.76972 9.81228 288.647 -65.0162 0.373512 -0.0775878 0.221391 0.83925 -97.039 -24.1406 
-0.154257 -0.141947 0.0917149 0.321772 -0.0585329 0.160828 1.25958 0.0420073 0.104461 -0.0633249 0.704464 0.313828 -0.0685783 0.104278 0.377112 1.14177 0.558499 0.192473 0.0571862 0.673092 7.93285 287.975 -63.7085 0.494924 -0.124025 0.192369 0.83925 -97.039 -24.1406 
0.0187194 -0.193327 0.0755759 0.209181 0.0754209 0.310268 1.44411 0.0669477 0.211029 -0.139859 0.80917 0.31038 -0.0667074 0.277545 0.341663 1.22721 0.487355 0.130531 0.236433 0.722418 7.89077 291.873 -57.2723 0.449926 -0.0370961 0.166248 0.83925 -97.039 -24.1406 
-0.0898843 -0.169798 0.31751 0 -0.118699 0.049408 1.41536 0.0177498 0.201939 -0.298061 0.746003 0.146298 -0.149648 0.348922 0.339284 1.13724 0.697081 0.295968 0.305571 0.450411 7.06987 289.55 -57.956 0.468949 -0.201272 0.156074 0.83925 -97.039 -24.1406 
-0.132414 -0.20944 0.317276 0.2194 0.0917266 0.124118 1.51887 0.0805218 -0.0171962 -0.0659225 0.991498 0.140102 0.0327568 0.173943 0.353802 1.24067 0.686482 0.201497 0.226408 0.390244 6.06762 293.19 -57.9334 0.458589 -0.163602 0.216726 0.83925 -97.039 -24.1406 
-0.0577521 -0.20944 0.451699 0.18324 0.195296 0.282829 1.54021 0.0366597 0.0309899 0.0504964 1.01558 0.371029 -0.085469 0.248604 0.441342 1.41332 0.525629 -0.00559681 0.422176 0.241321 2.22389 300.168 -54.8144 0.445241 0.072302 0.229924 0.83925 -97.039 -24.1406 
-0.0320859 -0.192814 0.445491 0.0721995 0.466688 0.213265 1.51448 0.294958 0.195344 -0.189793 0.891627 0 -0.174533 0.344333 0.683835 1.36388 0.610047 0.347634 0.551981 0 5.04119 295.214 -52.9007 0.496697 -0.101606 0.17106 0.83925 -97.039 -24.1406 
-0.0497937 -0.20944 0.397295 0.0737816 0.468837 0.18488 1.56527 0.50157 0.106748 -0.211246 0.807243 0.0682832 -0.171399 0.349066 0.65252 1.22787 0.609677 0.349048 0.456207 0.0125124 5.34264 291.119 -55.9188 0.456079 -0.227026 0.126228 0.83925 -97.039 -24.1406 
-0.156967 -0.164058 0.659705 0.0142049 0.180395 0.348597 1.54167 0.411659 0.104574 -0.0114717 0.789873 0 -0.00766688 0.164632 0.502672 0.888015 0.650531 0.331769 0.255558 0 2.07762 297.665 -51.3049 0.592971 -0.0860357 0.0766999 0.83925 -97.039 -24.1406 
-0.158884 -0.188431 0.730234 0.0592864 0.164318 0.32712 1.70931 0.44727 0.111444 -0.0777209 0.734259 0 0.0897496 0.0428721 0.597815 0.808801 0.71177 0.285532 0.309458 0.140682 5.42377 293.485 -50.2453 0.443097 -0.230721 0.134732 0.83925 -97.039 -24.1406 
-0.0843735 -0.060199 0.662329 0.00234579 0.311738 0.223934 1.6252 0.373766 0.303118 -0.0939871 0.828811 0.0663576 0.28261 -0.0199222 0.783387 0.549739 0.505986 0.257771 0.399328 0.220741 4.92575 293.214 -42.9823 0.354155 -0.0804816 0.185584 0.83925 -97.039 -24.1406 
-0.0553836 -0.20944 0.456855 0.0539618 0.395542 0.316927 1.67908 0.282974 0.198319 -0.00518804 0.832026 0 0.356921 -0.13052 0.791712 0.350302 0.671626 0.208656 0.643545 0.179243 -0.903692 300.49 -45.4983 0.387904 -0.132742 0.0965565 0.83925 -97.039 -24.1406 
0.138102 -0.0558746 0.412428 0 0.244128 0.257082 1.63513 0.345046 0.371224 0.0971847 0.731546 0.121818 0.188684 -0.0538922 0.657097 0.224897 0.896493 0.153579 0.769484 0.529862 -3.94567 300.06 -43.3699 0.30164 -0.0942602 0.0718546 0.83925 -97.039 -24.1406 
0.00208084 -0.0643269 0.430769 0.0584811 0.0583505 0.0244199 1.67812 0.331314 0.131042 -0.0752611 0.940127 0.231979 0.331752 -0.00125782 0.760014 0.320124 0.745095 0.128299 0.694744 0.456363 -11.769 298.341 -40.3341 0.221972 0.0301052 0.114842 0.83925 -97.039 -24.1406 
-0.121892 -0.0511962 0.549163 0.0359517 0.199921 -0.0665307 1.72042 0.261813 0.0368473 0.00644733 0.861354 0.386525 0.417815 0.179329 0.964052 0.337865 1.04845 0.279785 0.700294 0.569958 -11.4673 298.667 -36.0636 0.17623 0.0874631 0.188381 0.83925 -97.039 -24.1406 
0.185794 -0.20944 0.000373176 0.277144 0.354442 0.0573235 1.74398 0.174889 -0.174533 -0.263911 0.921587 0.776814 0.718457 0.349066 1.0361 0.153921 0.717689 0.349024 0.479588 0.197893 1.06505 295.86 -36.3328 -0.104737 0.11833 0.372166 0.83925 -97.039 -24.1406 
0.137427 -0.0841141 0.0600365 0.322641 0.37553 0.100785 1.72752 0.199422 -0.144563 -0.231188 0.947243 0.900527 0.740768 0.30813 1.12761 0.274744 0.615544 0.270685 0.547705 0.000113618 -3.38268 298.572 -34.7373 -0.121974 0.155812 0.293668 0.83925 -97.039 -24.1406 
0.0755115 -0.0142911 0.0503773 0.347135 0.318042 0.266048 1.51689 0.346008 -0.131234 -0.128945 0.865875 1.00191 0.884668 0.285125 1.17718 0.186441 0.481526 0.337934 0.699258 0.110516 -2.19472 295.975 -31.6983 -0.161814 0.129459 0.241256 0.83925 -97.039 -24.1406 
0.130669 0.018467 0 0.234281 -0.174533 0.167752 1.28768 0.486605 -0.174533 -0.191537 0.858536 0.379106 0.843932 0.347335 1.48152 0 0.272658 -0.103184 0.613823 0.00367765 2.29605 296.174 -27.9082 -0.107234 0.0998436 0.339478 0.83925 -97.039 -24.1406 
0.164358 0.0681781 0.160875 0.228549 -0.174533 0.178742 1.28322 0.345613 -0.0336094 -0.0854798 0.77743 0.41547 0.903577 0.245517 1.29084 0.0109513 0.233004 -0.324762 0.572004 0.045231 -3.52501 297.258 -31.5439 -0.154675 0.119016 0.242399 0.83925 -97.039 -24.1406 
0.112305 0.0688584 0.354747 0 -0.141083 0.105604 0.93786 0 0.015244 -0.2006 0.14396 0.445107 0.74388 0.280856 1.1963 0.0687323 0.268869 -0.349066 0.325019 0.16301 -6.39607 298.354 -36.6961 -0.0734673 0.045845 0.2499 0.83925 -97.039 -24.1406 
0.030977 0.158488 0.537525 0.122719 -0.156652 0.349066 0.79319 0.0123176 0.0141909 -0.0838916 0.220876 0.402832 0.671397 0.0878013 1.32658 0 0.142021 -0.227584 0.381813 0 -4.78123 299.678 -35.2548 -0.0619602 0.0280111 0.177095 0.83925 -97.039 -24.1406 
-0.0158656 0.182922 0.574001 0.0229268 -0.122192 0.284372 0.860033 0.124976 0.0426871 -0.0849838 0.209082 0.367023 0.851004 0.182696 1.22819 0.00996582 0.261479 -0.293486 0.228343 0.1053 -4.79718 299.788 -39.6588 -0.113587 0.0614669 0.182812 0.83925 -97.039 -24.1406 
-0.173221 0.2198 0.570149 0.0370419 -0.0871666 0.263965 0.929043 0.0266543 -0.0541832 -0.0673583 0.264148 0.560007 0.717666 0.343687 1.08785 0 0.216069 -0.160458 0.274802 0.191185 -1.11017 296.549 -39.7123 -0.127278 0.102926 0.17175 0.83925 -97.039 -24.1406 
-0.174533 0.287375 0.495763 0 -0.174533 0.328673 0.947263 0.0122887 -0.174413 -0.00936772 0.376454 0.597561 0.642801 0.349066 1.17175 0 0.203392 -0.0747664 0.374533 0.137907 -3.00464 296.411 -41.7082 -0.0907797 0.111439 0.107875 0.83925 -97.039 -24.1406 
-0.0900178 0.234014 0.326059 0.120224 -0.141446 0.274814 0.910488 0.0381928 -0.174533 0.09789 0.451495 0.566197 0.493004 0.349066 1.14418 0.0240517 0.297588 -0.0149785 0.334113 0.27559 -0.784991 296.029 -40.5306 -0.112172 0.111644 0.0863493 0.83925 -97.039 -24.1406 
-0.128921 0.196956 0.418585 0.112812 -0.174533 0.349066 0.842999 0.0760111 -0.145689 0.0982857 0.311999 0.507632 0.398125 0.349061 1.14416 0.0492218 0.168633 -0.0480351 0.266872 0.214857 -1.8988 293.721 -38.1009 -0.114594 0.086981 0.0751843 0.83925 -97.039 -24.1406 
-0.0850458 0.232166 0.470762 0.179102 -0.156323 0.349066 0.825947 0.145517 -0.083391 0.0448546 0.164646 0.459373 0.351891 0.346666 1.14875 0.0594676 0.263565 -0.137207 0.19389 0.35115 -5.98446 294.583 -37.9523 -0.109715 0.0976182 0.0657335 0.83925 -97.039 -24.1406 
0.0039052 0.285648 0.323539 0.226805 -0.158614 0.349066 0.786025 0.184943 -0.168734 0.0491862 0.119159 0.470888 0.385462 0.314742 1.07606 0.0666357 0.371167 -0.159669 0.148971 0.320605 -4.36457 297.791 -38.9194 -0.0433927 0.0912741 0.0631364 0.83925 -97.039 -24.1406 
-0.0236286 0.307026 0.346122 0.171125 -0.174532 0.349066 0.719419 0.0628092 -0.06245 0.0404487 0.233627 0.555408 0.421108 0.33532 1.11472 0.0972934 0.314432 -0.109831 0.13569 0.337928 -2.0635 295.051 -39.4358 -0.125361 0.106362 0.0849115 0.83925 -97.039 -24.1406 
-0.0687839 0.280299 0.389844 0.115075 -0.174533 0.349066 0.580003 0.25368 -0.0548076 0.115487 0 0.558479 0.397594 0.349066 1.00602 0.121716 0.267363 0.0236787 0 0.403559 -1.2924 296.201 -40.9324 -0.0664904 0.0761763 0.03927 0.83925 -97.039 -24.1406 
0.069883 0.233504 0.241941 0.050839 -0.174533 0.320918 0.515505 0.327061 -0.167713 0.107399 0 0.563164 0.164404 0.330462 1.10624 0 0.242053 -0.00456092 0.0928503 0.372114 0.506857 295.292 -39.3729 -0.0371754 0.037494 0.083855 0.83925 -97.039 -24.1406 
0.100726 0.151606 0.312914 0 -0.160753 0.287698 0.501907 0.203278 -0.174533 0.0100371 0.072698 0.439727 0.0895526 0.270533 0.911193 0.0521781 0.198582 -0.0930303 0.209119 0.268184 1.8502 295.382 -41.5512 -0.0295971 0.0298944 0.154681 0.83925 -97.039 -24.1406 
0.176544 0.155688 0.337439 0.0510985 -0.174384 0.27056 0.436737 0.100787 -0.172066 0.00604179 0.0310462 0.264295 0.170987 0.24977 0.892778 0.139046 0.121183 -0.171456 0.331891 0.207921 -0.0333746 296.197 -40.7941 0.0159933 -0.0135896 0.156547 0.83925 -97.039 -24.1406 
0.454494 0.253752 0.261175 0 -0.124809 0.261311 0.584898 0.137149 -0.174533 -0.0717783 0.0130049 0.237443 0.0355682 0.184176 0.98167 0 0.0990982 -0.269914 0.264067 0.286421 -2.57129 295.569 -39.7374 0.0089663 -0.0863529 0.127097 0.83925 -97.039 -24.1406 
