-0.0090812 -0.054669 0.0315372 0.0015531 -0.0691876 0.349066 0.102364 0.0604204 -0.0427054 0.0805103 0.0274411 0.269105 0.0677143 -0.0785407 0.0613378 0.0516066 0.290154 -0.349066 0.0346843 0.160728 -35.5166 311.03 -50.2834 -0.0303286 0.100498 -0.0875839 -5.4316 -98.018 -19.0519 
-0.0327177 -0.0467118 0.00173353 0.00475775 -0.101926 0.349066 0.102979 0.0596637 -0.044981 0.0695063 0.026105 0.109432 0.0799423 -0.0533656 0.0321035 0.0404088 0.293573 -0.349066 0.046755 0.108144 -34.9974 310.508 -50.86 -0.0215484 0.108449 -0.0833001 -5.4316 -98.018 -19.0519 
-0.0324711 -0.0465087 0.00202624 0.00710087 -0.109977 0.348653 0.111586 0.0680442 -0.0461309 0.0644763 0.0255546 0.0896035 0.0846776 -0.0516804 0.0360725 0.0126067 0.303252 -0.349066 0.0737557 0.0862271 -35.0662 311.454 -51.006 -0.0170711 0.10603 -0.0780693 -5.4316 -98.018 -19.0519 
-0.035492 -0.0500775 0.00036957 0.015236 -0.108296 0.348969 0.103527 0.0708601 -0.0480409 0.0636374 0.0216261 0.0935698 0.080943 -0.0486707 0.0121895 0.00813892 0.31934 -0.349066 0.0902731 0.034923 -35.1052 311.554 -50.9331 -0.0162862 0.106166 -0.0792878 -5.4316 -98.018 -19.0519 
-0.0485989 -0.0570162 0.000688577 0.0132904 -0.113487 0.349043 0.0984433 0.102472 -0.0511076 0.063136 0.0216572 0.0905707 0.0782278 -0.0627686 0.0131972 0.0106557 0.352114 -0.349066 0.0839542 0.0207896 -35.0916 311.573 -50.8437 -0.0158787 0.105821 -0.0794345 -5.4316 -98.018 -19.0519 
-0.0455471 -0.062193 0 0.0498366 -0.124706 0.349066 0.0746513 0.0978968 -0.0597443 0.060395 0.013396 0.0617102 0.0811052 -0.0946602 0.0895945 0.00405222 0.364936 -0.349066 0.157633 0.0750126 -34.6007 311.367 -50.9596 -0.0106106 0.0968915 -0.0800129 -5.4316 -98.018 -19.0519 
-0.0673357 -0.0647826 0.00328558 0.0870539 -0.146739 0.344562 0.0397086 0.0343188 -0.0711296 0.0476973 0.00259712 0.0223496 0.122601 -0.119954 0.0656695 0.142348 0.395587 -0.349066 0.211827 0.150879 -34.6995 311.291 -50.9103 -0.00155063 0.097605 -0.0851375 -5.4316 -98.018 -19.0519 
-0.0908447 -0.0637297 0.00150684 0.102971 -0.160926 0.338631 0.012529 0.0209086 -0.0801291 0.0321116 0.0194779 0.102116 0.118264 -0.137545 0.385085 0 0.418979 -0.349066 0.314105 0.244445 -34.6789 310.909 -51.3229 0.00750823 0.09216 -0.0937079 -5.4316 -98.018 -19.0519 
-0.117361 -0.0599601 0.0189203 0.0901315 -0.163618 0.311888 0.000469437 0.0266647 -0.0689486 0.0255141 0.0662879 0.291428 0.200699 -0.140854 0.44326 0.13875 0.427612 -0.346156 0.419215 0.353343 -34.7288 310.827 -50.8221 0.0229397 0.0808608 -0.0990978 -5.4316 -98.018 -19.0519 
-0.125583 -0.0811468 0.0173299 0.0506067 -0.127436 0.267489 0.00716733 0.124447 0.030341 0.0658765 0.332601 0.794429 0.258637 -0.0717413 0.930206 0.167043 0.532393 -0.299535 0.491638 0.299351 -35.3494 311.075 -51.5137 0.010491 0.0844431 -0.104075 -5.4316 -98.018 -19.0519 
0.0375262 -0.148595 0.170646 0.207961 -0.027758 0.174069 0.104816 0.161188 0.114193 0.055213 0.618748 0.981834 0.427438 -0.00852152 1.10407 0.358453 0.635261 -0.219616 0.670351 1.08886 -29.6472 318.179 -57.0499 0.0120657 -0.122108 -0.0380256 -5.4316 -98.018 -19.0519 
0.106405 -0.139539 0.549613 0.0219348 -0.107053 0.03482 0.197987 0.359457 0.0348458 0.00965623 0.760334 0.330815 0.344027 0.0720771 0.894722 0.184425 0.937482 -0.224084 0.876854 1.40632 -31.3189 327.325 -55.0613 0.0681741 -0.296738 0.0629743 -5.4316 -98.018 -19.0519 
0.202142 -0.176289 0.402146 0.052777 -0.157191 0.0402759 0.158772 0.167738 -0.0317017 0.0567681 0.685107 0.175796 0.325046 0.186447 0.697799 0.210432 1.05199 0.271999 0.740873 1.48329 -33.9058 324.044 -55.727 0.16377 -0.306238 0.053228 -5.4316 -98.018 -19.0519 
0.167003 -0.208771 0.286391 0.0573706 -0.126762 0.00596177 0.145791 0.229205 0.0241653 0.0588036 0.729242 0.307073 0.384458 0.16809 0.631489 0.244352 1.11691 0.338884 0.678021 1.51471 -34.1595 318.522 -53.6583 0.1502 -0.295613 0.0739147 -5.4316 -98.018 -19.0519 
0.118485 -0.208693 0.299183 0.0380371 -0.102683 -0.00238768 0.185882 0.241601 0.0127346 0.122256 0.836867 0.453655 0.432317 0.128922 0.521142 0.311799 1.03492 0.33435 1.06973 1.53175 -33.6697 318.197 -54.889 0.158137 -0.29427 0.110727 -5.4316 -98.018 -19.0519 
0.163867 -0.185665 0.329265 0.0485117 -0.111588 0.0100587 0.837746 0.136571 0.0398037 0.147601 0.962906 1.17531 0.347796 0.112755 0.603473 0.358242 1.00832 0.333092 1.66605 1.49777 -32.5395 320.143 -55.0559 0.15925 -0.321423 0.0919568 -5.4316 -98.018 -19.0519 
0.219515 -0.202022 0.272626 0.276913 -0.0333309 -0.0662475 0.899975 0.177808 0.171724 0.0310508 1.07415 1.38154 0.399785 0.053274 0.625745 0.358115 0.866491 0.329076 1.73171 1.56703 -31.7346 320.369 -49.9855 0.11776 -0.32512 0.122127 -5.4316 -98.018 -19.0519 
0.0161548 -0.207495 0.165267 0.435131 -0.0879552 -0.133355 0.903587 0.1419 0.261466 0.0661062 1.15131 1.49199 0.496979 -0.140187 0.762461 0.0191137 0.719479 0.31646 1.74533 1.41723 -29.4023 324.401 -42.3943 0.0851386 -0.0723082 0.174313 -5.4316 -98.018 -19.0519 
0.153593 -0.192843 0.106385 0.327855 -0.0475271 -0.118221 0.916418 0.190581 0.28652 0.0916428 1.15436 1.46076 0.503909 -0.263446 0.536433 0.0511262 0.403809 -0.15517 1.65583 1.5708 -29.1205 323.481 -39.5236 0.065752 -0.079414 0.159813 -5.4316 -98.018 -19.0519 
0.153981 -0.182353 0.110172 0.32435 -0.0309494 -0.0978936 0.824851 0.169486 0.246204 0.168706 1.1933 1.48428 0.428054 -0.247589 0.414102 0.00260491 0.223982 -0.346247 1.41364 1.5708 -28.7729 322.638 -35.655 0.0669125 -0.0715759 0.131329 -5.4316 -98.018 -19.0519 
0.165264 -0.183345 0.0848825 0.240403 -0.0359703 -0.107469 0.680397 0.042041 0.150751 0.183449 1.20345 1.5494 0.374736 -0.184742 0.152225 0.0431862 0.218922 -0.348008 1.28473 1.56558 -28.8734 322.742 -36.073 0.0597886 -0.071287 0.124762 -5.4316 -98.018 -19.0519 
0.260978 -0.167833 0.0665841 0.116875 0.00839321 -0.114697 0.557949 0.0256125 0.0992544 0.200313 1.25927 1.49718 0.310302 -0.15213 0.139804 0.0370644 0.204694 -0.329101 1.24719 1.56127 -26.3703 323.226 -36.8356 0.0179235 -0.0947444 0.113409 -5.4316 -98.018 -19.0519 
0.203989 -0.131794 0.110553 0.147443 -0.0465735 -0.12194 0.504215 0.0184752 0.026384 0.218534 1.35635 1.50222 0.225851 -0.137758 0.148149 0.0153282 0.136435 -0.347568 1.24869 1.45208 -26.8198 324.061 -36.705 -0.00852625 -0.098564 0.080342 -5.4316 -98.018 -19.0519 
0.123044 -0.134686 0.0913656 0.197284 -0.039853 -0.11979 0.325721 0.0506087 -0.109336 0.239218 1.47124 1.49974 0.193218 -0.100354 0.146037 0.0598084 0.177142 -0.348958 1.20606 1.51224 -28.0357 322.421 -37.2805 -0.0304781 -0.0586381 0.0507042 -5.4316 -98.018 -19.0519 
0.126813 -0.11993 0.0895607 0.184222 -0.00377957 -0.112133 0.234374 0.0540533 -0.151643 0.192276 1.42797 1.54318 0.177148 -0.114768 0.147121 0.116092 0.222093 -0.347952 1.19153 1.53633 -27.0642 323.02 -38.5551 -0.050745 -0.0561669 0.0311798 -5.4316 -98.018 -19.0519 
0.165653 -0.108221 0.0630866 0.12075 -0.000680372 -0.0825523 0.138267 0.0502359 -0.172539 0.0842832 1.1193 1.56487 0.189912 -0.134843 0.168444 0.300047 0.227661 -0.34748 1.16313 1.29109 -24.9476 323.787 -38.1416 -0.0384367 -0.0576139 0.00732326 -5.4316 -98.018 -19.0519 
