-0.0988443 -0.0248225 0.011091 1.14691 -0.0747346 0.286798 0.107022 0.32629 -0.0765328 -0.0120106 0.114122 0.135424 0.0546197 -0.162138 0.0509905 0.294934 0.157991 -0.346477 0.151256 0.243134 -20.2629 274.683 -49.1601 0.0327879 0.127002 -0.114123 -7.3104 -99.691 -2.8703 
-0.0792709 -0.0281226 0.0063829 1.14474 -0.0811864 0.286376 0.244876 0.362556 -0.0742935 0.0265602 0.140977 0.0752906 0.0713447 -0.157025 0.122958 0.0772163 0.234066 -0.34882 0.167269 0.0652534 -19.5095 276.007 -50.1556 0.0472034 0.121502 -0.117514 -7.3104 -99.691 -2.8703 
-0.0620291 -0.0146477 0.0189862 1.15761 -0.0619319 0.281518 0.322017 0.223751 -0.0772711 0.0449764 0.175619 0.076748 0.0484864 -0.161283 0.128659 0.146845 0.248559 -0.348972 0.169985 0.0908052 -18.1858 276.344 -49.9168 0.0533868 0.106675 -0.118269 -7.3104 -99.691 -2.8703 
-0.0573076 -0.0164271 0.0107222 1.1374 -0.068147 0.280596 0.308693 0.201348 -0.0818607 0.0447124 0.183126 0.0763378 0.0356785 -0.154604 0.107559 0.143003 0.24572 -0.349066 0.153604 0.0196053 -17.9883 276.13 -50.1205 0.0632331 0.101101 -0.117705 -7.3104 -99.691 -2.8703 
-0.0502892 -0.0106358 0.00462989 1.14044 -0.0789291 0.290473 0.322001 0.119401 -0.0758338 0.0540725 0.14179 0.0779749 0.0569073 -0.131093 0.0494761 0.104816 0.220947 -0.346712 0.150738 0.00671274 -17.2078 276.074 -50.2807 0.0720543 0.0931055 -0.125489 -7.3104 -99.691 -2.8703 
-0.034753 -0.0120669 0.000730854 1.01959 -0.104456 0.290629 0.322219 0.073667 -0.0829835 0.055005 0.102877 0.0582624 0.0540684 -0.12238 0.0292439 0.0886878 0.209331 -0.349066 0.133414 0.00740931 -17.315 276.201 -50.513 0.0899367 0.0954064 -0.128891 -7.3104 -99.691 -2.8703 
-0.0343686 -0.00548919 0.019284 1.02354 -0.108404 0.289096 0.312743 0.0447402 -0.0850108 0.0571387 0.0660702 0.051356 0.0469126 -0.120934 0.0317933 0.1653 0.21394 -0.349057 0.114692 0.0182579 -16.9799 276.566 -50.6038 0.103312 0.0999473 -0.132802 -7.3104 -99.691 -2.8703 
-0.028886 -0.00197045 0.0114128 1.02249 -0.110566 0.288692 0.311084 0.00667713 -0.0902326 0.0582577 0.0639313 0.0325327 0.0434733 -0.114094 0.0378462 0.193313 0.210831 -0.349066 0.100333 0.0021929 -15.5234 276.573 -50.6895 0.108685 0.0995092 -0.136721 -7.3104 -99.691 -2.8703 
-0.0172315 0.00455806 0.0108866 1.02481 -0.112554 0.293282 0.314512 0.00669936 -0.0959719 0.063415 0.0572473 0.0567636 0.0626126 -0.10684 0.0374607 0.215631 0.224685 -0.349066 0.0936691 0.0501169 -15.5419 276.513 -50.8202 0.115414 0.100625 -0.138068 -7.3104 -99.691 -2.8703 
-0.0105762 0.0145672 0.0364833 1.04696 -0.112168 0.29853 0.315229 0.0101538 -0.095573 0.0715446 0.0557054 0.0981809 0.0629591 -0.101121 0.169203 0.234787 0.241734 -0.347904 0.12692 0.178927 -15.3324 276.281 -51.252 0.115128 0.102389 -0.139983 -7.3104 -99.691 -2.8703 
0.00764924 0.0153397 0.0417164 1.07031 -0.114115 0.301891 0.318674 0.0116052 -0.0959612 0.0729585 0.06136 0.119943 0.112037 -0.0999406 0.177908 0.372227 0.249265 -0.349066 0.134349 0.264609 -15.3313 276.254 -51.2205 0.114978 0.103969 -0.138291 -7.3104 -99.691 -2.8703 
0.0161141 0.0182351 0.0460656 1.1051 -0.118297 0.305085 0.271155 0.0143155 -0.10023 0.0763668 0.0591784 0.142589 0.137677 -0.0942997 0.194379 0.500849 0.25818 -0.32792 0.158842 0.264042 -15.3508 276.17 -50.8597 0.122513 0.106028 -0.138391 -7.3104 -99.691 -2.8703 
0.0615029 0.0203083 0.0385482 1.12923 -0.111087 0.298647 0.215882 0.0401253 -0.113454 0.0747018 0.0848787 0.162787 0.175794 -0.0987988 0.252464 0.471032 0.258602 -0.303014 0.184935 0.255771 -15.1304 275.978 -51.0396 0.128815 0.111296 -0.137084 -7.3104 -99.691 -2.8703 
0.111312 0.0233129 0.0417712 1.20677 -0.113351 0.29782 0.217666 0.0393524 -0.113503 0.0753048 0.0888585 0.158642 0.206049 -0.104372 0.252414 0.562797 0.262378 -0.255701 0.198759 0.264794 -15.0762 275.868 -50.947 0.129131 0.112647 -0.136857 -7.3104 -99.691 -2.8703 
0.138171 0.0310942 0.0624889 1.36041 -0.13704 0.291412 0.187729 0.0623885 -0.127881 0.0706009 0.0635459 0.126996 0.20286 -0.108585 0.388399 0.718057 0.269838 -0.207761 0.19766 0.271683 -14.9231 275.24 -50.1749 0.150034 0.117288 -0.131569 -7.3104 -99.691 -2.8703 
0.18091 -0.00611313 0.0791008 1.54786 -0.16495 0.29227 0.192656 0.15687 -0.123694 0.0914446 0.0499483 0.253592 0.194598 -0.0942567 0.562849 0.714219 0.280264 -0.164681 0.231249 0.316066 -15.0111 274.94 -50.2393 0.151403 0.118173 -0.131086 -7.3104 -99.691 -2.8703 
0.218064 -0.0139644 0.152664 1.56841 -0.165163 0.295361 0.208626 0.163015 -0.135292 0.0937955 0.0645391 0.338284 0.238911 -0.111443 0.741372 0.643652 0.285969 -0.120984 0.277924 0.348501 -15.082 274.564 -50.1071 0.150292 0.1161 -0.12569 -7.3104 -99.691 -2.8703 
0.270776 0.00659931 0.363515 1.5553 -0.150944 0.294134 0.212911 0.314448 -0.135008 0.0947539 0.071434 0.380214 0.300592 -0.122217 0.721446 0.748215 0.302171 -0.0646657 0.238564 0.866944 -14.7233 276.72 -51.1376 0.151406 0.0794192 -0.131568 -7.3104 -99.691 -2.8703 
0.376045 -0.0516388 0.392631 1.5542 -0.1464 0.299532 0.301565 0.135288 -0.111395 0.0960925 0.0676804 0.413284 0.337716 -0.136245 0.806997 0.86529 0.300045 0.0147698 0.331138 1.06153 -14.8543 278.194 -51.2909 0.155828 0.0912423 -0.134874 -7.3104 -99.691 -2.8703 
0.325914 -0.051489 0.680896 1.29478 -0.0881525 0.292632 0.33447 0.104575 -0.0760068 0.0857632 0.12992 0.39582 0.350208 -0.100509 0.84724 1.02046 0.369193 0.0418278 0.279501 1.35318 -14.8518 279.197 -52.9244 0.131585 0.0567355 -0.134934 -7.3104 -99.691 -2.8703 
0.455677 -0.0712241 0.695877 1.1475 -0.0893556 0.30067 0.358428 0.114556 -0.0598971 0.0950318 0.140534 0.389633 0.349994 -0.0408516 0.849011 1.09176 0.380812 0.0868522 0.426001 1.37067 -14.0728 278.652 -52.663 0.131382 0.0419573 -0.140756 -7.3104 -99.691 -2.8703 
0.53034 -0.110861 0.702418 1.07454 -0.107722 0.308097 0.362106 0.265365 -0.0714736 0.126176 0.167003 0.303464 0.381508 0.0100211 0.8644 1.00931 0.386794 0.140778 0.457515 1.36984 -14.1848 278.718 -52.5281 0.128924 0.0460388 -0.137556 -7.3104 -99.691 -2.8703 
0.567051 -0.116226 0.728005 1.07316 -0.112868 0.304174 0.358855 0.231894 -0.0741864 0.125803 0.189596 0.292793 0.399829 0.0846679 0.866608 1.00271 0.406401 0.166197 0.4511 1.29685 -13.9025 278.583 -52.7944 0.12523 0.0573458 -0.133552 -7.3104 -99.691 -2.8703 
0.596821 -0.15384 0.7214 1.07924 -0.111655 0.30789 0.363886 0.206577 -0.0768193 0.142801 0.190305 0.297216 0.434663 0.100256 0.909679 0.958144 0.410388 0.178959 0.467275 1.26822 -13.9418 278.358 -52.7573 0.126202 0.0557385 -0.141915 -7.3104 -99.691 -2.8703 
0.602388 -0.173154 0.718046 0.976614 -0.131985 0.295604 0.269517 0.313524 -0.0829567 0.131128 0.148875 0.325626 0.438759 0.111775 0.964483 0.839367 0.407094 0.211401 0.462306 1.28462 -13.6479 278.213 -53.1916 0.150855 0.0728467 -0.13335 -7.3104 -99.691 -2.8703 
0.599574 -0.179296 0.720621 0.946282 -0.133581 0.296477 0.255547 0.312999 -0.0948354 0.140521 0.153714 0.313242 0.44963 0.115134 0.971264 0.893651 0.402096 0.211775 0.452007 1.2957 -13.4183 276.73 -53.0866 0.15239 0.0746788 -0.134063 -7.3104 -99.691 -2.8703 
0.644658 -0.183873 0.697257 0.928375 -0.169671 0.291495 0.277108 0.288952 -0.130095 0.135558 0.156063 0.340749 0.452283 0.122477 1.00759 0.738518 0.426171 0.226807 0.389109 1.33372 -12.6298 276.432 -53.5819 0.169835 0.0831517 -0.131988 -7.3104 -99.691 -2.8703 
0.702923 -0.206071 0.675396 0.811722 -0.173276 0.285291 0.272016 0.0714121 -0.126911 0.120776 0.105922 0.354054 0.467157 0.121689 1.11065 0.518116 0.433226 0.250929 0.412828 1.35641 -11.9992 276.177 -53.4055 0.174719 0.0901802 -0.134774 -7.3104 -99.691 -2.8703 
0.712105 -0.205197 0.684422 0.709471 -0.174229 0.294201 0.27363 0.072913 -0.124582 0.115806 0.102137 0.410054 0.480083 0.126327 1.17062 0.386836 0.435865 0.251287 0.394535 1.41768 -12.0704 276.091 -53.4345 0.172021 0.0968298 -0.132517 -7.3104 -99.691 -2.8703 
0.756307 -0.198195 0.677864 0.690093 -0.169657 0.301738 0.247171 0.0727271 -0.121516 0.113905 0.0911206 0.367509 0.51826 0.142334 1.18639 0.367909 0.418441 0.259809 0.38131 1.41174 -11.9836 276.959 -53.099 0.178287 0.103271 -0.133433 -7.3104 -99.691 -2.8703 
0.782061 -0.201043 0.671993 0.609158 -0.174284 0.301247 0.253454 0.0758376 -0.124163 0.107311 0.10544 0.366645 0.525856 0.136837 1.17173 0.366498 0.419637 0.255633 0.357763 1.47987 -12.0485 277.02 -53.551 0.185143 0.100458 -0.127357 -7.3104 -99.691 -2.8703 
0.803182 -0.201614 0.663896 0.596906 -0.172631 0.294626 0.238454 0.106027 -0.123209 0.102997 0.125745 0.383059 0.536039 0.143809 1.19236 0.162381 0.438074 0.249151 0.363581 1.4849 -12.2336 277.157 -53.7898 0.18324 0.105083 -0.123604 -7.3104 -99.691 -2.8703 
0.698628 -0.137461 0.77118 0.800891 -0.148793 0.257255 0.247433 0.205157 -0.0801963 0.0702319 0.179417 0.29037 0.50282 0.168465 1.22377 0.109431 0.379414 0.231065 0.537997 1.45441 -12.6446 278.522 -52.7487 0.16064 0.117861 -0.11364 -7.3104 -99.691 -2.8703 
0.758901 -0.101794 0.591602 1.32809 -0.119532 0.224741 0.237321 0.22112 -0.0484042 0.091461 0.12646 0.265724 0.444432 0.160285 1.31602 0.178578 0.331935 0.189336 0.679176 1.47906 -13.9798 278.25 -52.1225 0.15239 0.120939 -0.0998316 -7.3104 -99.691 -2.8703 
0.820862 -0.00410164 0.653305 1.57063 -0.152452 0.204632 0.280568 0.169828 -0.131051 0.0855669 0.220746 0.308354 0.350279 0.142571 1.34429 0.106432 0.339297 0.168025 0.713873 1.56334 -14.2228 279.353 -52.6948 0.166615 0.115514 -0.0830749 -7.3104 -99.691 -2.8703 
0.707151 0.000143831 0.702221 1.56815 -0.149038 0.235933 0.238799 0.158644 -0.1462 0.0813129 0.220844 0.274723 0.288264 0.159799 1.28731 0.0702188 0.304429 0.204558 0.739527 1.37904 -13.8007 280.688 -52.4655 0.189508 0.0888954 -0.097861 -7.3104 -99.691 -2.8703 
0.699341 0.0727336 0.650983 1.53648 -0.104647 0.271627 0.440166 0.110394 -0.0608131 0.122181 0.275368 0.146216 0.312385 0.0930945 1.21489 0.0836867 0.261732 0.183057 0.735553 1.2361 -13.5914 280.604 -52.4445 0.146986 0.0445512 -0.11839 -7.3104 -99.691 -2.8703 
0.446215 0.166398 0.715486 1.42014 -0.0893947 0.267907 0.450689 0.193152 -0.0218164 0.123309 0.269101 0.295925 0.316554 0.0948152 1.18793 0.0633578 0.303141 0.150075 0.637504 1.16567 -13.84 280.64 -52.0109 0.131277 0.0425721 -0.122353 -7.3104 -99.691 -2.8703 
0.417434 0.204805 0.603697 1.36193 -0.0357431 0.273391 0.359041 0.441808 -0.00733675 0.125404 0.312445 0.341708 0.290593 0.0948459 1.09264 0.0863827 0.295706 0.170043 0.641978 1.04724 -14.1643 279.392 -49.8034 0.105556 0.0569709 -0.129363 -7.3104 -99.691 -2.8703 
0.407301 0.215612 0.612786 0.998637 -0.045913 0.292538 0.375233 0.189073 0.00341332 0.124061 0.267707 0.245791 0.215302 0.0807149 1.04689 0.1424 0.252987 0.114251 0.664971 1.03522 -14.0725 279.246 -49.7261 0.114152 0.0775204 -0.132222 -7.3104 -99.691 -2.8703 
0.41775 0.215209 0.599496 0.908158 -0.0568821 0.295227 0.35002 0.13432 -0.00154471 0.137138 0.230311 0.217403 0.214147 0.0741346 1.02021 0.134548 0.243189 0.0785394 0.516714 1.22015 -14.0545 278.35 -49.1256 0.121892 0.0970358 -0.137716 -7.3104 -99.691 -2.8703 
0.480445 0.221938 0.448375 0.883425 -0.0670939 0.291041 0.238072 0.219963 -0.0113341 0.128688 0.208256 0.16592 0.197838 0.0197046 0.728671 0.0970467 0.158486 0.0233806 0.443496 1.22696 -13.0494 278.061 -46.9894 0.12828 0.104629 -0.12741 -7.3104 -99.691 -2.8703 
0.512198 0.239805 0.403537 0.742873 -0.099519 0.295563 0.27326 0.212558 -0.0161706 0.137592 0.197452 0.092621 0.203867 -0.00399034 0.557695 0.018391 0.158424 -0.0365442 0.294895 1.11129 -12.8846 277.98 -45.8366 0.127377 0.109037 -0.121177 -7.3104 -99.691 -2.8703 
0.514043 0.250919 0.41288 0.649846 -0.100594 0.313205 0.279418 0.132339 -0.0279892 0.149498 0.204747 0.119687 0.19741 -0.00975547 0.507718 0.0297327 0.167913 -0.0800079 0.310425 0.794087 -12.6509 278.166 -45.2051 0.125767 0.115485 -0.121055 -7.3104 -99.691 -2.8703 
0.528236 0.250034 0.415889 0.453624 -0.0996441 0.317832 0.304292 0.0758571 -0.0387954 0.149436 0.209885 0.123848 0.182823 -0.0193967 0.50234 0.0195061 0.176946 -0.122147 0.360246 0.46053 -12.5455 278.045 -45.1235 0.124774 0.116374 -0.121131 -7.3104 -99.691 -2.8703 
0.521159 0.247796 0.443476 0.243804 -0.103304 0.323527 0.327862 0.034226 -0.0397264 0.139092 0.160103 0.160005 0.167705 -0.0285298 0.45367 0.0281029 0.209601 -0.163964 0.299336 0.250574 -12.4409 278.023 -45.1983 0.126904 0.122019 -0.120317 -7.3104 -99.691 -2.8703 
0.524399 0.248247 0.44517 0.153592 -0.102336 0.332143 0.328363 0.0288667 -0.0451208 0.137651 0.156696 0.154567 0.157304 -0.0325677 0.3432 0.0261508 0.213754 -0.201245 0.258815 0.08843 -12.434 278.045 -45.1883 0.127683 0.123066 -0.12075 -7.3104 -99.691 -2.8703 
0.527676 0.249774 0.442701 0.100671 -0.101186 0.33742 0.30492 0.0804016 -0.0587265 0.138436 0.158507 0.161736 0.151593 -0.0332566 0.271751 0.0112043 0.220637 -0.227347 0.233505 0.00702609 -12.339 277.922 -45.1005 0.127627 0.124962 -0.120673 -7.3104 -99.691 -2.8703 
0.531299 0.249395 0.435078 0.0374806 -0.10491 0.335947 0.30645 0.0666141 -0.0677778 0.139763 0.15996 0.172593 0.131324 -0.0343413 0.260572 0.00322506 0.225924 -0.234755 0.222378 0.00701559 -12.3975 277.855 -45.0691 0.126958 0.125769 -0.121769 -7.3104 -99.691 -2.8703 
0.532162 0.248772 0.42152 0.0119288 -0.106563 0.337791 0.303922 0.049289 -0.0700279 0.138828 0.157441 0.171463 0.121974 -0.0379899 0.243513 8.25384e-005 0.235375 -0.23791 0.20256 0.00297866 -12.361 277.828 -45.1013 0.125963 0.125342 -0.121097 -7.3104 -99.691 -2.8703 
0.527217 0.246566 0.408308 0.00024617 -0.10568 0.335269 0.303479 0.0352806 -0.0683086 0.129037 0.152942 0.157479 0.122022 -0.046037 0.214051 0.00194921 0.24211 -0.255537 0.202684 0.0140184 -12.2112 278.045 -45.1671 0.121775 0.126884 -0.115368 -7.3104 -99.691 -2.8703 
0.526052 0.242139 0.357159 8.72527e-005 -0.110726 0.333843 0.301844 0.0408541 -0.0700711 0.122608 0.162404 0.115094 0.12689 -0.052068 0.18451 0.00930059 0.242947 -0.263667 0.214068 0.0161884 -11.99 278.24 -45.2252 0.121074 0.130384 -0.111834 -7.3104 -99.691 -2.8703 
0.51671 0.234528 0.288351 0 -0.0927115 0.340292 0.244657 0.0672229 -0.0733568 0.120307 0.160936 0.113196 0.133419 -0.0544859 0.137989 0.0116006 0.240453 -0.277989 0.212466 0 -11.9789 278.878 -45.2839 0.119299 0.125478 -0.113128 -7.3104 -99.691 -2.8703 
0.502442 0.232502 0.223622 0 -0.0858584 0.339509 0.24754 0.0714085 -0.0697936 0.121058 0.163875 0.11739 0.144729 -0.052676 0.123676 0.0137008 0.263225 -0.289276 0.1855 0 -12.1005 278.89 -45.2076 0.113905 0.125206 -0.113345 -7.3104 -99.691 -2.8703 
0.473873 0.235702 0.203854 0 -0.0805173 0.342428 0.222319 0.0544108 -0.0762954 0.125716 0.173054 0.0948658 0.14554 -0.0539237 0.114055 0.0107621 0.281287 -0.29287 0.158904 0 -12.0572 278.928 -45.1542 0.112296 0.120584 -0.112998 -7.3104 -99.691 -2.8703 
0.470767 0.234046 0.15499 0.00510515 -0.0832478 0.348691 0.206728 0.0504366 -0.0858657 0.125474 0.177158 0.0968186 0.145554 -0.0530238 0.102969 0.00604174 0.28502 -0.282124 0.132671 0.00178021 -12.054 279.529 -45.1598 0.113668 0.115407 -0.114413 -7.3104 -99.691 -2.8703 
0.452321 0.229592 0.153253 0 -0.0846776 0.349066 0.191185 0.07311 -0.0920975 0.126803 0.177409 0.0851801 0.137801 -0.0552116 0.10182 0.00476658 0.282642 -0.282603 0.142062 0 -11.9138 279.787 -45.3976 0.115948 0.110035 -0.112365 -7.3104 -99.691 -2.8703 
0.439825 0.217691 0.148494 0.00256269 -0.0885366 0.348975 0.195467 0.0707597 -0.0955044 0.131902 0.162122 0.075736 0.136971 -0.0510118 0.0927719 0.00971151 0.287216 -0.281021 0.138155 0.00213515 -11.9483 279.755 -45.3932 0.116251 0.110182 -0.111506 -7.3104 -99.691 -2.8703 
