0.0960753 0.0614365 0 0 -0.174533 0.293785 0 0.751453 -0.094092 0.0349864 0 0 0.0717823 -0.146851 0 0 0.406216 -0.349066 0 0 -24.8545 267.569 -36.192 -0.0135752 0.0702159 -0.035338 0.0783997 -98.162 -19.083 
0.0472627 0.0765821 0 0 -0.174533 0.30671 0 0.764097 -0.14585 0.0261711 0 0 0.0397154 -0.13962 0 0 0.387244 -0.349066 0 0 -24.5887 267.254 -36.0277 -0.0135752 0.0702159 -0.035338 0.0783997 -98.162 -19.083 
0.0294009 0.0770333 0.00233704 0.000753093 -0.172858 0.308236 0.000632441 0.73109 -0.158972 0.0276719 0.000414108 0.00114521 0.0311387 -0.144455 0 0 0.383975 -0.349066 0.0111973 0 -24.4564 266.973 -35.9906 -0.0135752 0.0702159 -0.035338 0.0783997 -98.162 -19.083 
0.0302651 0.0801996 0.000747952 0 -0.174438 0.312417 0 0.725297 -0.159449 0.0325601 0 0 0.031453 -0.143302 0 0 0.387899 -0.349066 0 0 -24.1023 266.7 -36.0176 -0.0135752 0.0702159 -0.035338 0.0783997 -98.162 -19.083 
0.030056 0.0792821 0.000624734 0 -0.174452 0.313777 0 0.686118 -0.159379 0.0373604 0 0.0054039 0.0309444 -0.143178 0 0 0.388149 -0.349066 0 0 -23.9335 266.467 -36.1102 -0.0135752 0.0702159 -0.035338 0.0783997 -98.162 -19.083 
0.0283369 0.0788367 0.000108823 0 -0.174533 0.316238 0 0.690192 -0.159357 0.0382434 0 0.00534856 0.0213235 -0.144057 0 0 0.387469 -0.349066 0 0 -23.7213 266.254 -36.0889 -0.0135752 0.0702159 -0.035338 0.0783997 -98.162 -19.083 
0.0313813 0.0716803 9.67133e-006 0 -0.174533 0.317202 0 0.657501 -0.164964 0.0406149 0 0 0.01895 -0.143623 0 0 0.393943 -0.349066 0 0 -23.676 266.065 -35.9429 -0.0135752 0.0702159 -0.035338 0.0783997 -98.162 -19.083 
0.0224636 0.0760487 0.0210695 0 -0.173885 0.324613 0 0.666447 -0.16562 0.0359974 0 0 0.0139637 -0.137948 0 0 0.352403 -0.348899 0 0 -23.6328 265.992 -35.7174 -0.0135752 0.0702159 -0.035338 0.0783997 -98.162 -19.083 
0.0252913 0.0761761 0.0134155 0 -0.174347 0.342893 0 0.663942 -0.163535 0.0290409 0 0 0.0149441 -0.135753 0 0 0.341341 -0.349011 0 0 -23.5869 265.838 -35.4555 -0.0135752 0.0702159 -0.035338 0.0783997 -98.162 -19.083 
0.0172993 0.0746278 0.018593 0 -0.174533 0.349066 0 0.675838 -0.163569 0.0270619 0 0 0.022865 -0.123099 0 0 0.346982 -0.349034 0 0 -23.5996 265.696 -35.3192 -0.0135752 0.0702159 -0.035338 0.0783997 -98.162 -19.083 
0.0162943 0.0873899 0.0194078 2.00274e-005 -0.174161 0.349066 0 0.672819 -0.1576 0.0176854 0 0 0.0171664 -0.12784 0 0.0136235 0.370135 -0.349066 0 0 -23.9364 269.901 -35.5685 -0.0137955 0.0713552 -0.0359113 0.0783997 -98.162 -19.083 
0.0179437 0.0851848 0.00417803 1.83191e-005 -0.17415 0.349066 0 0.687051 -0.160842 0.015318 0 0 0.0114862 -0.126463 0 7.44947e-005 0.324853 -0.349066 0 0 -23.3848 265.522 -34.2351 -0.0137955 0.0713552 -0.0359113 0.0783997 -98.162 -19.083 
0.0151308 0.0834275 6.81295e-006 0 -0.171557 0.349066 0 0.695773 -0.164337 0.0146188 0 0 -0.00327989 -0.113653 0 0 0.288552 -0.349066 0 0 -23.3249 265.473 -34.0707 -0.0137955 0.0713552 -0.0359113 0.0783997 -98.162 -19.083 
0.0117858 0.086503 0 0 -0.171341 0.349066 0 0.586782 -0.165916 0.0205973 0 0 -0.0160813 -0.101525 0 0 0.273617 -0.349066 0 0 -23.2548 265.454 -34.0369 -0.0137955 0.0713552 -0.0359113 0.0783997 -98.162 -19.083 
0.018668 0.0865677 0 0 -0.174533 0.349066 0 0.476304 -0.164046 0.0315741 0 0 -0.0120092 -0.0913742 0 0 0.267025 -0.349066 0 0 -23.2636 265.415 -33.5113 -0.0137955 0.0713552 -0.0359113 0.0783997 -98.162 -19.083 
0.016376 0.0919487 0.0108799 0 -0.174533 0.349066 0.0289622 0.461029 -0.167507 0.0587678 0 0.526802 0.00510214 -0.0669646 0.0202142 0 0.283792 -0.349066 0 0.00195565 -23.2633 265.382 -33.3992 -0.0137955 0.0713552 -0.0359113 0.0783997 -98.162 -19.083 
0.0178108 0.089761 0.00216371 0.256069 -0.174533 0.349066 0.0121679 1.37894 -0.16702 0.0545622 0 1.32312 0.0321753 -0.0558 0.0223524 0 0.304512 -0.348483 0.00270968 0.000351435 -23.1804 265.366 -33.1419 -0.0137955 0.0713552 -0.0359113 0.0783997 -98.162 -19.083 
0.0252849 0.0927788 0 0.5668 -0.158227 0.349066 0 1.5708 -0.174533 0.0770753 0.0057971 1.5708 0.0111423 -0.00962395 0 1.50097 0.390475 -0.349066 0.166685 0.118295 -23.3172 270.23 -33.2667 -0.014048 0.0726612 -0.0365686 0.0783997 -98.162 -19.083 
-0.174533 0.128407 0.0481003 1.5708 -0.174533 0.349066 0.722689 1.5708 -0.174533 0.0976876 0.789439 1.5085 -0.174043 0.100622 0.747401 1.5708 0.11168 -0.349066 0.80512 0.13774 -23.1179 268.715 -32.6107 -0.0142242 0.0735726 -0.0370273 0.0783997 -98.162 -19.083 
-0.173729 0.149841 0.0714607 1.5708 -0.174533 0.346209 1.03191 1.5708 -0.0981989 0.102792 1.06815 1.5708 -0.174527 0.232234 1.05144 1.5708 0.0439719 -0.22637 1.06653 0.231385 -22.5119 265.52 -31.6671 -0.0142242 0.0735726 -0.0370273 0.0783997 -98.162 -19.083 
-0.174533 0.115015 0 1.5708 -0.153672 0.349066 1.16267 1.5708 -0.174533 0.223818 1.49989 0 -0.174533 0.322624 1.10045 1.5708 -0.174008 -0.349066 1.59966 0 -22.8042 271.988 -31.8354 -0.0145458 0.0752361 -0.0378645 0.0783997 -98.162 -19.083 
-0.174533 0.147908 0.117358 1.5708 -0.174533 0.349066 1.5374 1.5708 -0.140922 0.303718 1.68458 0 -0.174533 0.343124 1.49238 1.5708 -0.0981288 -0.349066 1.74533 0.612048 -22.4001 271.096 -31.1455 -0.0148021 0.0765619 -0.0385318 0.0783997 -98.162 -19.083 
-0.0911175 0.162103 0.235842 1.5708 -0.165633 0.349066 1.74533 1.5708 -0.0367206 0.349066 1.74533 0 -0.174533 0.349066 1.73206 1.5708 -0.167152 -0.349066 1.74533 0.721372 -22.3695 271.294 -27.802 -0.0150546 0.0778675 -0.0391888 0.0783997 -98.162 -19.083 
0.00595859 0.117091 0.317597 1.5708 -0.174533 0.349066 1.74533 1.5708 0.313749 0.349066 1.74533 0.00672636 -0.174533 0.349066 1.74533 1.5708 0.18403 -0.212466 1.74533 0.517203 -22.1071 267.386 -26.4758 -0.0150745 0.0779708 -0.0392408 0.0783997 -98.162 -19.083 
0.140732 0.158892 0.373791 1.5708 -0.174533 0.349066 1.74533 1.5708 0.537366 0.349066 1.74533 1.5708 -0.174533 0.349066 1.74533 1.22458 0.350957 0.325158 1.73945 0.638308 -23.2563 278.199 -27.4886 -0.0156943 0.0811763 -0.0408541 0.0783997 -98.162 -19.083 
0.242787 0.146001 0.386539 1.5708 -0.129752 0.349066 1.74267 1.56952 0.599361 0.335497 1.7171 1.5708 -0.173933 0.348329 1.74419 0.876433 0.59598 0.345806 1.74533 1.07547 -23.3284 278.634 -27.5232 -0.0163608 0.0846236 -0.042589 0.0783997 -98.162 -19.083 
0.380164 0.0992352 0.233616 1.09546 0.429901 0.315289 1.74533 1.43824 0.577872 0.348093 1.7448 0.798956 -0.12898 0.341143 1.68228 1.01103 0.697274 0.317634 1.74468 1.38656 -24.3672 287.603 -28.441 -0.0176008 0.0910373 -0.0458169 0.0783997 -98.162 -19.083 
0.624066 -0.105888 0 1.10661 0.764439 0.349066 1.74533 1.5708 0.776567 0.349066 1.26038 1.5708 0.49875 0.349066 1.65312 1.5708 0.907728 0.32149 1.64595 1.5708 -24.3005 283.636 -29.3417 -0.0186714 0.0965753 -0.048604 0.0783997 -98.162 -19.083 
0.860798 -0.20944 0.0371736 0.273472 0.92248 0.34906 1.74533 1.5708 0.974145 0.349066 0.859243 1.5708 0.808719 0.349066 1.70917 1.56624 1.18677 0.349066 1.74533 1.44306 -24.7457 289.015 -31.6019 -0.0201784 0.10437 -0.0525268 0.0783997 -98.162 -19.083 
0.760403 -0.196591 0 1.09268 0.955438 0.349066 1.74533 1.55435 0.922744 0.342431 1.50193 1.5708 0.929781 0.340061 1.7042 1.56985 1.08702 0.349066 1.54218 1.5708 -25.9643 272.879 -29.9883 -0.02059 0.106499 -0.0535982 0.0783997 -98.162 -19.083 
0.711209 -0.164826 0 1.5708 1.15568 0.348333 1.74533 1.5708 0.984821 0.345991 1.6765 1.5708 1.03911 0.275036 1.74435 1.57032 1.07683 0.225065 1.69363 1.5708 -28.5174 280.947 -30.4896 -0.0216659 0.112064 -0.056399 0.0783997 -98.162 -19.083 
0.716627 -0.171547 0 1.5708 1.19629 0.335979 1.74533 1.5708 1.05047 0.349066 1.74533 1.44941 1.54025 0.337495 1.74533 1.5708 1.43121 0.285008 1.74533 1.5708 -29.3832 282.855 -30.3202 -0.0230163 0.119049 -0.0599141 0.0783997 -98.162 -19.083 
0.758366 -0.20944 0.0201663 1.5708 1.25799 0.349066 1.74533 1.5708 1.08527 0.349066 1.33281 1.44821 1.5708 0.343179 1.74533 1.5708 1.5708 0.315626 1.74533 0.582552 -29.5554 283.941 -30.3379 -0.0245824 0.127149 -0.063991 0.0783997 -98.162 -19.083 
0.787557 -0.20944 0 1.5708 1.38904 0.349066 1.74533 1.5708 1.12789 0.349066 1.40384 1.56282 1.5708 0.349066 1.74533 1.5708 1.559 0.0968596 1.74533 0.184786 -29.8447 286.797 -30.6595 -0.0266048 0.13761 -0.0692555 0.0783997 -98.162 -19.083 
0.686792 -0.20944 0 1.5708 1.5708 0.349066 1.74533 0 1.20566 0.349066 1.44343 1.5708 1.5708 0.349066 1.74533 1.5708 1.5708 0.0635418 1.74533 0 -29.8396 286.453 -30.5128 -0.0288354 0.149147 -0.075062 0.0783997 -98.162 -19.083 
0.737383 -0.20944 0 1.13958 1.5708 0.237208 1.74533 0.142014 1.5708 0.34719 1.74533 1.55655 1.57001 0.349066 1.74533 1.5708 1.52383 -0.211821 1.74533 0 -29.5762 285.025 -30.1956 -0.0311916 0.161334 -0.0811954 0.0783997 -98.162 -19.083 
0.635864 -0.20944 0 1.57079 1.5708 0.217554 1.74533 0.295982 1.5708 0.215112 1.74533 1.57067 1.5708 0.305103 1.68907 1.32472 1.5708 -0.349066 1.74533 0.35408 -29.728 285.954 -29.6723 -0.0339135 0.175413 -0.0882808 0.0783997 -98.162 -19.083 
0.600107 -0.134737 0 1.414 1.54855 -0.0259253 1.74199 1.04664 1.49673 0.349066 1.74533 1.5708 1.54896 0.117203 1.74361 1.2252 1.56909 -0.349066 1.59518 0.694245 -29.6834 283.749 -28.8597 -0.0366399 0.189515 -0.095378 0.0783997 -98.162 -19.083 
0.58408 -0.199778 0 1.5678 1.5708 -0.349066 1.74533 0.946937 1.5708 0.270441 1.74533 1.5708 1.55722 0.240306 1.74533 1.5708 1.5708 -0.3447 1.74533 0.14436 -30.8736 287.467 -28.6094 -0.0401657 0.207751 -0.104556 0.0783997 -98.162 -19.083 
0.738026 -0.0781835 0.0952827 1.4797 1.5708 -0.349066 1.74533 1.29363 1.5708 0.0513103 1.74533 1.5708 1.5708 0.301771 1.74533 1.5708 1.5708 -0.349066 1.74533 0 -27.7275 287.777 -24.7715 -0.0790539 0.190562 -0.0995201 0.0783997 -98.162 -19.083 
0.900665 -0.00925215 0 1.51926 1.5708 -0.250372 1.74518 1.53406 1.56998 0.0301096 1.74533 1.55788 1.57047 0.294807 1.74059 1.56963 1.5708 -0.322478 1.74445 0.0261956 -26.1209 287.826 -25.3236 -0.113572 0.178289 -0.0894135 0.0783997 -98.162 -19.083 
0.826442 0.140005 0.0230391 1.56214 1.52923 0.0821495 1.74533 1.54168 1.53376 0.0611199 1.34094 1.56639 1.56777 0.322616 1.74533 1.44397 1.5708 -0.349066 1.74058 0.0798998 -23.2899 287.871 -22.0615 -0.167809 0.154893 -0.11696 0.0783997 -98.162 -19.083 
0.572625 0.349066 0.329829 1.5708 1.4145 0.0939596 1.63126 1.5708 1.49342 0.0134381 1.0692 1.57056 1.56384 0.315257 1.74533 1.55287 1.5708 -0.349066 1.74533 0.0015621 -24.8455 290.058 -20.7376 -0.278254 0.17336 -0.0977925 0.0783997 -98.162 -19.083 
0.48091 0.346757 0.237108 1.5708 1.29677 0.270087 1.74533 1.5708 1.37048 0.0415965 0.969937 1.5708 1.51836 0.337982 1.74533 1.55891 1.5708 -0.277555 1.74533 0 -25.2564 288.055 -21.2257 -0.305099 0.219824 -0.10081 0.0783997 -98.162 -19.083 
0.425275 0.310109 0.156289 1.5708 1.14224 0.280604 1.74533 1.54562 1.35424 0.12275 0.948557 1.5708 1.46111 0.349061 1.74533 1.52352 1.5708 -0.180008 1.74533 0 -25.0859 288.329 -21.2388 -0.305075 0.219358 -0.102149 0.0783997 -98.162 -19.083 
0.363784 0.249929 0 1.5708 1.0495 0.349066 1.74533 1.55752 1.34366 0.148356 1.05864 1.5708 1.44905 0.349066 1.74533 1.52664 1.5708 -0.118181 1.74533 0.0105941 -23.5206 287.645 -21.4146 -0.29399 0.229841 -0.104443 0.0783997 -98.162 -19.083 
0.271257 0.250748 0 1.56827 0.999658 0.349066 1.74342 1.5672 1.30747 0.195982 1.08379 1.56909 1.40517 0.349066 1.74533 1.56839 1.5708 -0.0597663 1.71328 0.0765858 -24.0265 290.271 -18.4136 -0.28678 0.260593 -0.114737 0.0783997 -98.162 -19.083 
0.18425 0.26259 0.0204089 1.5708 0.972455 0.349066 1.71348 1.55707 1.21526 0.292667 1.11902 1.5708 1.44402 0.275433 1.74533 1.56055 1.57064 -0.0829283 1.7316 0.288042 -21.4933 289.974 -14.2879 -0.33708 0.298593 -0.0545369 0.0783997 -98.162 -19.083 
0.138768 0.33372 0.220438 1.52915 0.925492 0.347724 1.74533 1.5708 1.09076 0.221019 1.06831 1.09076 1.09076 0.221019 1.74533 1.39945 1.30261 0.106563 1.74479 0.303781 -19.1876 290.698 -10.3969 -0.365567 0.285519 -0.0241594 0.0783997 -98.162 -19.083 
0.195641 0.349066 0.00759714 1.5708 0.782735 0.349066 1.74533 1.5708 1.06889 0.290657 0.751962 1.5708 0.857871 0.349066 1.74533 1.20252 1.091 0.308692 1.74533 0.25314 -16.8714 290.838 -12.3871 -0.356537 0.279983 -0.053989 0.0783997 -98.162 -19.083 
0.206827 0.349066 0 1.5708 0.61182 0.349066 1.74531 1.5708 0.991001 0.30513 0.587372 1.56537 0.77968 0.26192 1.74533 1.5708 1.01015 0.349066 1.72891 0.996501 -16.3624 290.603 -15.2987 -0.355531 0.252944 -0.0683646 0.0783997 -98.162 -19.083 
0.175553 0.349066 0 1.53019 0.528842 0.342162 1.74533 1.5708 0.93051 0.309565 0.542344 1.37289 0.661156 0.211817 1.74533 1.5708 1.01075 0.346508 1.68982 1.35334 -16.7898 290.764 -15.2751 -0.370446 0.265757 -0.0736408 0.0783997 -98.162 -19.083 
0.146783 0.348847 0 1.49024 0.388539 0.349041 1.74533 1.5708 0.947011 0.327085 0.0226279 1.5708 -0.164484 0.107906 1.074584 1.5708 0.0377952 0.153864 1.053828 1.35334 -16.2694 291.472 -15.6212 -0.374377 0.271531 -0.0795567 0.0783997 -98.162 -19.083 
0.0759826 0.349066 0.0597864 1.41289 0.125406 0.349066 1.74533 1.5708 0.790486 0.254531 0.123007 1.5708 -0.174533 0.0746433 0.182973 1.5708 -0.0808468 0.0270214 1.36377 0.488042 -18.4078 283.951 -15.227 -0.363495 0.265113 -0.084431 0.0783997 -98.162 -19.083 
0.0937015 0.349066 0.0936662 1.48831 0.0169174 0.349066 1.74533 1.5708 0.704264 0.140062 0.225483 1.5708 -0.174533 0.0811998 0 0.630933 0.0476313 -0.106049 1.26217 0.968101 -15.9732 281.869 -16.2914 -0.371797 0.210748 -0.0679314 0.0783997 -98.162 -19.083 
0.118381 0.349066 0.0269631 1.50029 -0.174533 0.349066 0.722689 1.5708 0.652981 0.47805 0.137141 1.5708 0.174533 0.11345 0.000231238 0.354711 0.220036 -0.134177 0.42224 0 -14.6693 281.807 -16.5279 -0.370171 0.20174 -0.0618837 0.0783997 -98.162 -19.083 
-0.164672 0.349066 0.407656 0.646962 -0.151139 0.34673 0.0515076 1.55412 0.41302 0.336244 0 1.5708 0.284427 0.0751157 0.127351 0.863729 0.473832 -0.211327 0.00794396 0.442424 -13.1544 276.756 -23.1244 -0.29193 0.251321 -0.0211844 0.0783997 -98.162 -19.083 
-0.174533 0.24482 0.316945 0.458403 -0.170319 0.34735 0.1478 1.41335 0.17817 0.259452 0.160061 1.02133 0.327154 0.0967809 0.229031 0.192129 0.55708 -0.21845 0.0285636 0.15741 -13.6205 277.512 -26.6814 -0.223408 0.271782 -0.0176227 0.0783997 -98.162 -19.083 
-0.174225 0.23695 0.372747 0.243266 -0.0865906 0.349055 0.28065 1.13914 0.160398 0.21207 0.128298 0.473844 0.365736 0.0524661 0.1747 0 0.611279 -0.229993 0.112226 0 -13.5033 277.221 -26.3077 -0.215471 0.262535 -0.0146892 0.0783997 -98.162 -19.083 
-0.174316 0.238069 0.378131 0.18881 -0.0146642 0.349064 0.40383 0.602066 0.126756 0.182273 0.161977 0.363159 0.369445 -0.00406316 0.0954205 0.0407167 0.61926 -0.267241 0.23877 0 -13.5289 277.197 -26.5729 -0.216079 0.264166 -0.0179987 0.0783997 -98.162 -19.083 
-0.174533 0.241626 0.396113 0.183912 -0.00930354 0.349064 0.53022 0.315263 0.115825 0.155697 0.190542 0.0754894 0.391308 -0.0311975 0 0.0367454 0.667593 -0.300224 0.151924 0 -13.5365 277.195 -26.5677 -0.216085 0.264327 -0.0180388 0.0783997 -98.162 -19.083 
-0.152685 0.266336 0.439982 0.158688 -0.00134537 0.349066 0.454286 0.107368 0.112866 0.135815 0.20659 0 0.39214 -0.0401637 0 0.00438103 0.723844 -0.32436 0 0 -13.6662 277.349 -26.834 -0.207843 0.258049 -0.0185189 0.0783997 -98.162 -19.083 
-0.140878 0.291894 0.447028 0.174277 -0.000374736 0.349066 0.41207 0.0628488 0.112866 0.127959 0.20659 0 0.39214 -0.0327486 0 0.00438103 0.766767 -0.32436 0 0 -13.6662 277.349 -26.834 -0.207843 0.258049 -0.0185189 0.0783997 -98.162 -19.083 
-0.130423 0.290395 0.453952 0.22641 0.033131 0.349066 0.35995 0 0.074661 0.102939 0.238922 0.149336 0.390317 -0.0596743 0.000714383 0 0.784467 -0.34578 0 0 -13.5633 276.966 -28.4418 -0.213822 0.244268 0.000366347 0.0783997 -98.162 -19.083 
-0.111518 0.289854 0.450005 0.275014 0.0404988 0.349066 0.327065 0 0.0875583 0.0952593 0.159939 0.167346 0.380037 -0.0620953 0.0136069 0 0.78968 -0.347603 0 0 -13.6577 276.93 -28.5235 -0.209672 0.24272 0.00755524 0.0783997 -98.162 -19.083 
-0.0974436 0.271217 0.436327 0.204135 0.0366213 0.348706 0.325876 0 0.0882395 0.0684229 0.175121 0 0.381193 -0.0908644 0.00205434 0 0.774936 -0.348498 0 0 -13.6219 277.115 -29.7848 -0.20467 0.238289 0.0147371 0.0783997 -98.162 -19.083 
