0.438608 0.102679 0 0 -0.174533 0.349066 0 0 -0.102065 0.210499 0 0.115794 -0.0532647 -0.0179235 0 0 0.257246 -0.349066 0 0 -46.6212 314.502 -31.6529 0.100038 -0.0234146 0.105653 12.3806 -98.599 -11.1776 
0.39998 0.122715 0.000439488 0.000698532 -0.171206 0.348893 0 0 -0.0955514 0.1824 0.000594894 0.0848443 -0.0537197 -0.0125777 0 0 0.248257 -0.349066 0.000345952 0 -49.454 315.775 -36.5697 0.104764 -0.0329207 0.0630767 12.3806 -98.599 -11.1776 
0.383903 0.132036 0 0 -0.173897 0.349066 0 0 -0.108314 0.171034 0.00021375 0.0813209 -0.0444695 0.016296 0 0 0.261389 -0.34899 3.172e-005 0 -49.7643 315.815 -38.1626 0.106329 -0.0276284 0.0292029 12.3806 -98.599 -11.1776 
0.367506 0.113542 0 0.0286018 -0.174533 0.346094 0 0 -0.122401 0.137079 0.0190018 0.185168 -0.0597171 0.0149353 0.0217578 0.0047958 0.2228 -0.349066 0 0.0169315 -50.1461 316 -39.3864 0.110266 -0.0291627 0.0227639 12.3806 -98.599 -11.1776 
0.365887 0.0921923 0 0 -0.172152 0.349066 0 0.012491 -0.0918057 0.119113 0 0.281994 -0.0326818 0.00556606 0 0 0.24163 -0.347285 0 0 -52.3689 315.281 -39.5867 0.102938 -0.0228353 0.0240305 12.3806 -98.599 -11.1776 
0.385089 0.0881379 0.00264085 0 -0.161792 0.348499 6.58672e-005 0.0148467 -0.0769374 0.113301 0.0011089 0.263186 -0.0263434 0.00467723 0.00238723 0 0.242497 -0.347093 0.000450486 0 -52.6751 315.208 -39.3549 0.0929611 -0.0236387 0.027587 12.3806 -98.599 -11.1776 
0.404172 0.0871324 0.000832981 0 -0.162208 0.348667 7.99532e-006 0.0125703 -0.0723899 0.113444 9.54927e-005 0.261277 -0.0278834 0.00685295 0.0012608 0 0.259623 -0.347531 0.000272011 0 -53.0566 315.865 -39.4885 0.0899052 -0.0222432 0.032293 12.3806 -98.599 -11.1776 
0.41312 0.0911109 0.000215422 0 -0.170637 0.348653 1.00438e-006 0.0180103 -0.0736382 0.113614 0 0.305814 -0.0258692 0.00663347 0.000404698 0 0.26355 -0.348301 0.000253689 0 -53.1427 315.941 -39.4989 0.093835 -0.0204429 0.0365396 12.3806 -98.599 -11.1776 
0.430774 0.0974201 0.000225585 0 -0.170446 0.349066 1.79244e-009 0.0161445 -0.0703659 0.113269 0 0.313486 -0.0222497 0.00881932 0.00029169 0 0.264159 -0.349061 0 0 -53.3765 315.921 -40.0048 0.0946815 -0.0179636 0.0404447 12.3806 -98.599 -11.1776 
0.431914 0.0923716 0.000234335 0 -0.170288 0.348126 1.02533e-009 0.00872299 -0.0731924 0.115035 0 0.323848 -0.0217468 0.00908887 0.00570506 0 0.270384 -0.347181 0 0 -52.813 315.994 -40.4599 0.093205 -0.00669372 0.0474168 12.3806 -98.599 -11.1776 
0.418467 0.08906 6.32732e-005 0.0113236 -0.172705 0.345447 0.00611097 0.00218125 -0.0827584 0.116141 0 0.332452 -0.00803364 0.00588461 0.00210955 0 0.272172 -0.346027 0 0.000174777 -52.7889 316.109 -40.1243 0.0853824 0.00359364 0.0575621 12.3806 -98.599 -11.1776 
0.412808 0.0859401 0.01766 0.0135802 -0.172694 0.349063 0.00768103 0.000241967 -0.08317 0.124656 0.00953752 0.335466 -0.00679044 0.0112498 0.00736903 0.00277636 0.239494 -0.346305 0 0.00536181 -52.7843 316.677 -40.3523 0.0821673 0.000124064 0.0617075 12.3806 -98.599 -11.1776 
0.421952 0.0740738 0.0152425 0.011238 -0.173039 0.349032 0.00684518 1.84195e-005 -0.0940267 0.117009 0.00109659 0.296269 -0.0023378 0.0202585 0.00074498 0.00255883 0.216797 -0.349066 0 0.00499748 -52.6821 317.159 -39.6942 0.0831861 0.0135777 0.0680527 12.3806 -98.599 -11.1776 
0.430526 0.0506532 0.125989 0.0106916 -0.163395 0.346604 0.0604461 0.0271575 -0.105826 0.117407 0.0222146 0.269575 0.0172782 -0.000768535 0.010647 0.0603675 0.226188 -0.327853 0.0271796 0.025544 -52.0793 317.292 -40.8731 0.072067 0.014632 0.0837396 12.3806 -98.599 -11.1776 
0.543405 -0.00929016 0.224408 0 -0.17347 0.349066 0.204222 0.062751 -0.0790476 0.0888735 0.00963448 0.355632 0.0559283 -0.00245964 0.0485397 0.0822454 0.236974 -0.318832 0.0352282 0.0807013 -52.2607 318.846 -44.9914 0.0414095 0.0143072 0.113093 12.3806 -98.599 -11.1776 
0.622429 -0.0144762 0.356215 0 -0.17405 0.349066 0.194298 0.089698 -0.0898106 0.0793034 0.0044719 0.350741 0.06595 0.0108825 0.0443752 0.0574969 0.197638 -0.306406 0.0358106 0.0716159 -51.8387 319.803 -46.501 0.0376044 0.0160026 0.123925 12.3806 -98.599 -11.1776 
0.597366 -0.0531042 0.366145 0 -0.174256 0.349066 0.172104 0.104245 -0.11313 0.0850556 0.00183896 0.25087 0.0528092 -9.77791e-005 0 0.0360681 0.132374 -0.34175 0.0897873 0.0622788 -52.1072 321.648 -49.0153 0.0488374 0.0406255 0.150114 12.3806 -98.599 -11.1776 
0.705659 -0.136485 0.209133 0.0022287 -0.174533 0.34658 0.489365 0.0622116 -0.127625 0.09515 0 0.410059 0.0241298 0.0474092 0 0.00288247 0.140117 -0.309855 0.137199 0.0271025 -47.7487 324.273 -52.1018 0.0565131 0.0420718 0.16681 12.3806 -98.599 -11.1776 
0.682389 -0.138718 0.325892 0.0981183 -0.0887058 0.318265 0.676768 0.305354 -0.132246 0.144546 0.0237038 0.419641 0.0523451 0.0709136 0.0616578 0 0.137905 -0.304198 0.213044 0.0484202 -48.8206 325.252 -52.4248 0.0533923 0.0286149 0.171916 12.3806 -98.599 -11.1776 
0.70946 -0.151168 0.407761 0.0646449 0.020542 0.319577 0.753382 0.448748 -0.132146 0.0963819 0.0438625 0.388409 0.0252162 0.0117538 0.0638757 0.0501455 0.124118 -0.29106 0.224489 0.0732274 -49.5587 324.291 -53.402 0.0515402 0.00186657 0.197573 12.3806 -98.599 -11.1776 
0.719773 -0.162455 0.400575 0.0501104 0.0686696 0.306119 0.786969 0.448609 -0.111925 0.114014 0.0709614 0.404539 -0.0132446 0.00483607 0.0562616 0.105654 0.166633 -0.324374 0.222313 0.128429 -48.511 325.477 -49.9736 0.0565718 -0.00789244 0.203384 12.3806 -98.599 -11.1776 
0.739613 -0.175239 0.348713 0.0723009 0.0995223 0.325799 0.802045 0.443119 -0.113392 0.112735 0.0722618 0.426578 -0.0166977 0.0144242 0 0.10249 0.171111 -0.326614 0.234219 0.0964258 -48.3881 325.493 -49.5753 0.0712779 -0.0194526 0.207236 12.3806 -98.599 -11.1776 
0.695781 -0.193698 0.373771 0.00799251 0.210308 0.348056 0.945612 0.477863 -0.148309 0.105846 0.136151 0.41274 -0.0196394 -0.0021187 0 0.0168274 0.120049 -0.333627 0.257018 0.00318973 -49.4143 325.389 -48.5867 0.0810387 -0.0350583 0.196815 12.3806 -98.599 -11.1776 
0.68637 -0.198212 0.452144 0.00394013 0.337015 0.348149 0.945557 0.564804 -0.170602 0.0821405 0.0815958 0.424117 -0.0432223 -0.0160682 0.00611967 0.0192657 0.0724489 -0.348527 0.279084 0 -49.8347 324.85 -47.5075 0.0994648 -0.0403685 0.207418 12.3806 -98.599 -11.1776 
0.691997 -0.20944 0.376738 0.0775333 0.436152 0.349066 0.878921 0.534946 -0.174533 0.074035 0.0882314 0.325803 -0.03413 0.00212147 0 0.0297872 0.0118153 -0.349066 0.219258 0 -48.6467 325.545 -46.7589 0.108434 -0.0499976 0.208762 12.3806 -98.599 -11.1776 
0.682445 -0.20944 0.380404 0.0811217 0.452679 0.349066 0.893094 0.539957 -0.174533 0.0734314 0.0899552 0.303003 -0.0499044 -0.00247735 0 0.0292368 -0.00954475 -0.349066 0.21531 0 -48.6106 325.82 -46.7174 0.114904 -0.0502159 0.211192 12.3806 -98.599 -11.1776 
0.697823 -0.20944 0.355601 0.0816717 0.463715 0.348657 0.892478 0.552778 -0.174533 0.0784825 0.146451 0.305924 -0.0559628 0.00427145 0.0107105 0.0221328 -0.0221175 -0.349066 0.221183 0 -48.2007 325.813 -46.1711 0.112246 -0.0512613 0.216455 12.3806 -98.599 -11.1776 
0.726877 -0.20944 0.414985 0.0693184 0.418938 0.349066 0.904185 0.457194 -0.174533 0.0798888 0.108732 0.294602 -0.0684562 -0.0215453 0.00997544 0.0574185 -0.0722253 -0.349066 0.19842 0.00663645 -46.8411 325.565 -43.8655 0.119688 -0.0965558 0.229542 12.3806 -98.599 -11.1776 
0.748377 -0.20944 0.447382 0 0.295097 0.349066 0.921809 0.39993 -0.174533 0.0737085 0.131445 0.304507 -0.0546468 -0.0145155 0.0104964 0.102546 -0.053906 -0.349066 0.177309 0 -46.8811 326.808 -42.8881 0.124274 -0.137503 0.237137 12.3806 -98.599 -11.1776 
0.696301 -0.206535 0.441703 0.00639943 0.117035 0.349066 0.959579 0.363405 -0.128507 0.106241 0.114213 0.31996 -0.0146743 -0.0678588 0.0347894 0.10263 0.0157363 -0.328225 0.177555 0.0619486 -47.2625 327.828 -41.8579 0.11898 -0.132149 0.239766 12.3806 -98.599 -11.1776 
0.735759 -0.20944 0.251578 0.00206347 -0.0216289 0.349066 0.850466 0.367633 -0.113161 0.103397 0.170502 0.272339 -0.0124443 -0.0523236 0.0330184 0.00215757 0.169853 -0.317378 0.283212 0.07698 -45.6508 327.167 -42.9393 0.0913998 -0.119095 0.220647 12.3806 -98.599 -11.1776 
0.755749 -0.147583 0.185802 0.0154294 -0.132759 0.319538 0.786294 0.351043 -0.138597 0.113662 0.169592 0.181832 -0.0135378 -0.0408738 0.00134707 7.37679e-005 0.111898 -0.323911 0.379967 0.20341 -46.6477 326.534 -43.9233 0.0825627 -0.127834 0.192462 12.3806 -98.599 -11.1776 
0.790702 -0.121085 0.151655 0 -0.174533 0.295854 0.775548 0.285503 -0.105211 0.0975743 0.131875 0.214296 -0.0341846 -0.0491471 0.00220857 0.00228816 0.0215762 -0.341034 0.366945 0.119997 -45.6315 323.356 -44.1985 0.0633295 -0.1761 0.183554 12.3806 -98.599 -11.1776 
0.863901 -0.0872408 0.124446 0 -0.174533 0.290725 0.730028 0.306757 -0.0862193 0.0900895 0.159472 0.182319 -0.00923533 -0.0765402 0 0 -0.033282 -0.346579 0.318037 0.126823 -46.7682 321.81 -42.867 0.0283738 -0.198002 0.17502 12.3806 -98.599 -11.1776 
0.85942 -0.0564757 0.112144 5.42228e-005 -0.174533 0.290098 0.724464 0.26368 -0.104584 0.0957437 0.160863 0.166525 -0.0115857 -0.0856298 0.000669639 0 -0.0453824 -0.349018 0.280269 0.0522314 -46.1282 321.117 -43.4368 0.00970096 -0.177643 0.173458 12.3806 -98.599 -11.1776 
0.863249 -0.0566513 0.00959541 0 -0.174533 0.304579 0.693953 0.266913 -0.116321 0.106759 0.113883 0.122977 -0.0185658 -0.0998136 0.000573211 0 -0.0438483 -0.349066 0.266292 0.0429465 -46.0152 320.805 -41.3935 0.00510963 -0.145203 0.166037 12.3806 -98.599 -11.1776 
0.845182 -0.0349761 0.00579467 0 -0.174533 0.297866 0.636221 0.150447 -0.138365 0.0890856 0.0737686 0.0770639 -0.048401 -0.0997652 0 0 -0.0404884 -0.349066 0.251676 0.0298257 -46.2139 321.121 -41.1562 0.0212165 -0.123886 0.160163 12.3806 -98.599 -11.1776 
0.826326 0.0195418 0.0115791 0.00251753 -0.174324 0.306054 0.617534 0.1043 -0.145115 0.0877222 0.11981 0.07909 -0.0402028 -0.095023 0.00119737 0 -0.0275718 -0.348809 0.245177 0.0294658 -46.2116 319.154 -41.1453 0.0269637 -0.0938826 0.143834 12.3806 -98.599 -11.1776 
0.853649 0.0358124 0.000954494 0 -0.174533 0.314639 0.643877 0.081778 -0.174515 0.113084 0.112033 0.0761912 -0.0365917 -0.0771217 1.12392e-005 0 -0.0638941 -0.349046 0.242935 0.0142395 -45.204 319.727 -41.8275 0.0409146 -0.118522 0.128368 12.3806 -98.599 -11.1776 
0.870962 0.0836693 0 0 -0.174533 0.330735 0.634553 0.0426956 -0.174524 0.12169 0.0824272 0.0271859 -0.00269681 -0.0885535 0 0 -0.0337886 -0.349066 0.288008 0.0142753 -45.9725 320.42 -43.2562 0.0477034 -0.117158 0.117762 12.3806 -98.599 -11.1776 
0.853362 0.115355 0 0 -0.174533 0.348879 0.601675 0 -0.174533 0.12036 0.115812 0.0218963 0.00670245 -0.0842776 0 0 -0.0205289 -0.349066 0.35134 0.0146221 -45.9923 319.879 -44.1572 0.0634963 -0.102865 0.105646 12.3806 -98.599 -11.1776 
0.84601 0.127368 0.01714 0 -0.165965 0.349066 0.555946 0.019163 -0.146991 0.117743 0.116817 0.0181076 0.0036785 -0.0784264 0.022498 0.0415688 -0.015921 -0.338662 0.331037 0.0125381 -46.2029 319.842 -44.6878 0.076329 -0.114556 0.0987814 12.3806 -98.599 -11.1776 
0.853984 0.126833 0.0375207 0.00418422 -0.173122 0.349066 0.545624 0.0145209 -0.112913 0.11759 0.164477 0.0144904 0.00284907 -0.0802788 0.0333518 0.0199213 -0.0123431 -0.341194 0.298504 0.026496 -46.6435 319.712 -44.4889 0.0803671 -0.107595 0.099734 12.3806 -98.599 -11.1776 
0.888656 0.106767 0.0625209 0.00412239 -0.174531 0.348996 0.520708 0.014145 -0.0584487 0.118553 0.204737 0.00382162 -0.000528398 -0.100702 0.0254752 0.000701937 -0.0310924 -0.341836 0.233031 0.0315571 -46.9589 318.365 -42.523 0.0797659 -0.0897752 0.105581 12.3806 -98.599 -11.1776 
0.881559 0.121965 0.0962677 0 -0.172842 0.344154 0.413274 0 -0.0659204 0.146222 0.335518 0 0.0151605 -0.1107 0.0570473 0 -0.0187764 -0.332331 0.341253 0.0149881 -46.6423 320.067 -39.8393 0.0754064 -0.00855574 0.109456 12.3806 -98.599 -11.1776 
0.955027 0.0852045 0.0896082 0.00364739 -0.165296 0.338566 0.376283 0.038884 -0.0429994 0.174297 0.517372 0 0.0431439 -0.0811683 0.0628476 0.00377301 -0.000429806 -0.34465 0.361295 0.00163563 -47.103 319.306 -40.0952 0.0625988 0.0348376 0.109083 12.3806 -98.599 -11.1776 
1.03586 0.0655702 0.155136 0.00279682 -0.171169 0.328812 0.327345 0.073709 -0.0310055 0.182603 0.544092 0.00409795 0.0158109 -0.0929302 0.0873584 0.00246738 0.0421763 -0.348887 0.292393 0.000525409 -46.6032 321.343 -39.9175 0.0685795 0.0490911 0.124996 12.3806 -98.599 -11.1776 
1.04207 0.0570186 0.325975 0.000386877 -0.174533 0.336492 0.410836 0.0330739 -0.0241413 0.203539 0.563981 0.325095 0.00986317 -0.0780735 0.275516 0.101977 0.148042 -0.332575 0.255488 0.00158407 -50.7106 324.345 -43.6924 0.053533 0.0833999 0.143093 12.3806 -98.599 -11.1776 
1.00526 -0.0167582 0.422859 0.0562557 -0.174533 0.286605 0.401588 0.188527 0.144728 0.237468 0.519536 0.38189 0.0192953 -0.0778495 0.236424 0.168564 0.173288 -0.345149 0.262031 0.161242 -52.7043 323.469 -45.8773 0.0444215 0.101337 0.159688 12.3806 -98.599 -11.1776 
1.14326 0.0469922 0.460937 0.0570952 -0.174533 0.285373 0.422217 0.153869 0.257299 0.272592 0.680554 0.383146 0.0100943 -0.107923 0.362537 0.179498 0.109743 -0.348044 0.31844 0.202677 -54.0675 324.116 -42.3607 0.0199941 0.0912846 0.160584 12.3806 -98.599 -11.1776 
1.16962 0.0404087 0.490484 0.0807859 -0.173159 0.310649 0.443246 0.313442 0.269825 0.257788 0.774943 0.428032 -0.00307533 -0.0813924 0.390153 0.161213 0.0751668 -0.335517 0.326543 0.181173 -54.717 323.826 -41.6282 0.0466728 0.0694255 0.14366 12.3806 -98.599 -11.1776 
1.16711 0.0288763 0.555067 0.0369788 -0.142726 0.31618 0.385159 0.428861 0.243721 0.252779 0.888166 0.40055 0.0836316 -0.0558013 0.449627 0.139916 0.0770549 -0.323473 0.39722 0.0226595 -56.1768 324.98 -40.5296 0.059186 0.0530907 0.116444 12.3806 -98.599 -11.1776 
1.20956 0.0521057 0.564095 0.0537594 -0.103208 0.31529 0.314625 0.449521 0.275874 0.255192 0.924252 0.451892 0.101337 -0.00592724 0.506603 0.138629 0.0659753 -0.329222 0.39526 0.0286612 -55.8418 326.513 -40.8625 0.0846424 0.0418182 0.10032 12.3806 -98.599 -11.1776 
1.19832 0.0512854 0.568103 0.0472184 -0.0629388 0.301026 0.318035 0.438526 0.300452 0.253152 0.936465 0.463633 0.110739 -0.00682278 0.523872 0.216238 0.0777011 -0.329497 0.372795 0.0317926 -56.1215 327.186 -39.9577 0.0961796 0.0554734 0.104422 12.3806 -98.599 -11.1776 
1.18932 0.0333405 0.568532 0.0766179 -0.0671422 0.30748 0.351386 0.412409 0.313891 0.253796 1.05898 0.517393 0.108853 0.0388221 0.474237 0.252881 0.101633 -0.322319 0.384 0.0477997 -56.9963 328.575 -39.2383 0.113314 0.0463279 0.108963 12.3806 -98.599 -11.1776 
1.24906 0.0217386 0.549015 0.0689042 -0.0405856 0.272377 0.449151 0.341567 0.373943 0.227781 1.08149 0.572132 0.084058 0.0548416 0.540269 0.18292 0.135628 -0.335204 0.324096 0.0502082 -55.9198 329.896 -39.3375 0.11314 -0.00521687 0.13281 12.3806 -98.599 -11.1776 
1.24816 0.0260157 0.542118 0.111538 -0.0389499 0.241023 0.459157 0.345143 0.372293 0.228971 1.08358 0.555619 0.083609 0.057386 0.546114 0.184781 0.139759 -0.333836 0.314758 0.0590801 -55.6083 329.901 -39.3134 0.118924 -0.0105206 0.133233 12.3806 -98.599 -11.1776 
1.24736 0.0129045 0.532822 0.11864 -0.0388501 0.214179 0.468437 0.353867 0.385349 0.225384 1.12372 0.556639 0.0742618 0.0527856 0.559064 0.19222 0.0957631 -0.343361 0.274384 0.0683124 -55.2248 330.692 -39.3921 0.115506 -0.0250829 0.136126 12.3806 -98.599 -11.1776 
1.22027 0.00876368 0.557432 0.122419 -0.0638919 0.219095 0.467033 0.337856 0.382003 0.225679 1.14481 0.565577 0.093972 0.0622499 0.570335 0.199021 0.104432 -0.339494 0.27076 0.0675344 -54.9662 329.407 -39.1942 0.107313 -0.0301456 0.135707 12.3806 -98.599 -11.1776 
1.21985 0.00907061 0.557372 0.11862 -0.088728 0.218129 0.466524 0.334984 0.38207 0.224237 1.14653 0.561203 0.0956567 0.0699802 0.565212 0.196315 0.112439 -0.343829 0.261125 0.0684958 -54.605 329.35 -38.9683 0.102053 -0.032531 0.13571 12.3806 -98.599 -11.1776 
1.30038 0.00081465 0.499019 0.0705329 -0.0682962 0.174896 0.416919 0.383648 0.246299 0.233865 1.19437 0.56887 -0.0270556 0.0384815 0.665255 0.299058 0.129157 -0.343159 0.191379 0.29668 -55.2223 329.068 -37.2068 0.10148 -0.0504247 0.134412 12.3806 -98.599 -11.1776 
1.10967 -0.0400054 0.500795 0.0302956 -0.0685091 0.175005 0.490988 0.327732 0.0652886 0.296223 1.11577 0.618549 -0.0819612 0.0869969 0.698176 0.34062 0.127017 -0.34865 0.167085 0.299472 -54.6711 326.763 -33.4712 0.0860482 -0.0135753 0.123023 12.3806 -98.599 -11.1776 
1.07043 -0.033325 0.386186 0.066003 -0.0428185 0.20426 0.49601 0.240808 -0.0455762 0.294464 1.09899 0.590411 -0.0579746 0.0490735 0.668707 0.321326 0.0785502 -0.345759 0.229165 0.32088 -52.969 326.655 -34.8193 0.0559926 -0.0148424 0.124601 12.3806 -98.599 -11.1776 
0.996113 0.00905634 0.384619 0.0265361 -0.0379121 0.300201 0.436474 0.239627 -0.170712 0.298944 0.975301 0.638122 -0.0458035 0.0882372 0.709956 0.256677 0.0343765 -0.349027 0.283252 0.389759 -52.9902 324.134 -34.7324 0.0307302 -0.00557835 0.096636 12.3806 -98.599 -11.1776 
0.956399 0.0387218 0.341786 0.00397542 -0.0356334 0.336391 0.44819 0.30725 -0.174533 0.308308 0.971314 0.612487 -0.0322571 0.065221 0.650764 0.359466 0.0166821 -0.349066 0.304792 0.435185 -51.3992 321.196 -34.1309 -0.00976723 -0.0144261 0.0802916 12.3806 -98.599 -11.1776 
0.933524 0.0509733 0.31794 0.00534644 -0.075815 0.340383 0.493339 0.289645 -0.174533 0.317989 0.823208 0.618763 -0.0326456 0.0381065 0.690922 0.259404 -0.00983173 -0.349066 0.2434 0.508084 -52.2884 322.318 -36.3793 -0.0298631 -0.0324869 0.0717237 12.3806 -98.599 -11.1776 
0.899056 0.0607259 0.295116 0.00342257 -0.0955049 0.348603 0.433408 0.283833 -0.174533 0.322236 0.742012 0.553729 -0.0611682 0.0551033 0.755226 0.257689 -0.00466663 -0.348816 0.210272 0.448845 -51.8753 320.884 -34.3398 -0.03712 -0.0301021 0.0672819 12.3806 -98.599 -11.1776 
0.882049 0.0755547 0.22468 0.000680372 -0.131966 0.348883 0.441463 0.238017 -0.169836 0.31511 0.698817 0.425048 -0.0434501 0.0331085 0.736641 0.315827 0.00315065 -0.349066 0.332495 0.536475 -51.8396 320.362 -34.7462 -0.0576102 -0.0178343 0.066982 12.3806 -98.599 -11.1776 
0.906634 0.137029 0.170973 0.00216144 -0.112994 0.349066 0.563034 0.0917625 -0.174533 0.305884 0.59069 0.464343 -0.0638824 -0.0144696 0.686299 0.370386 -0.029697 -0.329309 0.311203 0.532549 -52.6198 321.071 -34.7572 -0.0610001 -0.0746072 0.0651547 12.3806 -98.599 -11.1776 
0.871709 0.194987 0.117694 0.000166254 -0.137334 0.349066 0.516408 0.0844781 -0.174533 0.311753 0.593086 0.443537 -0.049633 -0.0213171 0.683008 0.388988 -0.0104088 -0.321475 0.264292 0.567148 -51.7629 321.836 -34.8404 -0.0586027 -0.0888293 0.056693 12.3806 -98.599 -11.1776 
0.824844 0.207414 0.0374161 0 -0.1745 0.349066 0.568362 2.88298e-005 -0.174533 0.30901 0.525152 0.413906 -0.0384154 -0.0516502 0.639052 0.423747 0.0329924 -0.31923 0.280581 0.541383 -50.3418 321.309 -34.1303 -0.0575825 -0.0866989 0.0618198 12.3806 -98.599 -11.1776 
0.814793 0.203179 0.0162875 0 -0.174521 0.349066 0.566518 0 -0.174533 0.307317 0.437953 0.396588 -0.0391835 -0.0547506 0.638347 0.405672 0.041674 -0.327391 0.228902 0.536144 -50.2986 320.967 -35.0184 -0.0470857 -0.0841179 0.0714547 12.3806 -98.599 -11.1776 
0.833191 0.204095 0.0183174 0 -0.174533 0.349066 0.567541 0 -0.174533 0.255425 0.391731 0.394395 -0.0402458 -0.0576844 0.669408 0.399671 0.0482645 -0.329961 0.254628 0.54025 -50.2045 321.311 -35.8145 -0.0442667 -0.104263 0.0836993 12.3806 -98.599 -11.1776 
0.852548 0.194104 0.0169319 0 -0.174533 0.349019 0.572384 0 -0.174533 0.250997 0.373635 0.387632 -0.00394354 -0.0705002 0.655776 0.396518 0.0805305 -0.331154 0.266114 0.52515 -49.9205 320.475 -35.7522 -0.0527313 -0.112311 0.0904197 12.3806 -98.599 -11.1776 
0.888136 0.190812 0.0502505 0.0500235 -0.148032 0.348772 0.587487 0.0225425 -0.174481 0.209848 0.399823 0.377934 -0.00805044 -0.0476239 0.631944 0.433187 0.0553958 -0.316693 0.259227 0.496085 -50.2927 320.961 -35.5969 -0.0555278 -0.119396 0.103252 12.3806 -98.599 -11.1776 
1.04993 0.168875 0.0701235 0.0893249 -0.124631 0.349066 0.604973 0.106424 -0.174524 0.183357 0.36391 0.501637 0.0127812 -0.0249018 0.593359 0.480575 0.0901961 -0.295215 0.281495 0.529296 -49.4402 322.305 -34.5609 -0.0540986 -0.162805 0.132802 12.3806 -98.599 -11.1776 
1.1703 0.123659 0.139976 0.0917271 -0.157495 0.348702 0.654638 0.0951643 -0.169287 0.16552 0.344787 0.413173 0.0218406 -0.0120927 0.684345 0.430258 0.0820245 -0.247965 0.318319 0.440335 -47.3443 321.939 -36.6022 -0.0374257 -0.180859 0.148984 12.3806 -98.599 -11.1776 
1.23575 0.121412 0.283577 0.0590927 -0.174533 0.296384 0.628231 0.128636 -0.152035 0.111886 0.315072 0.375296 0.0417555 -0.0250421 0.778961 0.544225 0.0725991 -0.213406 0.23131 0.512924 -47.0445 322.912 -37.2084 -0.0333343 -0.153732 0.186799 12.3806 -98.599 -11.1776 
1.285 0.110856 0.379692 0.0403934 -0.174533 0.331936 0.578169 0.00431852 -0.173634 0.0978566 0.38672 0.375845 0.0812233 0.0333686 0.764376 0.589486 0.0621951 -0.238792 0.238234 0.551561 -46.3737 324.093 -38.0372 -0.0288546 -0.122722 0.206767 12.3806 -98.599 -11.1776 
1.37282 0.128217 0.396932 0.013051 -0.171203 0.325218 0.46282 1.26129e-005 -0.174533 0.0967885 0.412852 0.299412 0.115669 0.0767245 0.785475 0.585084 0.141432 -0.292233 0.132741 0.559708 -46.1889 324.303 -36.5748 -0.0342985 -0.109215 0.21386 12.3806 -98.599 -11.1776 
1.36072 0.129588 0.475578 0.00586004 -0.174533 0.347726 0.425173 1.73353e-007 -0.174533 0.0697948 0.424408 0.2842 0.146171 0.13513 0.886568 0.534429 0.155922 -0.296608 0.0812025 0.581795 -45.9831 325.022 -36.9774 -0.0266252 -0.117113 0.217817 12.3806 -98.599 -11.1776 
1.41344 0.0730084 0.447477 0.0136245 -0.174533 0.349066 0.541125 0.000982167 -0.174533 0.0815884 0.363944 0.309941 0.153751 0.162661 1.01379 0.573516 0.112507 -0.295938 0.118706 0.565527 -45.1512 327.244 -37.8099 -0.00113238 -0.146816 0.226528 12.3806 -98.599 -11.1776 
1.37717 -0.0137471 0.438487 0.0142171 -0.174533 0.349066 0.602731 0 -0.174533 0.0843357 0.295087 0.390063 0.1727 0.144792 1.19117 0.672111 0.0415255 -0.345784 0.1108 0.450613 -44.8953 325.528 -37.6856 0.0283389 -0.17855 0.242983 12.3806 -98.599 -11.1776 
1.38614 -0.0246362 0.479707 0 -0.174533 0.349066 0.572144 0.0059814 -0.174533 0.0743739 0.274273 0.456309 0.236098 0.136057 1.24137 0.64965 0.0727434 -0.343166 0.103039 0.443921 -44.905 326.693 -37.2123 0.0429663 -0.187825 0.259901 12.3806 -98.599 -11.1776 
1.35466 -0.0351176 0.522822 0 -0.174533 0.349066 0.53408 0.00509262 -0.174533 0.0509693 0.24791 0.414803 0.256663 0.128123 1.26902 0.675682 0.09302 -0.348998 0 0.4992 -46.4337 329.213 -38.4351 0.0818188 -0.201112 0.258888 12.3806 -98.599 -11.1776 
1.39298 -0.025568 0.455897 0.0723835 -0.151164 0.348276 0.529646 0.00509219 -0.174482 0.0424204 0.218342 0.375575 0.250442 0.100834 1.28172 0.651568 0.0865073 -0.309548 0.0214781 0.486306 -48.0735 330.202 -37.041 0.108371 -0.198296 0.251401 12.3806 -98.599 -11.1776 
1.40779 -0.0237699 0.453006 0.0756299 -0.14575 0.348758 0.527432 0.0045303 -0.174533 0.0352701 0.223283 0.372782 0.259559 0.0913501 1.28016 0.642311 0.0853637 -0.308638 0.0231151 0.490553 -48.5894 330.826 -37.2975 0.120192 -0.202616 0.248782 12.3806 -98.599 -11.1776 
1.41428 -0.0388115 0.414405 0.104266 -0.145778 0.346215 0.480766 0.0349721 -0.173984 0.061573 0.196407 0.305917 0.307938 0.0971354 1.27331 0.59971 0.0648017 -0.300329 0.0231688 0.469696 -49.8061 330.926 -37.4773 0.124624 -0.18552 0.240849 12.3806 -98.599 -11.1776 
1.43142 -0.0414937 0.411751 0.0832914 -0.151049 0.349066 0.473071 0.0223288 -0.174533 0.0582001 0.191028 0.300779 0.329478 0.0904194 1.25951 0.604252 0.0396466 -0.300069 0.0167442 0.457823 -49.9181 331.092 -37.7318 0.120629 -0.182399 0.241884 12.3806 -98.599 -11.1776 
1.45506 -0.0446129 0.418066 0.074212 -0.145821 0.349066 0.430466 0.0279991 -0.174533 0.0469023 0.210857 0.153249 0.354793 0.0910346 1.24815 0.555033 0.0481061 -0.294343 0 0.484252 -49.7124 330.908 -36.7826 0.103224 -0.162992 0.242771 12.3806 -98.599 -11.1776 
1.45663 -0.0527389 0.436827 0.131993 -0.141991 0.339431 0.424752 0.0251686 -0.165376 0.0488012 0.199228 0.233587 0.356519 0.0936485 1.21107 0.543532 0.0353588 -0.293284 2.05812e-007 0.498714 -50.0685 330.276 -37.3861 0.0909522 -0.173996 0.248066 12.3806 -98.599 -11.1776 
1.45775 -0.0599347 0.428726 0.142072 -0.162099 0.339275 0.409446 0.00372397 -0.168707 0.0437528 0.225164 0.202666 0.351799 0.0963221 1.19069 0.520804 0.0562676 -0.302112 7.49086e-009 0.464128 -49.9687 330.351 -37.4416 0.0792004 -0.158691 0.253911 12.3806 -98.599 -11.1776 
1.45765 -0.044563 0.375998 0.138137 -0.164916 0.342448 0.415922 0.00283494 -0.148343 0.0267183 0.210155 0.199919 0.228527 0.0869997 1.22203 0.474097 0.0710334 -0.299295 0.05389 0.397861 -49.993 329.27 -34.1575 0.0605977 -0.155861 0.259034 12.3806 -98.599 -11.1776 
1.42158 -0.0612346 0.253668 0.200247 -0.150054 0.338987 0.373566 0.167527 -0.113409 0.0452891 0.197384 0.177096 0.0526234 0.106614 1.1653 0.291911 0.0848403 -0.299536 0.0617779 0.326902 -50.0022 328.23 -32.9779 0.0635675 -0.143331 0.261405 12.3806 -98.599 -11.1776 
1.32787 -0.0772599 0.157752 0.349106 -0.156921 0.349066 0.527985 0.131784 -0.150312 0.0392831 0.302095 0.144841 -0.0778866 0.0673165 1.14948 0.20411 0.161094 -0.331508 0.0562169 0 -48.4834 327.018 -31.9125 0.0600768 -0.146936 0.276008 12.3806 -98.599 -11.1776 
1.29137 -0.0489046 0.11467 0.321761 -0.150381 0.339189 0.56224 0.162096 -0.149811 0.0586362 0.306667 0.123773 -0.112107 0.0596043 1.0571 0.180713 0.150159 -0.342928 0.0981239 0 -48.7838 327.935 -32.835 0.042533 -0.14785 0.264554 12.3806 -98.599 -11.1776 
1.2908 0.0224466 0.108211 0.304666 -0.125758 0.349066 0.652278 0.239887 -0.167725 0.0862281 0.303425 0.0869401 -0.126459 0.0528714 0.941896 0.109868 0.209802 -0.345358 0.0446148 0 -47.9127 328.693 -32.3963 0.0177374 -0.136303 0.230557 12.3806 -98.599 -11.1776 
1.27055 0.0202029 0.0729852 0.254578 -0.167032 0.348706 0.624864 0.27751 -0.174382 0.110792 0.303469 0.104623 -0.166273 0.0680328 0.852449 0.0883209 0.223939 -0.348724 0.0360825 0.000280702 -48.726 326.94 -30.9765 0.019841 -0.112249 0.195335 12.3806 -98.599 -11.1776 
1.24926 0.00736797 0.0475872 0.0610704 -0.174205 0.348611 0.643493 0.1959 -0.174533 0.102395 0.316974 0.107743 -0.174533 0.0497338 0.761635 0.0102559 0.211447 -0.346745 0.0259213 2.96512e-007 -50.5269 327.284 -30.5535 0.0159523 -0.0992455 0.16963 12.3806 -98.599 -11.1776 
1.22264 0.0137818 0.0159568 0.00798311 -0.174533 0.348779 0.578796 0.188509 -0.174533 0.125509 0.376232 0.0638292 -0.174533 0.0657076 0.635751 0.00964528 0.219143 -0.349034 0.00941651 0 -51.6428 327.396 -32.4636 0.0211068 -0.0813268 0.14302 12.3806 -98.599 -11.1776 
1.21413 0.0405339 0 0 -0.174533 0.349066 0.610925 0.202794 -0.174358 0.0989813 0.361206 0.0258805 -0.174533 0.0699991 0.578553 0.00365953 0.235812 -0.349066 0 0 -53.7934 327.474 -32.4629 0.0267853 -0.104114 0.124579 12.3806 -98.599 -11.1776 
1.13492 0.0482363 0 0 -0.174533 0.349066 0.625183 0.291132 -0.174533 0.122256 0.212852 0 -0.174533 0.0724455 0.521884 0.00906464 0.262635 -0.349066 0 0 -56.9135 327.37 -34.2397 0.0315231 -0.143838 0.101272 12.3806 -98.599 -11.1776 
1.02057 0.0464846 0.00284489 0.000861686 -0.173813 0.349066 0.587249 0.288634 -0.174533 0.145156 0.190327 0 -0.174533 0.0540698 0.48452 0.00743154 0.328291 -0.349066 0.00458045 0 -57.7453 327.208 -35.7217 0.026208 -0.148128 0.078589 12.3806 -98.599 -11.1776 
0.947106 0.0616215 9.99958e-005 6.49587e-005 -0.174466 0.349066 0.604895 0.265355 -0.174533 0.131718 0.141121 0.000855808 -0.173956 0.0167027 0.422215 0 0.330928 -0.349066 0.000501205 0 -57.4174 325.886 -35.5252 0.0235819 -0.160863 0.0691465 12.3806 -98.599 -11.1776 
0.897199 0.0971281 6.90839e-005 0.000274751 -0.174476 0.349066 0.500314 0.258082 -0.174533 0.106003 0.108006 0.00209949 -0.174533 -0.0305794 0.385272 2.61136e-005 0.323043 -0.349066 6.50612e-005 0.00011443 -59.4207 326.591 -35.0829 0.0239183 -0.148564 0.0705482 12.3806 -98.599 -11.1776 
0.888882 0.127655 0 0.000242031 -0.174533 0.349066 0.416867 0.220859 -0.174533 0.102132 0.0889327 0 -0.174533 -0.0354208 0.366534 0 0.300146 -0.332311 0.0014971 0.0575308 -59.8876 327.577 -35.0588 0.0271067 -0.139697 0.0636684 12.3806 -98.599 -11.1776 
0.880341 0.131634 0 0.00055597 -0.174533 0.349066 0.354056 0.232588 -0.170731 0.0984526 0.0786598 0 -0.171679 -0.0247962 0.376018 0.00313348 0.316201 -0.334994 0.00266816 0.0836346 -59.8985 325.595 -34.9219 0.02235 -0.116568 0.0683288 12.3806 -98.599 -11.1776 
0.89132 0.083165 0.0327617 0.0127266 -0.172941 0.346759 0.346812 0.23767 -0.172861 0.109424 0.0643647 0.00980428 -0.172968 -0.0334426 0.394589 0.000238312 0.352096 -0.34767 0.00713179 0.0739664 -60.921 325.523 -33.8614 0.0090199 -0.121312 0.0809393 12.3806 -98.599 -11.1776 
1.09845 0.0431841 0.0727767 0.0230869 -0.171189 0.342259 0.373237 0.215441 -0.172725 0.107228 0.063526 0.00292209 -0.134398 -0.0432069 0.358344 0 0.373697 -0.348851 0.149512 0.014847 -59.4873 324.721 -35.0439 -0.00590123 -0.148312 0.113143 12.3806 -98.599 -11.1776 
1.20616 0.058376 0.207735 0.119634 -0.159353 0.347829 0.392676 0.177742 -0.173497 0.06662 0.113587 0.00359635 -0.115552 -0.0671963 0.383842 0 0.534136 -0.32911 0.0984605 0.00201479 -61.2003 325.935 -32.2956 -0.0296265 -0.138682 0.149122 12.3806 -98.599 -11.1776 
1.49 0.0788155 0.188642 0.12432 -0.16041 0.349066 0.417418 0.15162 -0.173856 0.0877548 0.133391 0.000737468 -0.108126 -0.0580846 0.385863 0 0.529127 -0.346186 0.118972 0.00266466 -61.1243 326.205 -32.7246 -0.0247714 -0.169657 0.156501 12.3806 -98.599 -11.1776 
1.5708 0.0314678 0.180052 0.142872 -0.161995 0.349066 0.435434 0.145822 -0.174533 0.0796297 0.159199 0.189172 0.00243452 -0.0160683 0.418958 0 0.595965 -0.317559 0.111571 1.70422e-006 -60.2603 327.499 -31.4406 -0.039945 -0.151268 0.167219 12.3806 -98.599 -11.1776 
1.5708 0.0192477 0.199869 0.138845 -0.15231 0.349066 0.474535 0.0755006 -0.174533 0.0840865 0.149001 0.177065 -0.00223879 -0.0108214 0.40515 0 0.584576 -0.164015 0.0139675 3.93568e-007 -61.2133 328.132 -32.4837 -0.0245076 -0.154508 0.170759 12.3806 -98.599 -11.1776 
1.5708 -0.022294 0.178081 0.225718 -0.168149 0.349066 0.553195 0.0499598 -0.162057 0.169337 0.35304 0.176363 -0.0290982 0.0775528 0.656034 0.00512023 0.636089 -0.0579465 0.0162617 6.39073e-008 -60.3222 328.677 -31.8771 -0.0249588 -0.155945 0.149952 12.3806 -98.599 -11.1776 
1.5708 -0.0335541 0.179078 0.254971 -0.104295 0.347818 0.549293 0.152816 -0.158911 0.166812 0.319816 0.193436 -0.0219006 0.10206 0.761793 0.000193648 0.662208 0.00613396 0.02724 0.041934 -61.6899 330.764 -32.0167 -0.0254232 -0.170079 0.152848 12.3806 -98.599 -11.1776 
1.5708 -0.00583477 0.199733 0.195191 -0.0737859 0.349066 0.658947 0.136519 -0.16158 0.131235 0.245347 0.0839729 0.0704963 0.203011 0.823328 3.51266e-006 0.707259 0.0649131 0.0133612 0.0197243 -60.3939 333.48 -34.2831 -0.0218171 -0.16039 0.148908 12.3806 -98.599 -11.1776 
1.5708 -0.0356238 0.187808 0.182082 -0.0144676 0.349066 0.635683 0.159038 -0.153181 0.0966795 0.239496 0.132251 0.202598 0.235377 0.698592 0 0.743805 0.103393 0.0246482 0 -60.7603 334.895 -33.9242 -0.0187473 -0.153951 0.15414 12.3806 -98.599 -11.1776 
1.5708 -0.0446621 0.24853 0.206258 -0.0120056 0.343579 0.642552 0.182965 -0.173936 0.0978291 0.260184 0.138776 0.194939 0.236974 0.77085 0.0335372 0.699523 0.0979973 0.00157063 0.00228821 -61.504 334.477 -34.6934 0.00808697 -0.164638 0.152899 12.3806 -98.599 -11.1776 
1.5708 -0.0384256 0.224163 0.201035 0.0175634 0.339117 0.705082 0.140846 -0.173418 0.074899 0.263992 0.0577664 0.223511 0.250514 0.780221 0.0315326 0.682516 0.0971913 0.00571015 0.00299368 -61.3976 335.226 -36.0352 0.0209645 -0.177299 0.138201 12.3806 -98.599 -11.1776 
1.5708 -0.0471866 0.227219 0.17465 0.0132822 0.341128 0.670727 0.0346091 -0.174403 0.105412 0.321147 0 0.256013 0.349066 0.781488 0.000882394 0.705016 0.132178 0 0 -62.3296 335.296 -35.4362 0.0234152 -0.138891 0.117869 12.3806 -98.599 -11.1776 
1.5708 -0.0521841 0.224354 0.147232 0.014096 0.349066 0.688028 0.0353287 -0.17453 0.109813 0.338699 0 0.290263 0.349066 0.784082 0.000198087 0.640007 0.148974 0 0 -62.3121 334.395 -36.5756 0.0167504 -0.12274 0.127363 12.3806 -98.599 -11.1776 
1.5708 -0.0347669 0.29203 0.143368 -0.0509844 0.349066 0.728038 0.109605 -0.174533 0.104583 0.341666 0 0.365043 0.346113 0.783783 0.0377502 0.570426 0.164232 0 0.0267294 -61.7534 334.672 -36.0354 0.0127558 -0.104945 0.129759 12.3806 -98.599 -11.1776 
1.5708 -0.0296419 0.282672 0.164418 -0.0692463 0.288076 0.649015 0.10396 -0.174533 0.0505307 0.361643 0.0725874 0.436175 0.348973 0.849804 0.133632 0.475093 0.168227 0 0.115162 -61.9885 332.662 -33.8569 0.0144765 -0.103925 0.144016 12.3806 -98.599 -11.1776 
1.5708 -0.0439093 0.337156 0.0992221 -0.0499112 0.283546 0.58797 0.0808486 -0.174533 0.0575485 0.32938 0.119789 0.451025 0.337719 0.87193 0.131522 0.457729 0.19957 0 0.125058 -61.7619 332.463 -33.2875 0.0196987 -0.115731 0.130163 12.3806 -98.599 -11.1776 
1.43153 -0.106755 0.0548336 0.000355723 -0.0282562 0.295666 0.368985 0 -0.174506 0.0289175 0.370475 0.14355 0.396954 0.349043 0.741881 0.176741 0.629544 0.185829 0 0.00170722 -63.7133 336.065 -30.1397 -0.0419209 0.0405974 0.125573 12.3806 -98.599 -11.1776 
1.31089 -0.111687 0.0290906 0 -0.0673355 0.349066 0.372045 0 -0.174533 0.0065084 0.422931 0.150282 0.179818 0.349066 0.737353 0.17626 0.500543 0.136265 0 0 -61.6576 333.006 -33.2897 -0.0419877 -0.00221831 0.105671 12.3806 -98.599 -11.1776 
1.16994 -0.111131 0 0 -0.174533 0.349066 0.24602 0 -0.170381 -0.030963 0.44129 0.15675 0.185651 0.349066 0.613777 0.083624 0.435128 0.207414 0 0 -60.4663 333.296 -31.5723 -0.0644031 0.01936 0.102588 12.3806 -98.599 -11.1776 
1.07278 -0.0993539 0 0 -0.150378 0.348905 0.00999195 0.0247674 -0.174533 0.0272804 0.243199 0.111659 0.121088 0.349066 0.449499 0.0815391 0.349345 0.29953 1.05173e-005 0.000223061 -60.1768 333.233 -31.2791 -0.0545304 0.0188616 0.0893968 12.3806 -98.599 -11.1776 
0.952756 -0.0420469 0 0 -0.131038 0.349066 0.0671486 0 -0.167804 0.0342317 0.229915 0.0586142 0.118594 0.313343 0.345549 0.105015 0.348025 0.300161 7.92829e-007 2.52989e-005 -56.9307 329.968 -28.4982 -0.0783787 0.0394281 0.0997261 12.3806 -98.599 -11.1776 
0.831601 -0.0329413 0 0.118687 -0.101025 0.349066 0.0819096 0.10282 -0.172699 0.0727102 0.27362 0.0852873 0.125717 0.267775 0.108307 0.217133 0.308756 0.291271 0.102232 0 -57.8383 328.27 -27.1689 -0.093499 0.0480321 0.119196 12.3806 -98.599 -11.1776 
0.726259 -0.0344141 0.00133394 0.0106471 -0.107901 0.349066 0.00719244 0.103717 -0.15437 0.133013 0.28593 0.0687706 0.117332 0.202426 0 0.247496 0.236447 0.220531 0.0777187 0 -57.1021 327.41 -28.8631 -0.0934637 0.0534426 0.125149 12.3806 -98.599 -11.1776 
0.535172 0.0085531 0.011834 0.00699705 -0.129864 0.345567 0.00673183 0.198188 -0.151462 0.160796 0.279965 0.0692251 0.117416 0.145907 0.00455969 0.221651 0.267837 0.226461 0.0398214 0.0320343 -53.8697 325.374 -29.4838 -0.115007 0.120949 0.131085 12.3806 -98.599 -11.1776 
0.43016 0.0161766 0.00202677 0.00152339 -0.158943 0.349066 0.000330606 0.212998 -0.156411 0.178156 0.308105 0.0756705 0.0577107 0.122491 0 0.253944 0.24405 0.21274 0 0 -53.6143 326.666 -29.3593 -0.0910584 0.104639 0.119677 12.3806 -98.599 -11.1776 
0.359203 0.0733237 0.000294296 0.0049461 -0.169583 0.346657 0.0316919 0.215037 -0.157804 0.166161 0.264356 0.128275 0.0487359 0.128121 0.0258524 0.256443 0.158301 0.228125 0.0102378 0.0106067 -53.6994 324.76 -30.1401 -0.0627815 0.051535 0.0934375 12.3806 -98.599 -11.1776 
0.302424 0.0911548 0.0150841 0 -0.1457 0.341364 9.43246e-005 0.232222 -0.170483 0.143632 0.369314 0.195886 0.0456779 0.128449 0.0223954 0.299368 0.204961 0.240717 0.0440928 0 -53.2433 323.509 -31.2729 -0.0594809 0.00909398 0.0976119 12.3806 -98.599 -11.1776 
0.237972 0.104987 0.00620816 0.0157767 -0.128631 0.343883 9.39108e-006 0.262248 -0.167567 0.115414 0.387483 0.205234 0.080352 0.153409 0.0232606 0.306099 0.232386 0.249379 0.0525172 0.000361403 -51.4753 324.909 -31.4892 -0.0531226 -0.0199357 0.0864418 12.3806 -98.599 -11.1776 
0.226869 0.117919 0.00491978 0.000149169 -0.101431 0.345258 0.00507078 0.303237 -0.168291 0.101182 0.394774 0.241674 0.0920758 0.142018 0.0302044 0.343448 0.260614 0.230076 0 4.17955e-009 -52.0599 325.778 -30.603 -0.0310935 -0.0394395 0.0843956 12.3806 -98.599 -11.1776 
0.2055 0.108355 0 3.37769e-005 -0.107629 0.349066 0.00436108 0.292833 -0.171475 0.104887 0.347014 0.267511 0.0982363 0.112729 0.00138414 0.327033 0.224569 0.209811 0 0 -51.21 326 -29.951 0.00232518 -0.0612423 0.0853284 12.3806 -98.599 -11.1776 
0.174709 0.114612 0.000432548 0.000693197 -0.0878816 0.348713 0.00444531 0.179021 -0.171192 0.122163 0.283454 0.198774 0.0677152 0.0812646 0.00247816 0.261603 0.187318 0.237402 0.000237396 0 -51.8804 326.252 -31.1983 0.0304383 -0.0842256 0.0784658 12.3806 -98.599 -11.1776 
