0.341941 0.0535435 0 0 0.27325 0.117114 0 0 -0.00860927 0.349066 0 0 -0.0535854 0.349066 0 0 -0.174533 -0.0233866 0 0 -27.9068 831.457 -171.685 1.10128 0.251427 -0.0443623 0.83925 -97.039 -24.1406 
0.0846644 0.113679 0 0 0.0582063 0.0977793 0 0 -0.0335556 0.123447 0 0 0.0726791 0.0595723 0 0 -0.0628488 0.0126646 0 0 -7.3706 299.338 -63.7542 0.262988 0.157835 0.127042 0.83925 -97.039 -24.1406 
0.124169 0.216787 0.134235 0 0.0698615 0.349066 0 0 -0.0225688 0.246147 0.0321154 0.164911 -0.0647855 0.0670592 0.0562893 0.0501082 0.0339607 0.0238893 0.220154 0.260799 3.8504 293.643 -68.1306 0.0511843 0.0286249 0.0554087 0.83925 -97.039 -24.1406 
0.207652 0.311024 0.132928 0.180595 -0.0283089 0.293419 0.0238302 0.140254 -0.174533 0.164267 0 0.218269 -0.0982556 0.084519 0.00264626 0.00140828 0.0416676 0.0057186 0.37462 0.254651 4.65808 296.865 -64.3376 0.145789 -0.0559419 0.0801133 0.83925 -97.039 -24.1406 
0.17431 0.29788 0.258537 0.0858516 -0.140573 0.316758 0.0239615 0.26625 -0.174533 0.172253 0.0444108 0.233767 -0.140468 0.0354244 0.0295292 0.0553842 0.158974 -0.0794079 0.244613 0.372081 1.25342 295.408 -68.2737 0.118877 -0.0628153 0.042931 0.83925 -97.039 -24.1406 
0.225022 0.338493 0.278255 0.0650028 -0.0882159 0.242269 0.00740614 0.285418 -0.174533 0.124661 0.0544963 0.217148 -0.0461814 0.106006 0.140608 0.0259426 0.0692586 -0.106071 0.169981 0.534406 1.148 296.557 -66.3403 0.116132 -0.0222809 0.0611629 0.83925 -97.039 -24.1406 
0.318697 0.196812 0.216513 0.135373 -0.102468 0.216705 0.0748549 0.275507 -0.14859 0.128587 0.106073 0.18949 -0.172728 0.0671653 0.152101 0.0322744 0.087988 -0.0848143 0.0542309 0.608495 3.71957 296.917 -68.2031 0.13142 -0.0693322 0.104747 0.83925 -97.039 -24.1406 
0.363928 0.245456 0.147459 0.000251573 -0.0484234 0.216247 0.065888 0.306372 -0.15372 0.0340726 0.00272608 0.233746 -0.10953 0.0874368 0.0778264 0.0399309 0.137088 -0.00330206 0.0926193 0.588183 4.38089 297.905 -67.7188 0.138307 -0.0643391 0.0983325 0.83925 -97.039 -24.1406 
0.384584 0.340333 0.23038 0.0259875 -0.109919 0.22183 0 0.29967 -0.160102 0.178613 0.0413902 0.228943 -0.149223 0.185571 0.223666 0.224424 0.0347708 0.0103324 0.26287 0.480464 2.30833 294.837 -65.9063 0.12864 -0.0997797 0.0560674 0.83925 -97.039 -24.1406 
0.420514 0.308081 0.169157 0.0955778 -0.0437366 0.245438 0.101812 0.408231 -0.0971734 0.257004 0.0715094 0.393637 -0.0803401 0.155656 0.325922 0.222 0.160115 0.0271692 0.148945 0.31272 4.6099 296.766 -63.7864 0.112828 -0.0501945 0.0779057 0.83925 -97.039 -24.1406 
0.398177 0.30679 0.0724061 0 -0.0211815 0.27017 0.108951 0.270932 -0.107075 0.191077 0.00831353 0.51688 -0.174533 0.179979 0.208695 0.223079 0.294082 -0.130771 0.0899154 0.414 0.688436 295.008 -63.8402 0.105605 -0.0525326 0.0464811 0.83925 -97.039 -24.1406 
0.288219 0.181354 0.0844498 0.00151587 -0.00214643 0.16178 0.0331114 0.347651 -0.146237 0.0601571 0.00137756 0.591346 -0.174533 0.0949307 0.282594 0.265446 0.0595202 -0.172249 0.0891496 0.469934 2.34097 294.532 -66.6963 0.12556 -0.12295 0.109714 0.83925 -97.039 -24.1406 
0.289242 0.206377 0.102224 0.0253822 -0.0879709 0.273296 0.168468 0.186724 -0.174533 0.0772471 0.108235 0.600878 -0.137642 0.0556126 0.25357 0.0173443 0.231667 -0.23082 0 0.535922 4.48773 295.305 -66.8499 0.106834 -0.0835537 0.110471 0.83925 -97.039 -24.1406 
0.281979 0.14421 0 0.000199794 -0.130413 0.300647 0.0711332 0.221461 -0.155194 0.0157564 0.00458261 0.521632 -0.174533 -0.0328479 0.316866 0 0.221352 -0.223378 0.099298 0.502461 7.73243 295.07 -66.4612 0.114605 -0.0513156 0.148027 0.83925 -97.039 -24.1406 
0.333448 0.265808 0.096861 0.109487 -0.140299 0.23568 0.0669847 0.174262 -0.174013 0.00516208 0.0803452 0.254057 -0.100702 -0.0066457 0.251039 0 0.145152 -0.327698 0.11923 0.612929 6.30742 295.212 -66.4675 0.128604 -0.0573656 0.136032 0.83925 -97.039 -24.1406 
0.346636 0.267754 0 0.152222 -0.138597 0.324689 0 0.266117 -0.174398 0.0784053 0 0.265027 -0.174533 -0.0109148 0.21346 0 0.222997 -0.254032 0.0239964 0.578694 4.65556 293.436 -65.8437 0.0994947 -0.0249988 0.0930689 0.83925 -97.039 -24.1406 
0.281292 0.281467 0.110478 0.146555 -0.121154 0.331068 0 0.259733 -0.174533 0.0548307 0.176184 0.227942 -0.0979156 0.0337875 0.0661172 0 0.255622 -0.300104 0.00122738 0.564964 1.46125 292.952 -66.4895 0.0815533 0.00739502 0.0973391 0.83925 -97.039 -24.1406 
0.237477 0.313171 0.0678851 0.125571 -0.0783865 0.22044 0.0226541 0.194196 -0.174533 0.00242556 0.0848221 0.312921 -0.121557 -0.10198 0.136621 0.0994008 0.16492 -0.19534 0.0139379 0.660204 4.78964 291.632 -64.9391 0.0705333 0.0296039 0.114222 0.83925 -97.039 -24.1406 
0.226916 0.195227 0.139449 0.17054 -0.0947966 0.205184 0.157195 0.128347 -0.174533 -0.0109915 0.0444827 0.307114 -0.130452 -0.0821596 0.165032 0.18333 0.209452 -0.349066 3.1082e-005 0.678903 -0.0644243 292.037 -64.5221 0.0714209 0.0214034 0.126358 0.83925 -97.039 -24.1406 
0.246467 0.0992014 0.0572275 0.0252061 -0.174533 0.176035 0.186845 0.0979661 -0.116766 0.0550712 7.13937e-005 0.365236 -0.166629 -0.044909 0 0.281742 0.143991 -0.197058 0 0.723578 3.68401 293.353 -63.4749 0.130776 0.0294436 0.136407 0.83925 -97.039 -24.1406 
0.301947 0.0421817 0.086064 0.0282506 -0.102933 0.137035 0.233915 0.153145 -0.172636 0.0162845 0.0475869 0.205018 -0.0578216 0.010137 0.121454 0.183343 0.104683 -0.226784 0.225398 0.600922 1.35236 293.626 -65.0374 0.0918686 0.0296045 0.145515 0.83925 -97.039 -24.1406 
0.350929 0.0016379 0.0743941 0.0384332 -0.150416 0.214617 0.244442 0.178834 -0.0759704 0.108983 0.148089 0.0968375 -0.109053 -0.025614 0.134338 0.225523 0.111215 -0.125541 0.300467 0.751242 4.62969 291.311 -62.0589 0.140754 -0.170408 0.169019 0.83925 -97.039 -24.1406 
0.351707 0.0756544 0.101091 0.153611 -0.0193371 0.201745 0.279042 0.13775 -0.0233663 0.123203 0.0219097 0.101232 -0.174533 0.0314242 0.376788 0.262597 0.137402 -0.0768315 0.278448 0.6769 7.71062 292.602 -65.734 0.205694 -0.22923 0.163244 0.83925 -97.039 -24.1406 
0.331555 -0.00601947 0.14657 0.23922 -0.174533 0.199725 0.17886 0.000190962 0.0332125 -0.0681361 0.0594484 0.158491 -0.174533 0.0631029 0.300754 0.0711928 0.104485 -0.00223126 0.261475 0.903064 9.28228 293.733 -67.2179 0.256337 -0.100194 0.197985 0.83925 -97.039 -24.1406 
0.368108 -0.0454451 0.153484 0.306993 -0.174533 0.256572 0.453735 0.037417 -0.171114 -0.121309 0.318301 0.453115 -0.135387 0.00311853 0.726895 0.535603 -0.143228 0.0644394 0.211536 1.02997 9.48245 303.565 -69.5122 0.329513 0.0321758 0.155676 0.83925 -97.039 -24.1406 
0.326544 0.0169084 0.185061 0.20461 -0.174533 0.284586 0.664356 0.0758424 -0.145705 0.0313709 0.278919 0.333265 -0.104778 0.00440456 0.733809 0.508889 0.0785585 0.0730677 0.261597 1.02213 11.8458 305.617 -65.2449 0.374896 0.159235 0.225171 0.83925 -97.039 -24.1406 
0.346437 -0.20944 0.196774 0.15432 0.0505507 0.226437 0.500519 0.0629765 -0.043675 0.269922 0.295762 0.163748 0.101824 0.349066 0.819611 0.465572 0.0651602 0.0466692 0.0968356 1.09363 6.97744 297.353 -65.5317 0.379807 0.0203237 0.134683 0.83925 -97.039 -24.1406 
0.526037 -0.20944 0.213525 0 -0.127267 0.15704 0.802109 0.186725 -0.020267 0.240966 0.152138 0.354226 0.0206223 0.162975 1.06393 0.0644554 -0.17442 0.0363024 0.00849905 1.21267 10.5974 295.064 -67.5442 0.468198 -0.205642 0.200789 0.83925 -97.039 -24.1406 
0.581144 -0.20944 0.140366 0.0762663 -0.0159238 0.291689 0.853634 0.14154 0.0118204 0.153171 0.326286 0.233744 0.0961912 0.217342 1.04996 0.0607449 -0.0843566 0.0351165 0 1.17307 8.24439 292.625 -62.1325 0.540465 -0.156857 0.16548 0.83925 -97.039 -24.1406 
0.667027 -0.203869 0.328416 0.0668362 -0.0405759 0.235391 0.842993 0.127839 0.0872006 0.160764 0.410024 0.0902136 0.162243 0.0107262 0.891849 0 -0.13916 0.28682 0 1.30109 8.82993 291.341 -59.6096 0.578277 -0.379414 0.104995 0.83925 -97.039 -24.1406 
0.684323 -0.174005 0.217918 0.0154006 -0.0990579 0.254415 0.842319 0 0.194071 0.302892 0.25019 0.24606 -0.0147439 -0.00895635 0.784766 0.188633 0.304582 0.0200124 0 0.999737 1.43851 296.859 -58.3642 0.592717 -0.393055 -0.0657312 0.83925 -97.039 -24.1406 
0.554336 -0.20944 0.013555 0 -0.174533 0.180658 1.13034 0.205979 0.408776 0.221902 0.367021 0.3172 -0.17355 -0.341248 0.743777 0 0.350581 0.145515 0.0217651 0.851762 4.92895 295.937 -57.1759 0.522431 -0.444823 0.000198648 0.83925 -97.039 -24.1406 
0.628515 -0.208237 0.0118802 0.0741146 -0.0898525 0.101428 1.05294 0.117906 0.290828 0.215291 0.365809 0.315152 -0.0711537 -0.348398 0.750411 0.100347 0.449887 0.205383 0.00677773 0.748952 9.10512 297.308 -54.061 0.639096 -0.51584 0.0460013 0.83925 -97.039 -24.1406 
0.675633 -0.20944 0.0128986 0.085958 -0.059228 0.287137 1.13273 0.00653058 0.299765 0.167628 0.507552 0.329291 -0.0239648 -0.239194 0.675941 0.174732 0.446179 0.27614 0.139013 0.682495 7.80515 296.712 -56.3465 0.582122 -0.530372 -0.0386019 0.83925 -97.039 -24.1406 
0.713217 -0.150155 0.0432325 0.144015 -0.174533 0.349066 1.16698 0.118106 0.198833 0.0967839 0.672763 0.0394778 -0.0256733 -0.349066 0.60276 0 0.601355 0.33208 0.109019 0.639825 11.2089 298.851 -62.7032 0.580162 -0.613235 -0.126007 0.83925 -97.039 -24.1406 
0.85189 -0.160761 0.0494422 0.285561 -0.133238 0.349066 1.26419 0.164693 0.193516 0.0218442 0.726626 0.115467 0.108876 -0.335486 0.556156 0.0059895 0.630466 0.299298 0.180995 0.665726 11.8831 298.758 -55.9792 0.688436 -0.633584 -0.00241407 0.83925 -97.039 -24.1406 
0.857958 -0.167772 0.184636 0.226276 -0.0977888 0.344798 1.19167 0.204729 0.245671 0.0232746 0.948617 0.117197 0.0491953 -0.30412 0.475511 0.0152156 0.680837 0.304233 0.17882 0.481744 13.5752 300.537 -59.7866 0.645872 -0.679502 -0.140466 0.83925 -97.039 -24.1406 
0.852287 -0.0973587 0.154124 0.0450006 -0.174533 0.348547 1.3653 0.140843 0.324916 0.180101 0.793464 0.137408 -0.0252756 -0.335355 0.600929 0.195395 0.725405 0.327701 0.478268 0.428817 13.0832 290.498 -56.0913 0.670526 -0.734105 -0.200696 0.83925 -97.039 -24.1406 
0.751255 -0.136709 0.278614 0.0714542 -0.146294 0.349066 1.35329 0.0852472 0.236311 0.0479774 0.76726 0.173901 0.123356 -0.31779 0.69361 0.231335 0.688341 0.284311 0.263541 0.321892 15.5887 295.654 -52.795 0.664432 -0.76475 -0.0479972 0.83925 -97.039 -24.1406 
0.578479 -0.0750211 0.521649 0.128275 -0.174533 0.181571 1.1386 0.327444 0.233047 0.0827969 0.719069 0.130119 0.262859 -0.172618 0.410449 0.0510206 0.800221 0.119015 0.213624 0.378784 19.3751 294.486 -58.2348 0.597657 -0.791627 -0.0275436 0.83925 -97.039 -24.1406 
0.703017 0.00452854 0 0.359005 -0.174533 0.285677 1.19545 0.0994813 0.1737 0.0622174 0.648747 0.0214514 0.402951 -0.287049 0.245884 0 0.879416 0.323442 0 0.578224 13.6269 292.543 -48.47 0.352105 -0.559417 0.197205 0.83925 -97.039 -24.1406 
0.787383 0.0356166 0.114652 0.231395 -0.174425 0.252037 1.45576 0.0446399 0.0218111 0.0586509 0.765516 0.146193 0.27589 -0.19223 0.508008 0 1.11334 0.186793 0.360975 0.420416 11.3697 292.522 -44.8047 0.248768 -0.587367 0.137115 0.83925 -97.039 -24.1406 
0.983809 0.0143371 0.125372 0 -0.174533 0.195866 1.3973 0.0633636 0.167595 -0.173938 0.485066 0.490277 0.381787 -0.247527 0.733174 0.0250473 1.26363 -0.0957525 0.276185 0.330956 7.38919 299.276 -46.0578 0.120028 -0.406847 0.200396 0.83925 -97.039 -24.1406 
0.859533 0.111538 0.179571 0.0194979 -0.131163 0.254202 1.40755 0.0015384 0.136881 -0.213355 0.383614 0.354702 0.437313 0.160257 0.560321 0.0499189 1.05841 -0.236066 0.290906 0.380207 4.16669 300.478 -39.0479 0.0906251 -0.349123 0.153615 0.83925 -97.039 -24.1406 
0.503907 0.0762699 0.427875 0.152201 -0.169653 0.213428 1.29247 0.0219117 0.0814528 -0.262207 0.372028 0.185557 0.602053 0.305668 0.778249 0.081955 0.949949 -0.154194 0.121356 0.18155 1.54646 298.728 -44.2353 -0.0432976 -0.0953193 0.234516 0.83925 -97.039 -24.1406 
0.35118 0.058495 0.467494 0 -0.170511 0.143023 1.14135 0.235554 0.162743 -0.253916 0.3419 0.247883 0.788004 0.349066 0.780702 0.0396763 0.993853 0.12824 0.312858 0.0901733 -1.63532 296.09 -40.5715 -0.164835 0.0407501 0.294649 0.83925 -97.039 -24.1406 
0.452262 0.0365421 0.0854047 0 -0.173926 0.0665753 1.42796 0 0.302607 -0.195401 0.236092 0.20682 1.01085 0.349066 0.577861 0.000640711 0.879163 0.167541 0.297958 0 -0.50917 300.342 -41.0677 -0.261283 0.162521 0.240991 0.83925 -97.039 -24.1406 
0.418897 0.195925 0.134668 0.10528 -0.116639 0.145317 1.309 0.049998 0.380443 -0.166496 0.266199 0.330581 0.759025 0.0698187 0.650447 0 0.760357 -0.0488506 0.127484 0.0110355 2.45849 299.143 -41.9707 -0.309982 0.0379469 0.225748 0.83925 -97.039 -24.1406 
0.194836 0.202233 0.316543 0.0838755 -0.174533 0.341373 1.30041 0.11505 0.211655 -0.0804872 0.272625 0.199237 0.905386 0.0888004 0.700506 0.0351518 0.55381 -0.0827376 0.0394545 0.158172 -1.37512 303.026 -38.7259 -0.171656 0.0570785 0.137885 0.83925 -97.039 -24.1406 
0.265912 0.177253 0.369117 0.209687 -0.174533 0.313226 1.2051 0.0581608 0.0735705 -0.157751 0.0100331 0.172192 0.80707 0.021322 0.757643 0.120519 0.561841 -0.131889 0.0733048 0.216749 -6.77434 300.709 -39.1362 -0.0939747 0.0238316 0.104629 0.83925 -97.039 -24.1406 
0.302158 0.19964 0.194535 0.107543 -0.174533 0.295553 0.830667 0.00476887 -0.0479809 -0.144237 0.215969 0.112027 0.930512 0.208149 0.648566 0.0790058 0.669024 -0.248462 0.171443 0 -2.28755 298.805 -41.8429 -0.111973 0.0501024 0.131389 0.83925 -97.039 -24.1406 
0.214726 0.287568 0.199213 0.00197679 -0.169299 0.346245 0.685898 0.0758862 0.0504163 -0.0174685 0.187709 0.172936 0.983147 0.265146 0.614167 0.0381599 0.513681 -0.349066 0.254427 0.139769 3.10697 298.157 -41.5896 -0.178643 0.113756 0.13668 0.83925 -97.039 -24.1406 
0.200878 0.23961 0.232103 0.0110558 -0.107002 0.286894 0.648026 0.000614782 0.0655996 0.014867 0.111129 0.107879 1.07107 0.159068 0.554225 1.56263e-005 0.521045 -0.148564 0.0863061 0.0856875 6.31374 298.893 -43.1782 -0.148327 0.0632015 0.121476 0.83925 -97.039 -24.1406 
0.223407 0.229439 0.218598 0.0156124 -0.116611 0.31188 0.381114 0 0.017721 -0.134631 0.124772 0.24037 1.14139 0.177987 0.546407 0 0.421123 -0.349066 0 0.0919421 5.07502 299.604 -44.0542 -0.104098 0.0942867 0.168226 0.83925 -97.039 -24.1406 
0.297917 0.155436 0.00591848 0.030041 -0.152149 0.298332 0.417229 0.147538 -0.00225561 -0.159787 0.0445871 0.115462 1.49938 0.247737 0.447687 0.117908 0.447102 -0.302894 0.0510955 0.125813 1.22548 297.431 -45.2018 -0.10371 0.0509112 0.147992 0.83925 -97.039 -24.1406 
0.276326 0.14554 0.032824 0.000625203 -0.15504 0.160114 0.16606 0.0754784 0.0696892 -0.147573 0.097144 0.0474135 1.57066 0.347759 0.486245 0.191733 0.506416 -0.21088 0.130622 0.00189319 0.00863573 299.011 -46.1117 -0.11446 0.130398 0.135207 0.83925 -97.039 -24.1406 
0.241504 0.241419 0.00140124 0.0686057 -0.0379447 0.25001 0.00171451 0.188128 0.0877201 -0.167763 0.096435 0.0857464 1.56639 0.348853 0.4266 0.162881 0.465987 -0.152465 0 0.0429657 1.13595 300.624 -47.364 -0.0552614 0.106478 0.0536056 0.83925 -97.039 -24.1406 
0.126938 0.165549 0.000242831 0 -0.0368515 0.314664 0 0.224553 -0.0709733 -0.107325 0.00787583 0.0321195 1.47527 0.349066 0.369633 0.147462 0.346731 -0.192345 0.00192776 0.139207 2.84832 296.266 -45.9583 -0.0575943 0.0905524 0.125805 0.83925 -97.039 -24.1406 
0.201325 0.170833 0.03079 0 -0.166865 0.251101 0 0.260391 -0.174533 -0.0709935 0.0516798 0 1.38833 0.193053 0.292288 0.0242587 0.405824 -0.127788 0 0.248712 1.97519 296.951 -46.1992 -0.0149855 0.0769965 0.10986 0.83925 -97.039 -24.1406 
0.297973 0.308079 0.0688461 0.0561158 -0.125123 0.236958 0.00518061 0.328207 -0.0827946 -0.0609939 0.0433867 0.0425121 1.46288 0.321208 0.153692 0.0578031 0.350169 -0.259398 0.15195 0.131914 1.89561 298.587 -45.6185 -0.0266802 0.0308668 0.110076 0.83925 -97.039 -24.1406 
0.2148 0.346233 0.0759244 0.0831666 -0.174533 0.319949 0.0684687 0.0302435 -0.0804692 0.00353738 0.0204031 0.0781573 1.52283 0.341146 0.0972123 0.00204567 0.326947 -0.235247 0.139935 0.179988 3.43019 296.465 -42.4169 -0.0705132 0.0852488 0.0854784 0.83925 -97.039 -24.1406 
0.258019 0.217206 0.107671 0.199179 -0.0117255 0.287968 0.0797247 0 0.0258344 -0.0464952 0.0773998 0.0867241 1.50071 0.226714 0.260743 0.110727 0.177636 -0.328104 0.35035 0.251372 6.76951 296.908 -45.7954 -0.11221 0.0371124 0.136268 0.83925 -97.039 -24.1406 
0.315987 0.247449 0 0.146721 -0.00722007 0.315574 0.0113699 0.0714412 -0.124903 -0.0651338 0.0633708 0.0311505 1.47904 0.349066 0.346793 0.182313 0.135451 -0.261182 0.366978 0.29835 3.87785 296.35 -46.2079 -0.0318406 0.0513247 0.129697 0.83925 -97.039 -24.1406 
