0.132976 0.0777184 0.00530977 0.38594 0.101263 0.345254 0.000474215 0 -0.155112 0.105194 0.12081 0.687734 0.0307158 -0.0269182 0 0.0638754 0.170059 -0.349066 0 0 -8.53404 277.374 -55.7581 0.00922684 -0.0143652 -0.0261854 -0.1924 -98.777 -15.5879 
0.131267 0.0570745 0.00865173 0.442392 0.0693974 0.349066 0.0102765 0.0090449 -0.174533 0.140364 0.203428 0.289961 0.00602104 -0.0205752 0 0 0.159962 -0.349066 0 0 -8.62407 278.483 -55.56 0.0138966 -0.0167515 -0.0294507 -0.1924 -98.777 -15.5879 
0.112015 0.0533495 0.0212717 0.442392 0.0569295 0.349066 0.000912955 0.0090449 -0.174533 0.158953 0.189113 0.233513 -0.00634984 -0.0163157 0 0 0.149598 -0.349066 0 0 -8.62407 278.483 -55.56 0.0138966 -0.0167515 -0.0294507 -0.1924 -98.777 -15.5879 
0.100407 0.0632644 0.0181487 0.446826 0.0292536 0.349066 0.0010168 0.0097473 -0.165531 0.177702 0.17409 0.100037 -0.00874591 -0.0176372 0 0 0.163313 -0.349066 0.0361849 0 -8.85087 279.139 -55.3851 0.0248825 -0.0084272 -0.0316381 -0.1924 -98.777 -15.5879 
0.100744 0.0717638 0.00146956 0.445817 0.00410777 0.349066 0.0484509 0.0135323 -0.156087 0.178852 0.169944 0.0397021 0.00597762 -0.0102456 0 0 0.175977 -0.349066 0.0620994 0 -8.84401 279.193 -55.3919 0.0249998 -0.00821377 -0.032154 -0.1924 -98.777 -15.5879 
0.0991194 0.0925258 0.00465811 0.445019 0.00654424 0.349066 0.015393 0 -0.151841 0.176141 0.15317 0.131491 0.0259683 -0.00473339 0 0 0.19704 -0.349066 0.057027 0 -8.91439 279.377 -55.4861 0.0235761 -0.00707509 -0.0306824 -0.1924 -98.777 -15.5879 
0.0991194 0.0942638 0.00465811 0.424134 0.00654424 0.349066 0.015393 0 -0.142893 0.169014 0.139963 0.131491 0.0310556 0.00633634 0.011365 0 0.214074 -0.349066 0.0615768 0 -8.91439 279.377 -55.4861 0.0235761 -0.00707509 -0.0306824 -0.1924 -98.777 -15.5879 
0.0991194 0.0942638 0.00465811 0.424134 0.00965272 0.349066 0.015393 0 -0.136658 0.163028 0.139963 0.131491 0.0397606 0.00633634 0.00521902 0 0.223016 -0.349066 0.0615768 0 -8.91439 279.377 -55.4861 0.0235761 -0.00707509 -0.0306824 -0.1924 -98.777 -15.5879 
0.0991194 0.0888858 0.0131727 0.420897 0.00965272 0.349066 0.0329891 0 -0.125539 0.151205 0.139963 0.0685527 0.0397606 0.00633634 0.00521902 0 0.240407 -0.349066 0.0280821 0 -8.91439 279.377 -55.4861 0.0235761 -0.00707509 -0.0306824 -0.1924 -98.777 -15.5879 
0.0384009 0.10708 0.017055 0.615319 0.0243342 0.349066 0 0.153585 -0.134656 0.137391 0.131256 0.150374 0.0470382 0.0400331 0.00532719 0 0.253644 -0.349066 0 0 -8.93696 279.498 -55.361 0.0250212 -0.00313634 -0.0328534 -0.1924 -98.777 -15.5879 
0.0229274 0.0946725 0.029683 0.614979 0.0244296 0.349066 0 0.150979 -0.134737 0.109223 0.131566 0.150219 0.0443354 0.0126464 0.000490673 0 0.235268 -0.349066 0 0 -8.93696 279.498 -55.361 0.0250205 -0.00313717 -0.0328482 -0.1924 -98.777 -15.5879 
0.0724531 0.00595118 0.0158424 0.410246 -0.0288208 0.347147 0.0194677 0.289438 -0.133591 0.0603826 0.114761 0.142791 -0.00128864 -0.0399608 0 0 0.281358 -0.349066 0 0 -9.22483 280.285 -55.9303 0.0355397 -0.00264024 -0.0394065 -0.1924 -98.777 -15.5879 
-0.0165522 0.0290546 0.124566 0.440703 -0.172853 0.349066 0.449294 0 -0.159236 0.0579975 0.23042 0 -0.00662427 -0.0715799 0.112138 0 0.37679 -0.349066 0 0 -7.72282 282.347 -55.1214 0.0215524 0.0318003 -0.0625155 -0.1924 -98.777 -15.5879 
-0.108985 0.0254126 0.120029 0.557559 -0.174533 0.348556 0.48021 0 -0.130358 0.0649615 0.172237 0 -0.00519494 -0.0932391 0.115004 0 0.369818 -0.349066 0.0130863 0.000543118 -5.59317 282.057 -56.0749 0.010207 0.0601037 -0.0820269 -0.1924 -98.777 -15.5879 
-0.072359 0.0771699 0.00469912 0.95682 -0.174313 0.349066 0.602086 0 -0.0835138 0.15193 0.0444798 0.309691 -0.0503656 -0.0401664 0.182285 0 0.280233 -0.346839 0.0157107 0 -2.54531 282.985 -56.7482 0.00915722 0.0212601 -0.152282 -0.1924 -98.777 -15.5879 
-0.164283 0.0633973 0 1.43199 -0.173486 0.343312 0.562246 0.126205 -0.0546422 0.121329 0.00798373 0.277244 0.0274889 -0.0406821 0.0374011 0.0567958 0.237378 -0.349066 0.00522249 0 0.511586 281.101 -57.317 -0.0329454 0.0431191 -0.168781 -0.1924 -98.777 -15.5879 
-0.174106 0.024128 0.0689194 1.5708 -0.174533 0.31388 0.665449 0.0184369 -0.0822674 0.0694204 0.126095 0 0.0447209 -0.049419 0 0.0110324 0.186995 -0.349066 0.000577607 0 1.15213 280.106 -57.4559 -0.0481403 0.00473685 -0.192618 -0.1924 -98.777 -15.5879 
-0.174533 0.0829957 0.0970688 1.5708 -0.0536283 0.349066 0.805547 0 0.176896 0.141817 0 0 0.172561 0.0533452 0.0215427 0 0.442164 -0.342568 0.000286921 0 4.82143 282.47 -56.9448 -0.148966 0.0467433 -0.25898 -0.1924 -98.777 -15.5879 
-0.148348 0.0356824 0.124034 1.56798 0.0082151 0.349066 0.538449 0.225634 0.186863 0.189793 0 0.456861 0.131891 0.0494905 0.00452031 0.0933179 0.32753 -0.349066 0.0782792 0.103464 9.73148 284.506 -56.2622 -0.125697 -0.0106656 -0.284719 -0.1924 -98.777 -15.5879 
-0.1493 -0.0418632 0.137032 1.57078 -0.101712 0.267027 0.841181 0 0.175332 0.120243 0.101195 0 0.0814759 -0.00417856 0.0887279 0.0179344 0.291989 -0.349066 0.0237578 0 13.9508 285.195 -55.9558 -0.111232 -0.0436896 -0.252325 -0.1924 -98.777 -15.5879 
-0.0695394 -0.0424221 0.126701 1.48807 -0.166259 0.297454 0.636607 0.0711085 -0.123418 0.0916404 0.185612 0.0819969 -0.157916 0.005936 0.0570061 0.195696 -0.0900146 -0.344866 0.0976294 0 22.0879 287.44 -57.5419 0.0602419 -0.168781 -0.207722 -0.1924 -98.777 -15.5879 
-0.166576 0.0184454 0.21374 1.5665 -0.113974 0.349066 0.45946 0.234105 -0.131225 0.148475 0.0797732 0.243547 -0.116676 0.0172346 0.0358593 0 -0.118896 -0.344784 0.116626 0 27.5997 287.685 -57.9539 0.0648532 -0.148323 -0.215211 -0.1924 -98.777 -15.5879 
-0.0288089 0.0202444 0 1.5708 -0.0824015 0.348969 0.301163 0.399148 -0.157374 0.176185 0.0752917 0.356086 -0.128477 0.0158579 0.0361931 0 -0.174533 -0.349066 0.173887 0.101338 32.9939 287.75 -57.9664 0.0798307 -0.138008 -0.214824 -0.1924 -98.777 -15.5879 
0.0663512 -0.00484659 0 1.56963 -0.150128 0.349066 0.347117 0.176744 -0.16921 0.123523 0.000127752 0.148698 -0.17062 -0.0791336 0 0 -0.174533 -0.349066 0.127829 0 37.0582 289.47 -58.0266 0.125335 -0.113049 -0.198815 -0.1924 -98.777 -15.5879 
0.093704 0.0203345 0.102957 1.56964 -0.100453 0.349066 0.227119 0.0149142 -0.169077 0.138662 0.000126169 0.147359 -0.163071 -0.0564677 0.008913 0 -0.166271 -0.349066 0.137915 0 40.6809 289.421 -58.1588 0.123239 -0.112275 -0.221927 -0.1924 -98.777 -15.5879 
0.132042 0.0408867 0.099286 1.5708 -0.0707019 0.349066 0.171904 0 -0.174227 0.13004 0 0 -0.174533 0.01029 0.0821051 0.0151192 -0.17226 -0.348604 0.172716 0.0116012 44.2751 288.812 -59.0629 0.124378 -0.0969175 -0.225555 -0.1924 -98.777 -15.5879 
0.0715178 0.0394451 0.138866 1.5708 -0.0484638 0.345619 0.0736717 0.00793734 -0.174446 0.116654 0 0.014421 -0.174533 0.0176733 0.134677 0 -0.174533 -0.349066 0.104183 0.213755 45.4021 287.352 -58.5899 0.119315 -0.0825334 -0.224526 -0.1924 -98.777 -15.5879 
0.0591947 0.0127803 0.102146 1.5708 -0.0172453 0.349066 0 0.0188227 -0.174533 0.121813 0 0.29204 -0.158388 0.00761857 0.103308 0 -0.174394 -0.349066 0.189833 0 45.6957 286.697 -58.612 0.112146 -0.0776563 -0.212641 -0.1924 -98.777 -15.5879 
0.0579251 -0.0169732 0 1.5708 -0.021135 0.349066 0.0954766 0 -0.174533 0.147575 0.0287086 0.0918568 -0.137571 0.0126638 0.0359313 0.0048749 -0.167351 -0.349066 0.260439 0 46.0116 286.763 -58.7306 0.109156 -0.0801557 -0.197197 -0.1924 -98.777 -15.5879 
0.00662297 0.0160011 0.0469639 1.33454 -0.0542352 0.349066 0.049216 0 -0.174533 0.12238 0.0301509 0 -0.150402 0.00479042 0.00555015 0 -0.174533 -0.34034 0.332474 0 45.7931 286.668 -58.4613 0.108029 -0.0866061 -0.142552 -0.1924 -98.777 -15.5879 
0.0784036 0.0507814 0.125841 0.74992 -0.00561767 0.349066 0.00351194 0 -0.174533 0.144289 0.0229405 0.298963 -0.169669 0.0314898 0.00395233 0.0880912 -0.174533 -0.349066 0.28497 9.61184e-006 43.4833 286.876 -58.8792 0.107047 -0.117009 -0.111211 -0.1924 -98.777 -15.5879 
0.16041 0.0622603 0.00763652 0.736837 -0.109469 0.349066 0.208968 0 -0.171313 0.193608 0.0100067 0.424131 -0.173097 0.0432904 0 0.00879718 -0.13194 -0.349066 0.0493572 0.321328 40.9483 285.995 -59.6012 0.106102 -0.126674 -0.0778076 -0.1924 -98.777 -15.5879 
0.0273148 0.0318199 0.0250819 0.476384 -0.11753 0.34901 0.188582 0 -0.168771 0.16861 0.0498952 0.26589 -0.164262 0.084858 0.0953795 0 0.000131097 -0.349066 0.0356684 0.228018 37.1335 284.807 -62.4101 0.075355 -0.0377616 -0.0424308 -0.1924 -98.777 -15.5879 
0.0877048 -0.0336633 0 0.0318075 -0.164784 0.349066 0.198318 0 -0.174533 0.158786 0 0.186066 -0.170681 0.0619599 0 0.370902 0.0129533 -0.349066 0 0.323758 34.7666 285.203 -62.9704 0.105744 -0.0230306 0.00608884 -0.1924 -98.777 -15.5879 
0.0765604 -0.0177374 0.0108969 0.0983903 -0.16917 0.349066 0.20689 0 -0.158094 0.188719 0.032458 0.0322169 -0.164189 0.0531069 0.0121238 0.391386 -0.00798552 -0.232397 0.0524665 0.207699 33.9743 284.838 -63.3309 0.106634 -0.0248753 0.0282363 -0.1924 -98.777 -15.5879 
0.073036 -0.016382 0 0.0539347 -0.173877 0.348853 0.123076 0 -0.17178 0.198974 0.0697458 0.040186 -0.152225 0.0593616 0.0793525 0.130044 -0.00694632 -0.194048 0.147905 0.105427 31.4878 284.244 -63.2096 0.10194 -0.0171042 0.0363937 -0.1924 -98.777 -15.5879 
0.105284 -0.0228889 0.00157273 0 -0.174318 0.349066 0.173842 0.00214498 -0.173496 0.132524 0.0691244 0.0649561 -0.156925 0.0433468 0.109982 0.221005 -0.165562 -0.249657 0.478467 0.223607 23.873 284.213 -63.2161 0.101757 -0.0168912 0.0365263 -0.1924 -98.777 -15.5879 
0.201221 -0.0685932 0.0231668 0.0666326 0.0674141 0.322971 0.153959 0.188875 -0.121248 0.0237217 0.272114 0.42719 -0.081029 -0.0118773 0.187962 0 -0.130094 -0.349066 0.567266 0.0431137 16.8212 285.12 -61.0407 0.0189795 -0.0839058 0.121534 -0.1924 -98.777 -15.5879 
0.0970479 -0.0251545 0 0.299292 0.0947675 0.349066 0.0778173 0 -0.125817 0.0731812 0.449302 0.00343099 0.0746661 0.0189212 0 0 -0.0902673 -0.349066 0.810551 0 10.6594 285.992 -57.6569 0.00528702 0.00469909 0.12876 -0.1924 -98.777 -15.5879 
-0.174533 0.11536 0.369147 0.0338149 0.0291537 0.349066 0.00921869 0 -0.149213 0.14091 0.358085 0 0.0903395 0.074139 0.00954663 0.0677456 0.0370048 -0.324753 0.609198 0.198068 4.35245 286.947 -57.9498 0.0164196 0.0742965 0.0993627 -0.1924 -98.777 -15.5879 
-0.174533 0.169045 0.390797 0 0.00860949 0.349066 0 0 -0.126982 0.213705 0.212654 0.262706 0.0496262 0.141407 0.011714 0 0.0837003 -0.26776 0.777732 0.0843649 4.11259 287.447 -57.7831 0.0254625 0.0757344 0.0996245 -0.1924 -98.777 -15.5879 
-0.174519 0.119492 0.258295 0.0253826 -0.0858348 0.349066 0.00338917 0.138636 -0.169157 0.155852 0.169026 0.380375 -0.0320494 0.0885185 0.109821 0.0690898 0.0180518 -0.30964 1.06598 0 2.70304 286.653 -59.3018 0.0413834 0.113366 0.150703 -0.1924 -98.777 -15.5879 
-0.174533 0.0850309 0.193197 0.0010466 -0.167114 0.349066 0.132588 0.0393438 -0.166665 0.129107 0.110693 0.149962 -0.0147129 0.0815094 0.0168227 0.543576 0.0147159 -0.349066 1.03158 0.127434 -0.949365 286.608 -59.9451 0.0547288 0.123323 0.156148 -0.1924 -98.777 -15.5879 
-0.0915716 0.12357 0.30116 0 -0.170673 0.349066 0.239743 0 -0.125545 0.10609 0.0648317 0 0.0634208 0.0382584 0 0.29175 -0.13423 -0.349066 1.2358 0.00887583 -2.99228 288.793 -59.2057 0.0868114 0.0932879 0.181707 -0.1924 -98.777 -15.5879 
-0.046189 0.116005 0.18735 0.102848 -0.166987 0.349066 0.12256 0.164799 -0.142002 0.128032 0.330535 0 0.0657569 0.0537399 0.0340846 0.0621853 -0.174533 -0.291947 1.32646 0.0473703 -4.40836 290.035 -59.1926 0.0959008 0.0976935 0.176146 -0.1924 -98.777 -15.5879 
-0.171968 0.075784 0.0632283 0.0337206 -0.174533 0.349066 0 0 -0.151574 0.161868 0.216204 0.135189 -0.00648212 0.122064 0.24367 0 -0.152278 -0.0747733 1.43342 0.0892432 -4.55687 292.822 -59.4022 0.0967535 0.259917 0.176113 -0.1924 -98.777 -15.5879 
-0.174533 0.0559023 0 0 -0.174403 0.349066 0.0447318 0 -0.102059 0.167726 0.161251 0.120866 0.00147232 0.23525 0.311766 0 -0.0394214 0.167768 1.47635 0 -5.87434 293.666 -59.595 0.0469896 0.30977 0.170942 -0.1924 -98.777 -15.5879 
-0.174533 -0.0489545 0 0 -0.128782 0.349066 0 0.0458967 -0.133485 0.0745379 0.335837 0 0.22752 0.334709 0.105026 0.00768449 0.47325 0.267918 1.45021 0.00517136 -9.6848 300.411 -55.7695 0.0315956 0.44858 0.300695 -0.1924 -98.777 -15.5879 
-0.174533 -0.024119 0 0 -0.170593 0.334516 0.0075876 0.0420379 -0.171233 0.0760172 0.224072 0.249512 0.166849 0.330491 0.00364249 0.0273701 0.598738 0.349066 0.979596 1.42891 -11.526 301.531 -53.8764 0.076683 0.450185 0.322773 -0.1924 -98.777 -15.5879 
-0.174533 -0.0118338 0 0 -0.173668 0.349066 0.0340429 0.0368923 -0.157277 0.110134 0.185413 0.177014 0.141003 0.228626 0 0 0.645725 0.346155 0.662605 1.55364 -12.3364 299.124 -55.2374 0.0700456 0.445667 0.302839 -0.1924 -98.777 -15.5879 
-0.174533 -0.0157815 0 0 -0.11084 0.345135 0 0.0286164 -0.0371652 0.109987 0.0524223 0 0.163379 0.199338 0 0 0.666513 0.283385 0.683977 1.5708 -13.9901 298.779 -55.4554 0.0545518 0.438955 0.292757 -0.1924 -98.777 -15.5879 
-0.174522 -0.0281999 0 0 -0.123729 0.294232 0 0 -0.0439172 0.0555577 0 0 0.134804 0.0680203 0.0388644 0 0.584211 0.170922 0.843463 1.5708 -14.0663 298.538 -55.2413 0.0922534 0.408335 0.287404 -0.1924 -98.777 -15.5879 
-0.174533 -0.0791072 0 0 -0.147413 0.23869 0.0141685 0 -0.0876447 0.0310692 0.0136451 0.227465 0.131451 -0.00727489 0.0846337 0 0.538792 0.0741847 0.985714 1.5708 -13.3233 296.961 -56.0586 0.0972571 0.370853 0.283003 -0.1924 -98.777 -15.5879 
-0.174533 -0.110303 0.00351765 0 -0.173832 0.189541 0.0718635 0.0569749 -0.0487041 -0.0017579 0 0.400755 0.156584 -0.0756595 0.0188279 0.0285226 0.438111 -0.0808944 1.01393 1.5708 -14.2975 296.081 -57.4407 0.100979 0.32559 0.267523 -0.1924 -98.777 -15.5879 
-0.174533 -0.176853 0 0 -0.174533 0.171663 0.116701 0.157648 -0.0242856 -0.0334343 0 0 0.19391 -0.148857 0.104677 0.106463 0.618739 -0.214194 0.622488 1.5708 -13.1411 292.654 -58.7592 0.0301527 0.287453 0.277859 -0.1924 -98.777 -15.5879 
-0.174533 -0.20944 0.0140907 0.00414998 -0.174533 0.0638361 0.0514588 0.110348 -0.0775448 -0.160133 0 0.182253 0.156301 -0.237017 0 0.512221 0.652112 -0.349066 0.533331 1.5708 -12.336 290.672 -59.2254 0.051557 0.267326 0.296729 -0.1924 -98.777 -15.5879 
-0.168075 -0.20944 0.0131472 0 -0.152316 0.10457 0.00797233 0 -0.0773119 -0.0907819 0 0.497158 0.1663 -0.200274 0.0511914 0.00130095 0.896384 -0.349066 0 1.5708 -11.5223 290.079 -59.2457 0.0458549 0.277741 0.228099 -0.1924 -98.777 -15.5879 
-0.174533 -0.20944 0 0.0519631 -0.153852 0.0591069 0.0978086 0.024392 -0.068463 -0.130499 0.110314 0.392383 0.225548 -0.234163 0 0 0.956763 -0.349066 0 1.5708 -10.0906 289.599 -59.1042 0.0392654 0.278491 0.230485 -0.1924 -98.777 -15.5879 
-0.174533 -0.20944 0 0.0106996 -0.152048 -0.00461076 0.115533 0.0773968 -0.0478536 -0.162768 0.159332 0.107318 0.240755 -0.23133 0 0.00779124 0.921055 -0.349066 0 1.5708 -9.66667 288.205 -59.1587 0.0492621 0.269305 0.225311 -0.1924 -98.777 -15.5879 
-0.174533 -0.207816 0 0.0120804 -0.13934 -0.018841 0.103445 0.0406634 -0.0131032 -0.18895 0.118706 0.0581062 0.261967 -0.243161 0 0 0.845165 -0.349066 0.000700642 1.5708 -9.61074 287.065 -59.0138 0.0449694 0.253215 0.216547 -0.1924 -98.777 -15.5879 
-0.174533 -0.208446 0 0.0190867 -0.173242 -0.00551643 0.134047 0 -0.0467686 -0.185133 0.0207753 0.253613 0.154746 -0.244591 0 0.0252192 0.695012 -0.349066 3.32016e-005 1.5708 -10.3994 286.51 -59.8004 0.0681098 0.162091 0.192913 -0.1924 -98.777 -15.5879 
-0.174533 -0.208089 5.97026e-005 0 -0.174533 0.0456809 0.247368 0 -0.0592179 -0.17454 0 0.276161 0.116699 -0.229498 0 0.0035011 0.654784 -0.349066 0 1.55244 -10.3991 286.261 -60.1311 0.0714493 0.0799332 0.188516 -0.1924 -98.777 -15.5879 
-0.174533 -0.198619 0 0 -0.174533 0.138164 0.170483 0.212708 -0.102191 -0.152381 0.0367223 0.0463422 0.0781659 -0.205781 0 0.10717 0.588096 -0.349066 0 1.5708 -9.91395 285.709 -60.3834 0.0870553 0.0311705 0.172011 -0.1924 -98.777 -15.5879 
-0.174533 -0.178603 0 0 -0.170315 0.14209 0.124372 0.151783 -0.117947 -0.136211 0 0.189122 0.073726 -0.177891 0 0 0.543807 -0.349065 0 1.5708 -9.53025 285.719 -60.6722 0.0951352 -0.0309612 0.176785 -0.1924 -98.777 -15.5879 
-0.174533 -0.168153 0 0 -0.174523 0.141568 0.0449821 0.14904 -0.131796 -0.107805 0 0.226775 0.0236296 -0.140199 0.105581 0 0.507787 -0.349066 0 1.5708 -9.86525 285.242 -60.65 0.0957613 -0.0808662 0.169441 -0.1924 -98.777 -15.5879 
-0.174533 -0.168124 0 0 -0.174523 0.141786 0 0.088765 -0.131801 -0.104196 0 0.226484 0.039648 -0.112937 0.105583 0 0.610633 -0.349066 0 0.328241 -9.86509 285.246 -60.6488 0.0958003 -0.0809226 0.169459 -0.1924 -98.777 -15.5879 
-0.173663 -0.164033 0 0 -0.174533 0.154565 0 0 -0.172997 -0.086589 0.130822 0.174278 0.063508 -0.0901975 0.0154315 0.15849 0.629302 -0.349066 0.00468925 0 -8.55813 285.255 -61.4551 0.0992349 -0.121764 0.177011 -0.1924 -98.777 -15.5879 
-0.174424 -0.147948 0 0 -0.174533 0.149674 0 0.017947 -0.165917 -0.0761112 0.173124 0.0710975 0.0870963 -0.0654985 0.00498657 0.211645 0.680831 -0.349066 0 0 -7.84367 285.075 -61.6493 0.0910468 -0.131277 0.173904 -0.1924 -98.777 -15.5879 
-0.165833 -0.134231 0.00957645 0.0322647 -0.156318 0.138802 0 0 -0.142172 -0.0567567 0.212892 0.168276 0.105493 -0.0565692 0 0.0808848 0.701475 -0.349066 0.00766299 0 -7.09666 285.6 -61.9282 0.0889343 -0.185029 0.167031 -0.1924 -98.777 -15.5879 
-0.174533 -0.143847 0 0 -0.17066 0.127564 0 0 -0.140443 -0.0459922 0.228833 0.144902 0.118381 -0.0500205 0 0.0275726 0.739756 -0.3475 0 0 -7.3269 285.292 -61.8603 0.0854132 -0.214335 0.164119 -0.1924 -98.777 -15.5879 
-0.174533 -0.0997127 0 0 -0.174533 0.151788 0 0.191102 -0.15814 -0.0325792 0.221782 0.179835 0.123251 -0.0390256 0 0 0.708373 -0.349066 0 0 -7.24373 283.163 -61.6765 0.0822745 -0.238303 0.157032 -0.1924 -98.777 -15.5879 
-0.174533 -0.0957488 0 0 -0.174533 0.163364 0 0 -0.15814 -0.0325792 0.221782 0.179835 0.123251 -0.0390256 0 0 0.708373 -0.349066 0 0 -7.24373 283.163 -61.6765 0.0822745 -0.238303 0.157032 -0.1924 -98.777 -15.5879 
-0.172684 -0.077771 0.0140195 0.0683235 -0.174533 0.192045 0.0375954 0 -0.148429 -0.0191345 0.192861 0.273098 0.104097 -0.0261288 0 0 0.642762 -0.342357 0 0.00752825 -7.17135 283.133 -61.6503 0.0813161 -0.291141 0.155607 -0.1924 -98.777 -15.5879 
-0.169417 -0.0493505 0 0.0822545 -0.174533 0.220607 0 0 -0.149423 -0.00350509 0.187628 0.221493 0.103177 -0.026404 0 0 0.644824 -0.301383 0 0 -7.02916 283.364 -61.7122 0.0828573 -0.292756 0.155787 -0.1924 -98.777 -15.5879 
-0.143025 -0.0633253 0 0 -0.174533 0.237283 0 0 -0.152264 0.00905707 0.167807 0.200828 0.115997 -0.014153 0 0 0.625514 -0.278446 0.0149624 0 -6.68303 283.432 -61.4657 0.0831965 -0.318769 0.151552 -0.1924 -98.777 -15.5879 
-0.173448 -0.0662526 0.00607967 0 -0.174533 0.24165 0 0 -0.174533 0.00900688 0.146289 0.344192 0.0931885 -0.0123791 0 0 0.620963 -0.318332 0.00189899 0 -6.46721 283.159 -61.7773 0.0920577 -0.332148 0.153128 -0.1924 -98.777 -15.5879 
-0.173843 -0.0987873 0 0 -0.174533 0.256173 0 0 -0.174457 0.0171479 0.138594 0.256041 0.0347854 -0.0307215 0.00425564 0.168073 0.508851 -0.348198 0.000205072 0.0781695 -6.76174 283.77 -61.8395 0.0917291 -0.329787 0.148943 -0.1924 -98.777 -15.5879 
-0.173857 -0.109401 0.0003876 0.00826621 -0.174533 0.232761 0 0 -0.174454 0.005245 0.137486 0 -0.00300585 -0.0470122 0 0.157669 0.427172 -0.349066 0.000205131 0 -6.75577 283.768 -61.8401 0.0917747 -0.329789 0.148972 -0.1924 -98.777 -15.5879 
-0.172468 -0.0947039 0.000531582 0 -0.174533 0.257416 0 0 -0.170589 0.0502994 0.168014 0 0.0174554 -0.0246679 0 0 0.403029 -0.347251 0 0.00484052 -5.14103 283.548 -61.4344 0.0779221 -0.300618 0.121837 -0.1924 -98.777 -15.5879 
-0.174533 -0.091878 0.0272054 0.127133 -0.174533 0.193791 0 0 -0.174533 0.0179538 0.166583 0 -0.026764 -0.0716317 0.0397343 0.0308621 0.347094 -0.349066 0 3.18359e-005 -4.75038 283.346 -61.408 0.0775016 -0.305917 0.12693 -0.1924 -98.777 -15.5879 
-0.167757 -0.0782195 0.0748076 0.241634 -0.173698 0.153974 0.0286438 0 -0.174533 -0.0230651 0.219687 0.0164066 0.0116252 -0.10846 0.017278 0 0.410513 -0.349066 0 0 -4.70392 283.39 -61.854 0.074996 -0.281792 0.117147 -0.1924 -98.777 -15.5879 
-0.127142 -0.0986953 0.126132 0 -0.16955 0.146308 0.0195123 0.02607 -0.172347 -0.0405153 0.166404 0 -0.0601424 -0.0447862 0.050162 0 0.259708 -0.340473 0.00540596 0.137624 -4.562 283.579 -62.3017 0.0916121 -0.28091 0.0999399 -0.1924 -98.777 -15.5879 
-0.0945406 -0.103299 0.117307 0.0227634 -0.173946 0.170611 0.0478519 0.215515 -0.167616 -0.0258217 0.117716 0.243929 -0.0549997 -0.0715642 0.0251668 0.148126 0.176113 -0.349066 0 0 -3.4687 284.193 -61.957 0.0964478 -0.272123 0.0864848 -0.1924 -98.777 -15.5879 
-0.0684764 -0.107144 0.0666004 0.207852 -0.173941 0.170343 0.0370115 0.0330053 -0.174533 -0.0335356 0.121458 0.0124488 -0.0729585 -0.110341 0 0.128053 0.125116 -0.349066 0.0188748 0 -3.75405 284.327 -61.8984 0.109711 -0.250799 0.0753479 -0.1924 -98.777 -15.5879 
-0.0864237 -0.0695444 0.085752 0.409268 -0.174346 0.223471 0 0 -0.174124 -0.0100481 0.0247113 0 -0.120338 -0.10961 0.00503111 0.0321834 0.0367707 -0.349066 0.126043 0 -3.29801 283.169 -61.8331 0.121653 -0.241068 0.053435 -0.1924 -98.777 -15.5879 
-0.0738672 -0.0591865 0.162563 0.200052 -0.174438 0.228607 0.0117518 0 -0.174496 -0.00580835 0 0.00307845 -0.152676 -0.137702 0 0.0191147 -0.00277009 -0.349066 0.0133512 0.154492 -3.68251 282.933 -61.819 0.140434 -0.226681 0.0386067 -0.1924 -98.777 -15.5879 
-0.0297265 -0.0541423 0.235732 0.0462717 -0.17205 0.204803 0.0747333 0 -0.17101 -0.0162458 0 0.00228405 -0.169813 -0.162227 0.0127791 0 -0.0255206 -0.349066 0.0438545 0.0129924 -3.71482 282.573 -61.7851 0.140156 -0.219164 0.0396064 -0.1924 -98.777 -15.5879 
-0.0127765 -0.0776204 0.223112 0.00172667 -0.174516 0.192129 0.100809 0.0748873 -0.170149 -0.0208521 0 0.0364033 -0.156623 -0.182101 0.0413087 0 -0.0424063 -0.349066 0.149873 0 -3.73426 282.501 -61.7889 0.139723 -0.184887 0.0393936 -0.1924 -98.777 -15.5879 
0.0334481 -0.0802418 0.225065 0.0261549 -0.143626 0.188977 0.110001 0.000154605 -0.169841 -0.0212143 0 0.0329516 -0.155713 -0.191457 0.0476305 0.0186201 -0.0420583 -0.349066 0.133072 0 -3.73683 282.497 -61.7756 0.139563 -0.184698 0.0394975 -0.1924 -98.777 -15.5879 
0.0992451 -0.108331 0.130663 0.0919699 -0.153386 0.201388 0.157255 0.123337 -0.171381 -0.00867483 0 0.0260835 -0.148433 -0.186238 0.0478157 0.0253786 -0.0543715 -0.349066 0.127719 0 -3.70769 282.411 -61.8044 0.142901 -0.175599 0.0350797 -0.1924 -98.777 -15.5879 
0.125279 -0.102356 0.134275 0.0478156 -0.148729 0.219314 0.186209 0.0787825 -0.169014 -0.00499206 0 0.083476 -0.148973 -0.180691 0.0589142 0.0166081 -0.0569243 -0.349066 0.120683 0 -3.68287 282.411 -61.8409 0.140756 -0.176913 0.0269225 -0.1924 -98.777 -15.5879 
0.119759 -0.0695303 0.179431 0.0458023 -0.159591 0.243206 0.269268 0.000445061 -0.170537 0.0123537 0 0.136993 -0.150986 -0.151871 0.054119 0.0185556 -0.0794889 -0.349066 0.0579591 0.0420769 -3.77603 281.928 -61.6725 0.136816 -0.185286 0.0160343 -0.1924 -98.777 -15.5879 
0.119759 -0.0695303 0.179431 0.0458023 -0.148488 0.250104 0.269268 0.000445061 -0.170537 0.0123537 0 0.136993 -0.150986 -0.144915 0.054119 0.0185556 -0.0794889 -0.349066 0.0579591 0.0420769 -3.77603 281.928 -61.6725 0.136816 -0.185286 0.0160343 -0.1924 -98.777 -15.5879 
0.138015 -0.0614549 0.161699 0.0308703 -0.153698 0.258388 0.292261 0.000609795 -0.16979 0.0204771 0.0172858 0.0908426 -0.155142 -0.135469 0.0511288 0 -0.0807531 -0.349066 0.0751257 0.0679096 -3.69356 281.854 -61.6866 0.141028 -0.185038 0.0172713 -0.1924 -98.777 -15.5879 
0.176698 -0.0683958 0.117506 0.0140329 -0.131772 0.266368 0.293986 0.0343493 -0.168646 0.0354325 0.0669601 0.140496 -0.150807 -0.135157 0.118787 0 -0.0830649 -0.349066 0.0997287 0.0869959 -3.63391 281.853 -61.6251 0.141387 -0.184325 0.0183578 -0.1924 -98.777 -15.5879 
0.19462 -0.0549323 0.097205 0.074547 -0.0972835 0.271679 0.40049 0 -0.127274 0.0427833 0.0529309 0.326555 -0.108183 -0.139449 0.156936 0 -0.0772093 -0.349066 0.231692 0.00905947 -3.84754 281.971 -61.19 0.144957 -0.17819 0.016324 -0.1924 -98.777 -15.5879 
0.208772 -0.0512065 0.0836779 0.0896029 0.0193515 0.272145 0.345324 0 -0.0903198 0.0428849 0.105681 0.262287 -0.084432 -0.135756 0.202853 0.114955 -0.0134984 -0.349066 0.330832 0 -4.1284 282.179 -61.2438 0.150525 -0.168506 0.0112402 -0.1924 -98.777 -15.5879 
0.208108 -0.0955111 0.013123 0.0318554 0.0175412 0.267494 0.388761 0.0461414 -0.119199 0.0621048 0.184988 0.193141 -0.0662661 -0.128785 0.140355 0 -9.38345e-005 -0.349066 0.0366933 1.11228 -3.76144 282.452 -61.4381 0.226148 -0.143049 -0.000342685 -0.1924 -98.777 -15.5879 
0.233334 -0.103543 0 0 0.083685 0.268532 0.371542 0 -0.0277505 0.0300865 0.291168 0 0.0370504 -0.172617 0.0327505 0 0.19188 -0.349066 0 0.50156 -3.5626 282.664 -61.032 0.224371 -0.132402 0.00022475 -0.1924 -98.777 -15.5879 
0.178737 -0.0738095 0.0731456 0 0.105473 0.268502 0.450974 0.00209649 0.0401927 0.0490727 0.303397 0.00215084 0.176932 -0.176169 0 0 0.327708 -0.349066 0.0639506 0.0428923 -3.63 282.48 -60.9288 0.233238 -0.127397 -0.0121104 -0.1924 -98.777 -15.5879 
0.0570113 -0.0783849 0.0284449 0.213289 -0.112924 0.269083 0.692841 0.00675193 0.0126911 0.0402135 0.223403 0.0387215 0.173035 -0.16031 0 0.037941 0.265645 -0.349066 0.340869 0 -3.29513 283.105 -61.2458 0.314869 -0.0651276 0.000175905 -0.1924 -98.777 -15.5879 
0.129436 -0.0880864 0.0107165 0.189101 -0.109934 0.263829 0.686525 0.0116194 0.0275134 0.0224511 0.341917 0.0468594 0.192321 -0.152938 0.0396546 0.257673 0.246871 -0.349066 0.47686 0.0020641 -2.75618 284.053 -60.7475 0.323692 -0.0725183 -0.000942516 -0.1924 -98.777 -15.5879 
0.148784 -0.0885265 0 0.101799 -0.0759074 0.26346 0.528773 0.0587096 0.0783602 0.01994 0 0.526017 0.185467 -0.136334 0.0135978 0.153309 0.203754 -0.349066 0.394321 0 -2.64178 284.612 -59.386 0.411304 -0.0659139 0.00194008 -0.1924 -98.777 -15.5879 
0.183165 -0.0885795 0.0402663 0.0207354 0.0255076 0.258485 0.577549 0.0079062 0.0782212 0.0120414 0.175431 0.0138767 0.170333 -0.156229 0.00447832 0.024465 0.23809 -0.349066 0.397802 0 -2.04157 283.812 -58.8146 0.414882 -0.0682368 0.00426928 -0.1924 -98.777 -15.5879 
0.208889 -0.0807844 0.0100813 0.0201615 -0.0127402 0.280856 0.684441 0 0.0480973 0.107809 0.198668 0.322202 0.128704 -0.133956 0.0621403 0.245979 0.315186 -0.349066 0.256664 0 -2.63311 284.508 -57.2619 0.460062 -0.0418957 -0.0219229 -0.1924 -98.777 -15.5879 
0.156231 -0.0761056 0.000901138 0.0183269 -0.0394142 0.295843 0.614252 0.0112906 -0.0422392 0.107496 0.232618 0.402809 0.105687 -0.142619 0 0.323192 0.36694 -0.349066 0.0598602 0 -2.65153 284.63 -57.445 0.553144 -0.0393829 -0.0233202 -0.1924 -98.777 -15.5879 
0.0907763 -0.0239799 0.0315174 0.0866239 -0.153154 0.334231 0.656661 0 -0.0595576 0.10775 0.0592933 0.293508 0.0577219 -0.135226 0 0.464633 0.294504 -0.349066 0.0244869 0 -2.56705 284.527 -56.8878 0.678574 -0.0392236 -0.0207963 -0.1924 -98.777 -15.5879 
0.0739858 0.00330219 0.0346513 0.156493 -0.148371 0.349066 0.712061 0 -0.00516943 0.116317 0.127756 0.255891 0.0882284 -0.128233 0.0687573 0.646071 0.313768 -0.349066 0.0838236 0 -2.56705 284.527 -56.8878 0.678574 -0.0392236 -0.0207963 -0.1924 -98.777 -15.5879 
0.0174097 0.0125473 0.0342563 0.0407599 -0.139367 0.349066 0.517295 0.164392 -0.0586551 0.130396 0.120792 0.174063 0.0433228 -0.117294 0.135853 0.363105 0.339385 -0.349066 0 0.194444 -2.67097 283.808 -57.7284 0.729434 -0.0208066 -0.00979169 -0.1924 -98.777 -15.5879 
0.0194387 0.0231912 0.0107308 0 -0.174533 0.349066 0.749499 0 0.0957935 0.153133 0.100451 0 0.102408 -0.115673 0.0828489 0 0.337535 -0.349066 0 0.132927 -2.53221 283.869 -57.8044 0.740714 -0.0210129 -0.00637497 -0.1924 -98.777 -15.5879 
0.026589 0.0418018 0.0192695 0.0102457 -0.162113 0.349066 0.652527 0 0.0678808 0.161299 0.0951154 0.0713673 0.0937595 -0.104959 0 0.00208888 0.33871 -0.349066 0.00575555 0.0301955 -3.27171 284.355 -58.0039 0.776877 -0.0265736 -0.00564635 -0.1924 -98.777 -15.5879 
0.0117779 0.0745277 0.0118088 0.121768 -0.163215 0.349066 0.603172 0 0.0122424 0.161307 0.16015 0.0128771 0.0182674 -0.104973 0.0123089 0.239331 0.352223 -0.349066 0.0308314 0 -4.10826 283.509 -57.9568 0.816046 -0.0225294 -0.00776208 -0.1924 -98.777 -15.5879 
-0.00123695 0.0857302 0.0136061 0.0956365 -0.171724 0.349066 0.548446 0 -0.00286114 0.162492 0.081648 0.00533329 0.0029167 -0.0888323 0.00527871 0.235247 0.362397 -0.349066 0.00246967 0.0421805 -4.15638 282.588 -58.3278 0.837697 -0.0223975 -0.00759043 -0.1924 -98.777 -15.5879 
-0.0412949 0.0646328 0.0120625 0.110051 -0.161231 0.349066 0.433987 0 -0.00187631 0.158079 0 0 0.0217097 -0.0606903 0 0.049137 0.341536 -0.349066 0 0 -4.30064 282.797 -58.2337 0.836499 -0.0137004 -0.00735092 -0.1924 -98.777 -15.5879 
-0.0566509 0.026307 0.0100745 0.0498435 -0.174148 0.346724 0.342361 0 -0.0538153 0.144557 0 0 0.00636853 -0.0655568 0.0233204 0 0.275374 -0.349066 0 0 -4.91616 282.816 -57.4264 0.818382 -0.0216092 -0.00024637 -0.1924 -98.777 -15.5879 
-0.0610059 0.0229541 0 0.113022 -0.168212 0.347419 0.321933 0 -0.0340883 0.145171 0.000785109 0 0.00413765 -0.0635392 0.0322985 0.0353375 0.271602 -0.349066 0 0 -4.9861 282.877 -56.1396 0.762094 -0.0211479 -0.0025428 -0.1924 -98.777 -15.5879 
-0.0901974 -0.0290257 0.00496064 0 -0.171675 0.34603 0.296033 0.486876 -0.0172293 0.130986 0.00555071 0 0.0043206 -0.0712562 0.0532166 0.0877561 0.285477 -0.349066 0 0 -6.07519 282.964 -55.1871 0.688862 -0.00749122 -0.0103919 -0.1924 -98.777 -15.5879 
-0.0735648 -0.0455229 0 0.0334409 -0.174533 0.347413 0.202608 0.293743 -0.0645346 0.130773 0.040257 0 -0.092563 -0.0734303 0.049525 0.203191 0.115238 -0.349066 0.0296665 0.507442 -6.39835 283.177 -54.8063 0.652868 -0.00483492 -0.00724568 -0.1924 -98.777 -15.5879 
-0.0560224 -0.00372042 0 0.0775622 -0.174533 0.349066 0.0346085 0.16347 -0.173478 0.137251 0.000144923 0.108658 -0.174533 -0.0398424 0.00271369 0.0958943 0.0124694 -0.349066 0 0.473588 -6.38422 283.546 -54.7239 0.663707 -0.00367401 -0.00853371 -0.1924 -98.777 -15.5879 
-0.0313688 0.0490633 0.0132106 0.207747 -0.172609 0.349066 0.00761566 0.0516602 -0.174533 0.147339 0.000142975 0 -0.174533 -0.00488216 2.20209e-006 0.0223816 -0.0118697 -0.349066 0 0.0888966 -6.32789 285.315 -53.0843 0.643912 -0.00922662 -0.00939506 -0.1924 -98.777 -15.5879 
-0.0900844 0.0595138 0.0452899 0.247703 -0.174533 0.349066 0.00473919 0.094122 -0.174533 0.178347 0.000155931 0 -0.174533 -0.00833579 1.78325e-006 0.0108725 0.00254073 -0.342933 0.000568406 0 -6.19006 284.712 -52.5596 0.609363 -0.00825153 -0.00798618 -0.1924 -98.777 -15.5879 
-0.174533 0.0842119 0.10344 0.354558 -0.173021 0.347415 0.0363606 0.234364 -0.172149 0.176391 0.00123436 0.0894778 -0.165129 -0.027272 0.000876019 0 -0.0158593 -0.34634 0.0651894 0 -6.48678 284.531 -52.7505 0.562986 -0.00462951 -0.0113644 -0.1924 -98.777 -15.5879 
-0.171452 0.0753388 0.0905784 0.412339 -0.170132 0.349066 0.0165239 0.236888 -0.174533 0.152222 0 0 -0.172175 -0.0211261 0.00330451 0 -0.0421651 -0.349066 0.0486422 0 -6.57797 285.174 -52.844 0.530332 -0.00740478 -0.0138411 -0.1924 -98.777 -15.5879 
-0.167789 0.0505224 0.0696319 0.410238 -0.165838 0.348264 0.000732863 0.149025 -0.172392 0.161281 0.0102668 0.0375603 -0.171512 -0.0238528 9.74016e-005 0.201505 -0.0189893 -0.349066 0 0.0938312 -6.33409 284.585 -53.9663 0.454311 -0.00153887 -0.005372 -0.1924 -98.777 -15.5879 
-0.0899016 0.00365286 0 0.284833 -0.174533 0.349066 0.0500529 0 -0.174533 0.160199 0 0.0100245 -0.171957 -0.0146007 4.01757e-005 0.0486822 -0.0609418 -0.349066 0 0 -6.18189 284.098 -53.9522 0.393519 -0.0018645 -0.00245178 -0.1924 -98.777 -15.5879 
-0.0731142 -0.000391125 0.0382182 0.132084 -0.16136 0.349066 0.0896288 0.0292633 -0.174533 0.149102 0 0 -0.149931 -0.0209144 0 0 -0.121697 -0.349066 0.0606297 0 -6.23709 284.13 -54.5639 0.329671 -0.00198626 -3.11545e-005 -0.1924 -98.777 -15.5879 
-0.0464221 0.00421412 0.0549002 0.104384 -0.167183 0.349066 0.162617 0.00616778 -0.174533 0.15411 0 0 -0.138507 -0.0130238 0.0409546 0 -0.101702 -0.320484 0.09409 0 -6.24227 284.13 -54.5608 0.263811 -0.00174481 -0.00013934 -0.1924 -98.777 -15.5879 
-0.0742323 0.00953248 0.0847434 0.187819 -0.133058 0.349066 0.00483775 0.149975 -0.171377 0.153108 0 0 -0.134018 -0.00664163 0.0135623 0 -0.0424461 -0.323632 0.0679729 0 -6.31082 284.117 -54.5824 0.212519 0.000461013 0.000406612 -0.1924 -98.777 -15.5879 
-0.0260989 -0.0227384 0.0592449 0.0580287 -0.174533 0.349066 0.0105341 0.225269 -0.174533 0.150152 0 0 -0.174021 -0.0289646 0.0410967 0 -0.081742 -0.342813 0.199989 0.118089 -7.20963 284.119 -55.1163 0.190331 -0.0231358 0.0024312 -0.1924 -98.777 -15.5879 
-0.0087092 -0.0282499 0.0489362 0.0932934 -0.163988 0.348149 0.0658754 0 -0.174533 0.161189 0 0 -0.132668 -0.00677434 0 0 -0.0401655 -0.346853 0.169879 0 -7.54214 284.173 -55.1606 0.166632 -0.0297224 0.000513714 -0.1924 -98.777 -15.5879 
0.012278 -0.00827129 0.0917683 0 -0.164975 0.34819 0.0682028 0 -0.174533 0.164349 0 0 -0.158031 0.0022816 0.0171175 0.115487 -0.0777185 -0.342134 0.256673 0 -7.56167 284.476 -55.0611 0.160006 -0.0409745 0.00361906 -0.1924 -98.777 -15.5879 
