-0.164844 0.202362 0.130754 0.0593212 -0.174533 0.349066 0.00599376 0 -0.174533 0.148802 0 0.0386928 -0.165623 -0.00818382 0.0723925 0.223502 0.154849 -0.349066 0 0 -38.4289 269.772 -52.6985 0.0949645 0.0956273 -0.0545772 3.2389 -98.913 -14.3469 
-0.174533 0.225858 0.332262 0 -0.0767244 0.349066 0.107906 0 -0.0980976 0.193001 0.0148319 0.107675 0.0815888 0.000132666 0 0 0.381662 -0.349066 0.010388 0 -35.7322 278.122 -54.5554 0.0639671 0.134477 -0.0423016 3.2389 -98.913 -14.3469 
-0.174533 0.217712 0.315835 0.145801 -0.0353682 0.349066 0.0430511 0.0710729 -0.0874213 0.175535 0.040445 0.15388 0.0856904 -0.00843904 0.0104934 0.0118696 0.374131 -0.349066 0.0334215 0 -34.8432 279.283 -55.4729 0.0646165 0.123111 -0.0234332 3.2389 -98.913 -14.3469 
-0.174533 0.220292 0.286792 0.223053 -0.0495152 0.349066 0.0392608 0.0538871 -0.091499 0.163472 0.0298425 0.169643 0.0831553 -0.00759149 0 0.154896 0.370484 -0.349066 0.0154906 0 -34.5521 279.693 -55.7911 0.0719237 0.123853 -0.0152816 3.2389 -98.913 -14.3469 
-0.160699 0.207723 0.285909 0.178185 -0.0494371 0.349066 0.0393579 0.0575542 -0.0915471 0.163477 0.0332911 0.169569 0.101982 -0.0035217 0 0 0.388044 -0.349066 0.00245324 0 -34.5521 279.693 -55.7906 0.071914 0.123849 -0.0152822 3.2389 -98.913 -14.3469 
-0.150234 0.207445 0.284981 0.184681 -0.0493124 0.349066 0.0372751 0.0533378 -0.0917668 0.16493 0.0155172 0.187884 0.101724 0.00416575 0 0 0.387601 -0.349066 0.00267409 0 -34.5547 279.702 -55.8073 0.0720431 0.123822 -0.0153741 3.2389 -98.913 -14.3469 
-0.150873 0.19902 0.293459 0.122492 -0.0605363 0.349066 0.0184561 0.0531508 -0.0922564 0.165507 0.0155961 0.186855 0.114574 0.00533599 0 0 0.357966 -0.349066 0.00278504 0 -34.5763 279.702 -55.774 0.0722741 0.12434 -0.0155585 3.2389 -98.913 -14.3469 
-0.14383 0.190522 0.281619 0.0436287 -0.0677117 0.349066 0.0122136 0.0226299 -0.0783608 0.168452 0.0717252 0.0192266 0.129564 0.0205031 0 0 0.355201 -0.349066 0.00288674 0 -34.547 279.665 -55.793 0.0725986 0.124139 -0.0153376 3.2389 -98.913 -14.3469 
-0.151491 0.208942 0.229432 0.236322 -0.0705882 0.349066 0 0.343616 -0.0716044 0.142932 0.07617 0 0.139333 0.00743656 0 0 0.340485 -0.349066 0 0 -34.6958 279.174 -55.7753 0.0686335 0.122351 -0.0183825 3.2389 -98.913 -14.3469 
-0.157947 0.198765 0.185741 0.221199 -0.0853593 0.349066 0.00791761 0.142016 -0.102037 0.128135 0.0609437 0.137484 0.0742708 0.033367 0.00106554 0.0787638 0.356314 -0.349066 0 0 -34.7525 279.187 -55.905 0.0718196 0.123411 -0.016299 3.2389 -98.913 -14.3469 
-0.174533 0.209356 0.236736 0.148939 -0.0749044 0.349066 0.00662734 0.349653 -0.0952434 0.151719 0.0484141 0.10787 0.0819007 0.0351247 0 0.0382115 0.369236 -0.349066 0 0 -34.7667 279.18 -55.9088 0.0698925 0.124195 -0.0157118 3.2389 -98.913 -14.3469 
-0.174533 0.245809 0.359407 0.03809 -0.0397436 0.349066 0.00303851 0.150257 -0.0667967 0.150243 0.0344787 0.0171474 0.0846201 0.0299463 0.0100953 0.0224251 0.360108 -0.349066 0 0 -35.3792 279.199 -55.607 0.0665406 0.120945 -0.0161071 3.2389 -98.913 -14.3469 
-0.174533 0.270036 0.465842 0 -0.0192567 0.349066 0 0 -0.0837875 0.189003 0.0796197 0.00459848 0.0770509 0.0246307 0.0388099 0 0.331207 -0.348466 0 0 -35.6469 278.922 -55.2356 0.0679547 0.121495 -0.01436 3.2389 -98.913 -14.3469 
-0.0679298 0.305034 0.415449 0.506616 -0.0397623 0.349066 0.228623 0 -0.0975232 0.187981 0.118924 0.0287339 0.0702256 0.0153787 0 0.00930283 0.33903 -0.349066 0.128377 0 -36.4211 278.771 -54.8257 0.0741852 0.116169 -0.0170654 3.2389 -98.913 -14.3469 
-0.0283127 0.32835 0.50095 0.612815 0.0120945 0.349066 0.274719 0.0337243 -0.131982 0.193825 0.238676 0.0693093 0.0379104 0.0160712 0.00416607 0.00514151 0.290671 -0.349066 0.0826025 0 -36.4738 278.703 -54.7767 0.0737045 0.106878 -0.0152212 3.2389 -98.913 -14.3469 
-0.0035036 0.347472 0.551847 0.60942 0.0478493 0.349066 0.293391 0.0139757 -0.136597 0.187759 0.232911 0.0669632 0.0327725 0.0483393 0.00293168 0.00495276 0.310054 -0.349066 0 0 -36.4717 278.704 -54.7688 0.0736512 0.107101 -0.015563 3.2389 -98.913 -14.3469 
0.191709 0.32395 0.452258 0.127885 0.0775313 0.349066 0.488484 0.0926423 -0.162287 0.212882 0.309001 0.0153676 0.028923 0.0607086 0 0 0.317711 -0.325565 0 0 -36.7565 278.628 -54.9861 0.0641249 0.0955461 -0.00793286 3.2389 -98.913 -14.3469 
0.224901 0.308195 0.571091 0.0743422 0.0838183 0.349066 0.480073 0.217209 -0.155507 0.210807 0.327236 0.0499773 0.0320747 0.0535161 0.0343388 0 0.305283 -0.301195 0 0.00624821 -36.5663 278.593 -54.924 0.064864 0.0980874 0.00178495 3.2389 -98.913 -14.3469 
0.328577 0.251239 0.571472 0 -0.0483417 0.341268 1.03447 0.47765 -0.147996 0.218905 0.300499 0.0831658 0.0743912 0.0654186 0.0203931 0.0286661 0.256118 -0.308134 0.0490174 0.0133894 -35.494 278.182 -55.113 0.051186 0.0923807 0.0116014 3.2389 -98.913 -14.3469 
0.542846 0.206449 0.482567 0.0478569 -0.0773352 0.34658 1.04218 0.45849 -0.135567 0.24301 0.203306 0.87226 0.0730083 0.0739507 0.0338331 0.175096 0.226462 -0.2997 0.096219 0.00219564 -35.5693 278.544 -55.8308 0.061783 0.0770426 0.00712158 3.2389 -98.913 -14.3469 
0.80711 0.208923 0.259751 0.0378425 -0.174533 0.345959 1.54458 0 -0.0840952 0.236564 0.248053 0.626875 0.0802075 0.0803772 0.085908 0 0.347723 -0.310002 0.0143823 0 -35.5366 280.037 -54.6706 0.0864567 0.106418 0.0258721 3.2389 -98.913 -14.3469 
1.04286 0.17732 0.216909 0.172891 -0.141929 0.3359 1.6742 0 -0.154118 0.293622 0.0480929 0.805859 -0.124917 0.196954 0.0966855 0.333585 0.235269 -0.278283 0 0 -34.9944 280.023 -54.5343 0.123675 0.0810321 0.0358381 3.2389 -98.913 -14.3469 
1.12669 0.13116 0.304276 0.166621 -0.0336034 0.349066 1.6066 0.337112 -0.154295 0.27832 0.0738393 0.886974 -0.156232 0.115867 0.0558875 0.318857 0.120217 -0.290027 0.114324 0 -34.9764 280.267 -54.1291 0.126259 0.077546 0.0343673 3.2389 -98.913 -14.3469 
1.21641 0.0621513 0.268325 0.168 0.151322 0.349066 1.67331 0.270252 -0.167451 0.280521 0.130764 0.792331 -0.162039 0.0758776 0.00300411 0.34092 0.0583581 -0.332347 0.159911 0 -35.3641 280.064 -53.8237 0.123228 0.0700101 0.031931 3.2389 -98.913 -14.3469 
1.41356 0.133474 0.276081 0.0348805 0.297393 0.349066 1.74533 0.634262 -0.167204 0.3161 0.335056 0.703746 -0.103414 0.134183 0 0.398652 0.0823115 -0.336801 0.271685 0.000854568 -35.4768 280.069 -53.5381 0.122543 0.0705614 0.0373526 3.2389 -98.913 -14.3469 
1.46073 0.0451185 0.0435907 0.0155703 0.344405 0.348782 1.74533 0.82792 -0.132372 0.280465 0.391706 0.37944 -0.121997 0.0928489 0.0801412 0.42115 0.191589 -0.298878 0.194941 0 -35.4778 280.225 -53.4002 0.121347 0.0832135 0.0485495 3.2389 -98.913 -14.3469 
1.44031 0.0450059 0.0250838 0.00221695 0.504154 0.349066 1.74059 0.981597 -0.132811 0.276278 0.429202 0.265268 -0.144277 0.0934072 0.149942 0.338745 0.205496 -0.254076 0.0407914 0.000579316 -35.4919 280.166 -53.2961 0.119668 0.0792682 0.049008 3.2389 -98.913 -14.3469 
1.43211 0.0361755 0.026582 0.00195446 0.580528 0.349066 1.73395 0.821158 -0.147681 0.271952 0.462837 0.214435 -0.139156 0.11991 0.239458 0.194495 0.170694 -0.277999 0.0926907 0 -35.2086 280.214 -53.4562 0.124015 0.079195 0.0563423 3.2389 -98.913 -14.3469 
1.43194 0.0365575 0.0263008 0.00192077 0.594104 0.349066 1.74417 0.752312 -0.129588 0.276302 0.425663 0.130165 -0.106697 0.108384 0.118236 0.244592 0.172626 -0.286826 0.0946797 0 -35.2026 280.223 -53.4535 0.12372 0.0794556 0.0562388 3.2389 -98.913 -14.3469 
1.38562 0.0233567 0.023703 0.000648003 0.569383 0.349066 1.74413 0.795977 -0.131083 0.26953 0.450997 0.12574 -0.10692 0.103855 0.153181 0.250468 0.156407 -0.292021 0.102782 0 -35.0855 280.252 -53.2866 0.122553 0.0801871 0.0526946 3.2389 -98.913 -14.3469 
1.31772 0.00732993 0.00196385 0.0098897 0.536428 0.349066 1.74533 1.5708 -0.174533 0.240349 0.493942 0.209062 -0.169317 0.0915775 0.317058 0.235678 0.200532 -0.279966 0.0680019 0 -35.2009 280.335 -53.3799 0.123308 0.0812884 0.050918 3.2389 -98.913 -14.3469 
0.988075 -0.11508 0.00593126 0 0.160535 0.347545 1.67467 1.4702 -0.160542 0.119596 0.417695 0.0550418 -0.174533 0.0352185 0.412851 0 0.155942 -0.349066 0 0 -35.3295 281.855 -53.5995 0.136533 0.176272 0.0699773 3.2389 -98.913 -14.3469 
0.808569 -0.0972378 0.0157521 0 0.177046 0.349066 1.31879 1.01788 -0.0993745 0.178921 0.439679 0 -0.0900564 0.0780044 0.357347 0.0760678 0.0222075 -0.275507 0.0895629 0.00946479 -34.2109 282.826 -51.8778 0.103744 0.0959018 0.0538309 3.2389 -98.913 -14.3469 
0.743522 -0.0805893 0.00246535 0 0.0569016 0.344587 1.25681 0.233197 -0.0716853 0.155482 0.257966 0 -0.174533 0.071657 0.28473 0.333609 -0.0487257 -0.319735 0.47502 0 -33.7651 283.742 -51.6409 0.119988 0.0947361 0.0591029 3.2389 -98.913 -14.3469 
0.782506 -0.0887912 0 0 -0.0866658 0.335961 0.881866 0 -0.115818 0.152008 0.212499 0.157076 -0.0688313 0.0262697 0.109497 0 0.016436 -0.309173 0.428124 0.0552825 -33.8042 283.773 -51.6214 0.119991 0.0926168 0.0592909 3.2389 -98.913 -14.3469 
0.801813 -0.0442461 0.00377404 0 -0.126712 0.343312 0.617925 0.142245 -0.108789 0.145096 0.122888 0.285178 -0.0581702 0.0194179 0.0975248 0 0.047369 -0.317088 0.416802 0 -33.8509 284.076 -51.5362 0.118722 0.088761 0.0586947 3.2389 -98.913 -14.3469 
0.774764 0.00817048 0 0 -0.134991 0.319697 0.49525 0.316712 -0.116433 0.101977 0.0524463 0.327303 -0.0477544 0.0471672 0.113878 0.00380647 0.060614 -0.349066 0.531155 0 -33.8102 284.159 -51.4215 0.117321 0.0903612 0.0590421 3.2389 -98.913 -14.3469 
0.752031 0.0790397 0 0 -0.14324 0.31525 0.361376 0 -0.136311 0.121047 0.03468 0 -0.0388182 0.0625232 0.0618923 0.00592858 0.0419628 -0.349066 0.488974 0 -33.6721 284.035 -51.2029 0.118046 0.0889741 0.0628594 3.2389 -98.913 -14.3469 
0.756703 0.0468601 0 0 -0.174533 0.343539 0.258441 0 -0.174533 0.125504 0.186535 0.178343 -0.0624332 0.0297908 0.240844 0 0.299309 -0.349066 0.0771544 0.0933252 -33.5392 284.069 -51.3622 0.118159 0.0901366 0.0632004 3.2389 -98.913 -14.3469 
0.722284 0.063248 0 0 -0.174533 0.30532 0.218812 0 -0.174533 0.120031 0 0.240019 -0.125514 -0.00976041 0.280868 0 0.264712 -0.339818 0 0.00580054 -33.5581 284.047 -51.3293 0.118545 0.0904089 0.0545651 3.2389 -98.913 -14.3469 
0.646097 0.0617932 0 0 -0.174395 0.319426 0.108866 0.000302251 -0.166757 0.104381 0.015008 0.136851 -0.0519115 -0.0294247 0.0877855 0.00905172 0.299516 -0.349066 0.0264749 0.000776543 -33.6651 284.022 -51.3676 0.118106 0.0893766 0.0531913 3.2389 -98.913 -14.3469 
0.546056 0.0521491 0 0 -0.169639 0.312411 0.0401915 0.0170105 -0.174533 0.123748 0 0.0900845 -0.0869364 -0.052715 0.10055 0 0.350574 -0.330588 0 3.77251e-006 -33.8518 284.372 -51.3984 0.125091 0.0798671 0.0531678 3.2389 -98.913 -14.3469 
0.469193 0.0261508 0.000455581 0 -0.169547 0.325935 0.0100286 0 -0.174533 0.0883476 0 0.126803 -0.0682605 -0.0693621 0.0745401 0.000388048 0.336992 -0.349066 0 0 -33.867 284.431 -51.6112 0.118884 0.0664309 0.0572521 3.2389 -98.913 -14.3469 
0.423281 0.0298763 0 0 -0.17124 0.305733 0 0 -0.174533 0.0812964 0.00348311 0.261024 -0.0467982 -0.0735542 0.00810098 0 0.262983 -0.349066 0 0 -34.0086 284.48 -51.7241 0.118961 0.0636862 0.0579304 3.2389 -98.913 -14.3469 
0.415946 0.0437565 0 0 -0.17155 0.301102 0.0362366 0 -0.174533 0.0830105 0.00514416 0.0861367 -0.0312318 -0.0699969 0.00811391 0 0.238198 -0.349066 0.0338724 0 -34.0067 284.475 -51.6977 0.119513 0.0636248 0.0579107 3.2389 -98.913 -14.3469 
0.413447 0.0440804 0 0 -0.171631 0.301028 0.0362925 0 -0.174533 0.0794375 0.00508756 0.0857188 -0.0280239 -0.0689196 0.00203056 0 0.239906 -0.349066 0.00467113 0 -34.005 284.472 -51.7127 0.119811 0.0634622 0.0578966 3.2389 -98.913 -14.3469 
0.413447 0.0440804 0 0 -0.172352 0.301028 0.0362925 0 -0.174533 0.0794375 0.00508756 0.0857188 -0.0275509 -0.0581501 0.00203056 0 0.239906 -0.349066 0.00467113 0 -34.005 284.472 -51.7127 0.119811 0.0634622 0.0578966 3.2389 -98.913 -14.3469 
0.413725 0.0424261 0 0 -0.17232 0.283917 0.0362691 0 -0.174533 0.0740116 0.00525521 0.0858836 -0.0319092 -0.0359941 0.00203446 0 0.239775 -0.349066 0.00478636 0 -34.058 284.47 -51.708 0.119803 0.0632239 0.0580605 3.2389 -98.913 -14.3469 
0.415783 0.0420873 0 0 -0.172468 0.283926 0.0363956 0 -0.174533 0.0733252 0.00490203 0.0861346 -0.0358913 -0.0199997 0.00200577 0 0.24158 -0.349066 0 0 -34.058 284.45 -51.7147 0.119784 0.0633146 0.0580254 3.2389 -98.913 -14.3469 
0.413928 0.0415555 0 0 -0.172513 0.288711 0 0.0473348 -0.174533 0.0635189 0.0025869 0.0792358 -0.0446074 -0.0387523 0.00125594 0 0.231996 -0.349066 0 0.019033 -34.051 284.117 -51.6675 0.116602 0.0586237 0.0569502 3.2389 -98.913 -14.3469 
