0.544103 0.151965 0.0086443 0.103741 0.218161 0.260735 0.0239462 0.0262605 0.00103479 0.0772979 0 0.329969 0.0706961 -0.0492723 0 0 -0.0245196 -0.349066 0.149805 0.221502 -9.67303 276.789 -15.7973 0.0475108 -0.175506 0.000452781 -2.2549 -99.452 -10.209 
0.46896 0.103883 0.0887026 0.0776959 0.226809 0.25422 0.0168288 0.0171258 0.0405099 0.0528171 0.0257603 0.246947 0.0943707 -0.0660899 0 0.0043423 0.0426046 -0.349066 0.176189 0 -9.11957 276.966 -16.3691 0.0446884 -0.15762 0.010526 -2.2549 -99.452 -10.209 
0.446962 0.101845 0.117395 0 0.235608 0.246865 0 0 0.0449757 0.0802509 0.0505516 0.388327 0.0892199 -0.0593682 0 0 0.0527433 -0.349066 0.165834 0 -7.33814 277.217 -18.1954 0.0506241 -0.162437 0.000548005 -2.2549 -99.452 -10.209 
0.446962 0.101845 0.117395 0 0.245073 0.246865 0 0 0.0449757 0.0978493 0.0578308 0.388327 0.0892199 -0.0511709 0 0 0.0633839 -0.349066 0.131886 0 -7.33814 277.217 -18.1954 0.0506241 -0.162437 0.000548005 -2.2549 -99.452 -10.209 
0.453587 0.110281 0.130097 0.00631414 0.253357 0.236819 0 0 0.0451936 0.102417 0.0240841 0.42336 0.0787676 -0.0419423 0.0164919 0 0.0644494 -0.349066 0.120881 0 -7.38515 277.246 -19.0976 0.0504176 -0.162971 0.000236731 -2.2549 -99.452 -10.209 
0.453587 0.110281 0.130097 0.00631414 0.247552 0.236819 0 0 0.0451936 0.104119 0 0.42336 0.0787676 -0.0280778 0.0164919 0 0.0644494 -0.349066 0.120881 0 -7.38515 277.246 -19.0976 0.0504176 -0.162971 0.000236731 -2.2549 -99.452 -10.209 
0.459104 0.107535 0.116261 0.0136126 0.242942 0.241873 0 0 0.0404132 0.105151 0.00156852 0.314682 0.0666464 -0.0217396 0.00920541 0 0.0507913 -0.349066 0.105995 0 -7.43497 277.29 -19.1566 0.0522151 -0.162787 -0.00135367 -2.2549 -99.452 -10.209 
0.449832 0.116368 0.111799 0.00524581 0.226616 0.268333 0.0268115 0 0.0306553 0.117484 0.00060445 0.266553 0.0677637 -0.00184625 0.00584387 0 0.0748015 -0.349066 0.0823614 0 -7.46883 277.476 -19.7229 0.046867 -0.151185 -0.00930034 -2.2549 -99.452 -10.209 
0.474613 0.117447 0.0722311 0.0610236 0.220269 0.266517 0.00728985 0 0.00642218 0.121227 0.000592635 0.292734 0.0540877 -0.00198841 0.00659672 0 0.066037 -0.349066 0.0821717 0.088336 -7.31708 277.599 -20.0173 0.0507359 -0.151648 -0.00890675 -2.2549 -99.452 -10.209 
0.519523 0.14138 0.057723 0.0403134 0.232362 0.274882 0.00782059 0 -0.00970374 0.122846 0.00206668 0.354977 0.0916661 0.00428817 0.00409582 0 0.0699247 -0.349066 0.0759006 0.160871 -7.27077 279.442 -20.155 0.0432521 -0.15131 -0.00875286 -2.2549 -99.452 -10.209 
0.539247 0.167022 0.0595767 0 0.183656 0.296769 0.025112 0.290395 -0.0677708 0.099621 0 0.281536 0.00215919 -0.0264903 0.231479 0 0.158739 -0.340384 0.036361 0.0510855 -7.60136 280.132 -21.6352 0.0470285 -0.110995 0.00574894 -2.2549 -99.452 -10.209 
0.555556 0.286856 0.352409 0 0.276428 0.251205 0.0346632 0.0557259 -0.05197 0.0227639 0.0416652 0 -0.0105827 -0.08885 0.34089 0 0.13523 -0.349066 0.130385 0.00545268 -3.83075 280.247 -31.9281 0.0136481 -0.150897 0.0588248 -2.2549 -99.452 -10.209 
0.808125 0.34686 0 0.516933 0.34614 0.338741 0.314511 0.0527782 -0.0517733 0.120086 0.368808 0 0.0084417 0.0903754 0.104686 0.715231 0.216275 -0.304117 0 0 -3.54724 280.836 -36.9573 0.0226 -0.16677 0.0379511 -2.2549 -99.452 -10.209 
0.804192 0.349066 0 0.641339 0.398732 0.34824 0.631347 0 0.0556982 0.155081 0.568173 0.24414 0.095092 0.157799 0.0470527 0.759602 0.286219 -0.34514 0 0.0549532 -2.55912 277.921 -40.6062 -0.0297635 -0.182814 0.0796698 -2.2549 -99.452 -10.209 
0.796829 0.349066 0.0423834 0.63613 0.517222 0.349066 0.633618 0.287475 0.110354 0.226743 0.525041 0.474616 0.129591 0.256863 0.0673141 0.0924096 0.289004 -0.349066 0.141439 0 -3.52121 278.122 -40.7475 -0.0342743 -0.156073 0.0934227 -2.2549 -99.452 -10.209 
0.813257 0.307383 0.0708178 0.653514 0.484479 0.349066 0.740598 0.335193 0.0498694 0.276397 0.53308 0.320649 -0.0586108 0.242734 0.514143 0 0.315339 -0.322449 0.0631395 0.0287429 -6.22281 279.242 -48.0409 0.0176458 -0.112598 0.0924691 -2.2549 -99.452 -10.209 
0.809229 0.244827 0.0543402 1.24491 0.62573 0.348537 0.809928 0 0.120138 0.349066 0 0.657744 -0.122096 0.214055 0.561789 0.445762 0.356623 -0.349066 0.000105775 0.296374 -8.7837 277.592 -47.4145 0.0375184 -0.066298 0.113918 -2.2549 -99.452 -10.209 
0.825293 0.267468 0.0443757 1.5708 0.758643 0.349066 0.791297 0 0.0727767 0.326912 0.245937 0.291783 -0.137403 0.0994113 0.768322 0.327462 0.340788 -0.349066 0.28154 0 -10.4432 278.891 -48.1994 0.0238 -0.0607463 0.16608 -2.2549 -99.452 -10.209 
0.826143 0.335697 0.09532 1.5708 0.860759 0.349066 0.637423 0.580792 0.194303 0.319528 0.115014 1.40212 -0.0861856 0.102032 0.79562 0.48287 0.384411 -0.349066 0 0.500218 -10.408 276.983 -50.2924 0.00740178 -0.0759628 0.194993 -2.2549 -99.452 -10.209 
0.803002 0.322237 0.0329047 1.56827 0.937403 0.349066 0.6777 0.805778 0.219529 0.320618 0.274529 1.5708 -0.0641953 0.172421 0.974068 0 0.419494 -0.349066 0.265076 0 -12.4295 277.729 -53.6833 -0.00314226 -0.0540232 0.195585 -2.2549 -99.452 -10.209 
0.739756 0.349066 0.318392 1.35557 1.10849 0.315599 0.459957 0.152345 0.293155 0.279474 0.182265 1.5708 0.2707 0.110287 0.0327722 1.27834 0.462489 -0.349066 0.246985 0 -11.7883 279.486 -58.466 -0.0233763 -0.0991819 0.21448 -2.2549 -99.452 -10.209 
0.848701 0.345355 0.31089 1.23276 1.15166 0.349066 0.521644 0 0.253476 0.291335 0.265351 1.55009 0.255148 0.129771 0.048069 0.788345 0.448538 -0.349066 0.0306804 1.5708 -12.4335 278.822 -59.2577 0.017591 -0.102267 0.214341 -2.2549 -99.452 -10.209 
0.987876 0.349066 0.143119 1.34874 1.25745 0.349066 0.459313 0 0.324301 0.336763 0.341556 1.5708 0.277953 0.155788 0.263994 0.231197 0.497009 -0.349048 0.20171 1.5708 -11.901 278.958 -60.3042 -0.00626615 -0.0924713 0.220929 -2.2549 -99.452 -10.209 
1.04555 0.349066 0.189286 1.33183 1.35412 0.344437 0.307599 0 0.372537 0.34236 0.338098 1.53009 0.315224 0.149412 0.285422 0 0.5441 -0.349064 0.220134 1.5708 -10.6731 279.507 -61.2161 -0.00724095 -0.0986828 0.233547 -2.2549 -99.452 -10.209 
1.12748 0.238979 0.0349541 1.25823 1.35871 0.349066 0.343024 0 0.397163 0.344879 0.286069 1.5708 0.323584 0.155424 0.215934 0.44517 0.556978 -0.349066 0.139883 1.5708 -9.78028 275.797 -62.0661 -0.00876968 -0.084907 0.249481 -2.2549 -99.452 -10.209 
1.13981 0.246977 0.0285769 1.17693 1.35218 0.349066 0.467783 0 0.432718 0.343641 0.0983434 1.47441 0.318994 0.165367 0.230799 0.589201 0.624902 -0.349066 0 1.5708 -10.1555 275.718 -61.999 -0.00578335 -0.0754011 0.245191 -2.2549 -99.452 -10.209 
1.21411 0.194535 0.011022 0.797615 1.28487 0.343519 0.299354 1.5708 0.323038 0.326535 0.158034 1.5708 0.16327 0.115956 0.250105 0.254828 0.305327 -0.349066 0.347575 0.901974 -12.0329 276.111 -59.7017 0.00905251 -0.140975 0.205368 -2.2549 -99.452 -10.209 
1.17058 0.148365 0.00785866 0.461886 1.28201 0.336622 0.220661 1.5708 0.37572 0.271759 0 1.5708 0.140859 0.0659574 0.366317 0.425151 0.42716 -0.349066 0.0393221 0.5722 -11.0651 275.964 -59.6357 -0.00735962 -0.140072 0.202384 -2.2549 -99.452 -10.209 
1.18795 0.311946 0.141663 0.503475 1.19075 0.349066 0.0168325 1.5708 0.441285 0.209284 0.0173284 1.5708 0.282688 0.0328853 0.0579604 0.344319 0.509471 -0.349066 0 0.157717 -12.3069 274.882 -55.2421 -0.0631676 -0.141394 0.216637 -2.2549 -99.452 -10.209 
0.0355643 0.319133 1.39877 0 0.968259 0.349066 0.0490813 1.5708 0.30488 0.193728 0.244858 1.17868 0.27973 0.0379433 0.0776396 0.643995 0.705908 -0.349066 0 0 -14.1315 275.193 -51.667 -0.0671602 -0.0135522 0.229997 -2.2549 -99.452 -10.209 
-0.174533 0.169774 1.38116 0.132507 0.511437 0.340235 0.838789 0.508572 0.215562 0.171455 0.257506 1.39627 0.307447 0.0624634 0 1.20186 0.37883 -0.349066 0.19804 0 -15.328 276.467 -47.346 -0.0530868 0.00443641 0.212017 -2.2549 -99.452 -10.209 
0.561834 0.242684 0.647495 0.100366 0.316493 0.349066 0.878909 0.192078 -0.0965867 0.267994 0.714724 0.618022 0.308325 0.0953722 0 0.584131 0.113649 -0.333322 0.204715 0.695746 -11.4223 276.811 -38.0416 0.047637 -0.0486621 0.151244 -2.2549 -99.452 -10.209 
0.807672 -0.0206794 0.0527618 0.16271 0.22911 0.347994 0.982906 0 -0.174533 0.221782 0.80492 0.37889 0.219099 0.10386 0 0.0931935 0.0630355 -0.349066 0.272938 0 -12.3029 275.631 -36.786 0.0586772 -0.0791874 0.124914 -2.2549 -99.452 -10.209 
0.83936 -0.106385 0 0 0.213457 0.324712 0.869004 0 -0.150882 0.18079 0.708941 0.217367 0.140993 0.076477 0.0133812 0 0.0769453 -0.349066 0.24242 0 -10.2358 275.631 -36.786 0.0586772 -0.0791874 0.124914 -2.2549 -99.452 -10.209 
0.428722 -0.033521 0.326479 0.3613 0.150291 0.349066 0.968034 0 -0.00499435 0.107437 0.363681 0.943207 0.181902 -0.0497828 0.0812874 0 0.122375 -0.349066 0.637238 0 -9.82293 277.99 -25.6117 0.00329254 0.0301224 0.143793 -2.2549 -99.452 -10.209 
-0.174533 -0.121344 0.4548 0.0357474 -0.117986 0.348212 0.711006 0.550747 -0.00431067 0.153389 0.206076 0.437947 0.115748 -0.00658274 0.103667 0.43697 0.416164 -0.280095 0.56312 0 -9.26076 279.045 -19.7056 0.00298451 0.230461 0.125023 -2.2549 -99.452 -10.209 
0.0977451 -0.20944 0.110484 0 -0.0399006 0.321834 0.543426 0.0171781 0.106978 0.0843674 0 0.112751 0.148482 -0.0470947 0.0655561 0.145966 0.164452 -0.346777 0.811434 0 -9.50312 277.191 -17.6677 -0.0220487 0.14131 0.110704 -2.2549 -99.452 -10.209 
0.0769212 -0.209076 0.0521234 0.0201394 -0.00994838 0.290235 0.279008 0 0.0783089 0.0637734 0 0 0.166744 -0.0361626 0.0338312 0 0.181859 -0.344075 0.56957 0 -9.34854 279.205 -17.4969 -0.0207483 0.150572 0.107626 -2.2549 -99.452 -10.209 
0.0885398 -0.204851 0 0.0923403 -0.000604693 0.258871 0.150287 0 0.0452766 0.0480742 0.00370091 0.0226528 0.13741 -0.0148845 0.0781499 0 0.238495 -0.338172 0.397199 0.103045 -9.32008 279.389 -17.3865 -0.0171333 0.15971 0.107859 -2.2549 -99.452 -10.209 
0.016169 -0.205084 0.0104615 0.059924 -0.00648575 0.222037 0.0749144 0.0363559 -0.0284135 0.0361423 0.0601312 0.063307 0.0603269 -0.00645097 0.0506845 0.110758 0.259785 -0.34225 0.402155 0.206989 -8.26607 279.467 -16.4824 -0.00176906 0.161875 0.108554 -2.2549 -99.452 -10.209 
-0.0511534 -0.20944 0.00233232 0.0198591 -0.0763672 0.200765 0.115399 0.0894796 -0.123332 0.0279019 0.0997338 0.0896292 0.0320131 -0.0193789 0 0.0669569 0.298746 -0.337527 0.240351 0 -8.116 280.508 -16.5796 0.0295942 0.155029 0.113043 -2.2549 -99.452 -10.209 
-0.0775627 -0.207869 0 0 -0.0635911 0.205739 0.0333071 0 -0.118213 0.0192645 0.0215602 0 0.00464623 -0.00987933 0 0.000972216 0.21586 -0.344737 0.3776 0.020282 -8.28049 280.772 -11.5554 0.0439734 0.139321 0.124254 -2.2549 -99.452 -10.209 
-0.104788 -0.190123 0 0 -0.0772613 0.210053 0.0212369 0.0394577 -0.116634 0.030093 0.0208745 0 0.0136201 -0.00735793 0 0.000880924 0.23107 -0.339371 0.309263 0 -8.29732 280.851 -11.5899 0.0445058 0.140891 0.124093 -2.2549 -99.452 -10.209 
-0.134582 -0.207819 0 1.34538e-005 -0.153711 0.208262 0.111122 0 -0.133081 0.0318814 0.0461195 0.0366183 -0.00166661 -0.00815956 0 0 0.190925 -0.328177 0.161046 0.231458 -10.2352 281.555 -9.62734 0.061387 0.156298 0.125024 -2.2549 -99.452 -10.209 
-0.134582 -0.195835 0 1.34538e-005 -0.163208 0.208262 0.138358 0 -0.133081 0.0318814 0.0461195 0.0366183 0.00496907 -0.00815956 0 0 0.216404 -0.328177 0.128506 0.0587364 -10.2352 281.555 -9.62734 0.061387 0.156298 0.125024 -2.2549 -99.452 -10.209 
