-0.120915 -0.0429984 0.00368811 0.418582 -0.0101311 0.348697 0.145029 0.699561 -0.00305656 0.0949564 0.0628059 0.00207972 0.151144 -0.00548997 0.0155565 0.00149748 0.511295 -0.347365 0.0125146 0.0150748 -76.212 317.421 -54.3637 -0.109101 0.148423 -0.215617 1.07771 -99.33 -11.5041 
-0.160247 -0.0253717 0.000170534 0.576587 0.00307592 0.349066 0.144667 0.848217 0.0126259 0.0919493 0.111322 0 0.163197 -0.019078 0.0144076 0.0169645 0.523994 -0.348876 0.000312155 0.0099939 -76.4067 317.618 -54.5062 -0.109802 0.165206 -0.216032 1.07771 -99.33 -11.5041 
-0.167461 -0.0104023 8.83952e-006 0.561355 -0.0199418 0.349066 0.167672 0.885215 0.0211426 0.10716 0.0989243 0 0.136834 -0.00499025 0.00797563 0 0.504115 -0.349034 0 0.00756189 -75.8658 318.27 -54.9893 -0.0968897 0.157623 -0.22477 1.07771 -99.33 -11.5041 
-0.171086 -0.0306121 0.000140321 0.553975 -0.0209512 0.349066 0.172899 0.927355 0.0254251 0.105678 0.102677 0.00869078 0.146614 -0.0075683 0.00959355 0.00110093 0.511999 -0.348462 0 0.0106198 -76.1394 318.52 -55.1917 -0.0996742 0.161186 -0.225364 1.07771 -99.33 -11.5041 
-0.173579 -0.0409794 0.00376342 0.509754 -0.00982305 0.349066 0.144458 0.915239 0.0270007 0.10973 0.107654 0.00493875 0.160093 -0.00782576 0.0136824 0.000479629 0.501734 -0.348636 0.000843994 0.00681431 -76.2541 318.741 -55.6329 -0.102761 0.166646 -0.228851 1.07771 -99.33 -11.5041 
-0.167483 -0.0326155 0.0073238 0.48519 -0.0400942 0.349066 0.162232 0.754057 0.0351114 0.107494 0.0846548 0.0073951 0.158153 -0.00792427 0.013635 0.00318625 0.496179 -0.348606 0.000309477 0.00285044 -76.2124 319.364 -55.6783 -0.0967982 0.158533 -0.228077 1.07771 -99.33 -11.5041 
-0.148546 -0.0112909 0.0217084 0.413844 -0.114765 0.349066 0.227011 0.637209 0.00363537 0.103295 0.122733 0.066134 0.19284 -0.00135058 0.0226395 0.000564703 0.563638 -0.347848 0.0270792 0.0129978 -74.5039 320.593 -56.7697 -0.083293 0.168521 -0.237963 1.07771 -99.33 -11.5041 
-0.0919939 -0.0129618 0.0377739 0.300412 -0.143502 0.349066 0.365973 0.521166 -0.0541203 0.122596 0.229933 0.0398348 0.144765 -0.0216117 0.125454 0.0477668 0.732522 -0.348133 0.0105773 0.0482543 -75.3573 321.752 -57.9605 -0.0699883 0.13044 -0.258733 1.07771 -99.33 -11.5041 
-0.100421 -0.017912 0.0183886 0.318524 -0.163009 0.347963 0.275189 0.464391 -0.0961068 0.0877281 0.219328 0.0720113 0.19786 -0.0564948 0.135087 0.0705574 0.850998 -0.348818 0.105016 0.0524846 -76.2531 322.337 -59.3828 -0.027863 0.134599 -0.26069 1.07771 -99.33 -11.5041 
-0.0417115 -0.036853 0.00392722 0.260231 -0.164841 0.349066 0.25646 0.429927 -0.108274 0.041465 0.194112 0.0950917 0.284513 -0.11381 0.220024 0.119606 0.839022 -0.348848 0.411236 0.0234628 -76.1951 321.286 -58.7249 -0.00932609 0.103158 -0.264941 1.07771 -99.33 -11.5041 
-0.0156633 -0.0284411 0.0341156 0.37377 -0.153543 0.349066 0.158759 0.457728 -0.090874 0.0288024 0.285665 0.335642 0.463217 -0.190427 0.258664 0.355944 0.885342 -0.331904 0.354354 0.103913 -76.7136 320.314 -60.8734 0.0222191 0.0401951 -0.270008 1.07771 -99.33 -11.5041 
-0.0842805 0.0268708 0.418879 0.110985 -0.0980219 0.152003 0.246466 0.382535 -0.0342645 -0.0430699 0.804001 0.183072 0.729373 -0.0208027 0.227789 0.0869709 1.28646 -0.349066 0.0854551 0.142497 -79.3954 322.567 -54.6395 0.0339499 0.0447764 -0.170685 1.07771 -99.33 -11.5041 
-0.0928522 -0.0150731 0.35893 0.217381 -0.0666238 0.0100679 0.310307 0.240927 -0.101406 0.0613155 0.985304 0.0633173 0.78704 0.0994592 0.208209 0.271992 1.35606 -0.34282 0.130563 0.124897 -81.1696 323.298 -56.7886 0.0181256 0.0443354 -0.167032 1.07771 -99.33 -11.5041 
0.0670125 -0.165492 0.0195993 0.269472 0.0467495 -0.0656553 0.248674 0.275134 -0.0408422 0.111304 0.871848 0.133646 0.887362 0.20313 0.327551 0.421572 1.43858 -0.269449 0.0909099 0.116534 -82.4915 330.264 -58.1166 -0.00980486 0.0753029 -0.144551 1.07771 -99.33 -11.5041 
0.0763977 -0.20944 0.0454614 0.267412 0.110394 -0.0738965 0.199938 0.36925 0.027582 0.11769 0.981123 0.124654 0.926821 0.203178 0.331423 0.424378 1.43431 -0.201163 0.058662 0.103957 -82.1427 329.829 -58.2629 -0.0126596 0.0752848 -0.145508 1.07771 -99.33 -11.5041 
0.009871 -0.20471 0.139013 0.287071 0.15524 -0.0915797 0.202322 0.382891 0.0692333 0.0899831 1.18586 0.236311 0.924569 0.162841 0.233167 0.470617 1.38615 -0.200207 0.0557718 0.0757802 -77.5381 331.382 -62.0089 0.0181856 0.0254298 -0.0884344 1.07771 -99.33 -11.5041 
0.000145152 -0.0377379 0.315247 0.370658 0.693899 -0.041577 0.392859 0.911153 0.00436693 0.282708 1.57426 0.301052 0.736218 0.0910859 0.242239 0.561322 1.4212 -0.272887 0.0603929 0.134778 -75.8731 302.782 -60.5121 -0.0674835 -0.0247171 -0.107401 1.07771 -99.33 -11.5041 
