-0.00109444 0.195091 0.12515 0.285753 -0.139105 0.306536 0.179415 0.0141894 -0.115665 -0.0250111 0.0243508 0.126601 -0.0709614 -0.140327 0.304775 0.00448177 0.391353 -0.349061 0.102903 0.00709308 -24.8545 267.569 -36.192 -0.0135752 0.0702159 -0.035338 0.0783997 -98.162 -19.083 
-0.0246653 0.175798 0.142592 0.266127 -0.135361 0.305202 0.114137 0.00204798 -0.128485 -0.0115619 0.00992802 0.0725664 -0.0544333 -0.141275 0.278356 0.000458285 0.339958 -0.349066 0.105775 0.0359032 -24.5887 267.254 -36.0277 -0.0135752 0.0702159 -0.035338 0.0783997 -98.162 -19.083 
-0.0276158 0.171952 0.144107 0.251234 -0.137144 0.307527 0.117366 0.000800866 -0.13197 -0.00488787 0.00486629 0.0650348 -0.0510299 -0.141261 0.269957 0.00787461 0.342917 -0.349066 0.0896167 0.0122784 -24.4564 266.973 -35.9906 -0.0135752 0.0702159 -0.035338 0.0783997 -98.162 -19.083 
-0.0318844 0.169402 0.142487 0.250676 -0.138966 0.309479 0.116779 0 -0.13336 -0.00553233 0.00451509 0.0518742 -0.0535755 -0.141474 0.267969 0.00731447 0.3475 -0.349066 0.0777671 0.0102709 -24.1023 266.7 -36.0176 -0.0135752 0.0702159 -0.035338 0.0783997 -98.162 -19.083 
-0.0299316 0.167236 0.134433 0.243311 -0.13519 0.307812 0.11902 0.00301768 -0.132475 -0.013508 0.00278232 0.0531611 -0.048449 -0.138765 0.253785 0.00659499 0.350554 -0.349066 0.0781077 0 -23.9335 266.467 -36.1102 -0.0135752 0.0702159 -0.035338 0.0783997 -98.162 -19.083 
-0.0285457 0.16343 0.127295 0.236744 -0.140482 0.310793 0.121336 0 -0.13749 -0.00887856 0 0.0445816 -0.0464088 -0.143508 0.261094 0 0.35674 -0.349066 0.0593945 6.93783e-005 -23.7213 266.254 -36.0889 -0.0135752 0.0702159 -0.035338 0.0783997 -98.162 -19.083 
-0.0259822 0.162499 0.123789 0.23005 -0.139973 0.314248 0.116557 0 -0.139796 0.00234712 0 0.0401288 -0.0535118 -0.151021 0.273467 0 0.349786 -0.349066 0.0446203 0 -23.676 266.065 -35.9429 -0.0135752 0.0702159 -0.035338 0.0783997 -98.162 -19.083 
-0.0309476 0.158325 0.121987 0.203224 -0.152347 0.320268 0.124967 0.00279106 -0.138437 0.00169221 0 0.027699 -0.0534388 -0.151734 0.266642 0.00158317 0.326263 -0.349066 0.0400187 0.00023421 -23.6328 265.992 -35.7174 -0.0135752 0.0702159 -0.035338 0.0783997 -98.162 -19.083 
-0.038475 0.163146 0.11912 0.204089 -0.153476 0.331965 0.12402 0.012149 -0.14156 0.00435007 0.00222232 0.0218638 -0.0521467 -0.146221 0.254196 0.000389857 0.319641 -0.349066 0.0425094 2.29919e-007 -23.5869 265.838 -35.4555 -0.0135752 0.0702159 -0.035338 0.0783997 -98.162 -19.083 
-0.0518866 0.163014 0.122429 0.200975 -0.151375 0.336846 0.112116 0.00402529 -0.146346 0.000989692 0.00110324 0.0166655 -0.0453999 -0.15202 0.226628 0.0380538 0.316709 -0.349066 0.0345671 2.17628e-008 -23.5996 265.696 -35.3192 -0.0135752 0.0702159 -0.035338 0.0783997 -98.162 -19.083 
-0.049432 0.157292 0.119245 0.194349 -0.154934 0.341937 0.0998279 0 -0.150153 0.00106475 0 0.00596086 -0.0440579 -0.150453 0.220995 0 0.309024 -0.349066 0.0221275 0 -23.5542 265.592 -35.0006 -0.0135752 0.0702159 -0.035338 0.0783997 -98.162 -19.083 
-0.0507427 0.152532 0.115194 0.189163 -0.154528 0.347211 0.0926211 0 -0.158148 0.00619276 0.0080411 0.0792676 -0.0496054 -0.150642 0.217783 0 0.311485 -0.349056 0.00980143 0 -23.3848 265.522 -34.2351 -0.0135752 0.0702159 -0.035338 0.0783997 -98.162 -19.083 
-0.0758577 0.145024 0.122393 0.21886 -0.157266 0.34854 0.112481 0.0198011 -0.163372 0.000265782 0.0105452 0.0891135 -0.0485451 -0.141409 0.156742 6.61915e-006 0.292615 -0.349066 0.0141125 0.171223 -23.3249 265.473 -34.0707 -0.0135752 0.0702159 -0.035338 0.0783997 -98.162 -19.083 
-0.0738633 0.14878 0.119782 0.223899 -0.166511 0.34893 0.110467 0.0107051 -0.16894 0.00552081 0.00628539 0.0798396 -0.0435169 -0.143621 0.13949 0.00022315 0.287074 -0.349066 0.0132788 0.171808 -23.2548 265.454 -34.0369 -0.0135752 0.0702159 -0.035338 0.0783997 -98.162 -19.083 
-0.0853429 0.153349 0.113085 0.235464 -0.171492 0.34872 0.102632 0.00923004 -0.168524 0.00877212 0.0106046 0.23428 -0.0449202 -0.142638 0.150718 0.00544426 0.283894 -0.349066 0.00246209 0.143151 -23.2636 265.415 -33.5113 -0.0135752 0.0702159 -0.035338 0.0783997 -98.162 -19.083 
-0.0799913 0.154654 0.103961 0.233664 -0.174533 0.349066 0.132999 0.0595447 -0.172499 0.0258735 0.0126374 0.818562 -0.040068 -0.124361 0.206221 0.00313072 0.276801 -0.349051 0.00267793 0.132348 -23.2633 265.382 -33.3992 -0.0135752 0.0702159 -0.035338 0.0783997 -98.162 -19.083 
-0.00261989 0.11186 0.103597 0.184539 -0.171143 0.349066 0.186358 0.0383051 -0.123522 0.0581485 0.0425704 0.78269 -0.0085605 -0.0746505 0.170034 0.00558072 0.233141 -0.299622 0.118149 0.0850048 -23.1804 265.366 -33.1419 -0.0135752 0.0702159 -0.035338 0.0783997 -98.162 -19.083 
-0.0197389 0.182042 0.230966 0.420697 -0.0220141 0.309001 0.504388 0.285923 -0.0564895 0.0228356 0.106548 1.28887 -0.104365 -0.0690925 0.545978 0.479205 0.281423 -0.278773 0.293471 0.44792 -22.8981 265.373 -32.6687 -0.0135752 0.0702159 -0.035338 0.0783997 -98.162 -19.083 
0.07893 0.235345 0.160698 0.824797 -0.0659771 0.348715 0.770191 0.490065 -0.0660979 0.0938726 0.764423 1.41579 -0.135206 0.0340306 0.94327 0.770234 0.297393 -0.280553 0.476334 0.420949 -22.8315 265.386 -32.2067 -0.0135752 0.0702159 -0.035338 0.0783997 -98.162 -19.083 
-0.015161 0.29423 0.394368 0.771 -0.0907027 0.349052 0.942694 1.10457 -0.0542333 0.0865982 0.953644 1.53353 -0.073279 0.118057 0.90851 0.976704 0.343072 -0.203931 0.573218 0.473246 -22.5119 265.52 -31.6671 -0.0135752 0.0702159 -0.035338 0.0783997 -98.162 -19.083 
0.184533 0.140976 0.056045 0.923224 -0.0800354 0.349066 1.15397 1.51674 -0.161713 0.221143 1.35906 1.36672 -0.15482 0.321825 0.883729 1.41119 0.259547 -0.144064 0.941983 0.376933 -22.3 265.974 -31.1315 -0.0135752 0.0702159 -0.035338 0.0783997 -98.162 -19.083 
0.0269519 0.180449 0.281322 1.0546 -0.171094 0.348521 1.44276 1.57012 -0.100467 0.254387 1.56064 1.19021 -0.0989803 0.317508 1.19794 1.35219 0.300786 -0.00294285 1.07165 0.567988 -22.0122 266.402 -30.6062 -0.0135752 0.0702159 -0.035338 0.0783997 -98.162 -19.083 
0.0555471 0.132548 0.219121 1.25609 -0.163928 0.344154 1.55024 1.57006 0.0321011 0.282816 1.58501 1.15232 -0.151551 0.310557 1.52476 1.46648 0.356214 0.00375525 1.18878 1.02853 -21.9944 266.745 -27.3359 -0.0135752 0.0702159 -0.035338 0.0783997 -98.162 -19.083 
0.0718458 0.172897 0.285766 1.55352 -0.0674794 0.346241 1.72769 1.56864 0.142982 0.269502 1.74515 1.33995 -0.0913326 0.288382 1.71508 1.54395 0.322855 -0.0846126 1.51779 1.41262 -22.0778 267.032 -26.4407 -0.0135752 0.0702159 -0.035338 0.0783997 -98.162 -19.083 
-0.00074056 0.159686 0.373602 1.56969 0.136256 0.311365 1.74096 1.54902 0.314936 0.192526 1.74383 1.31475 0.21218 0.263271 1.7219 1.53789 0.434289 -0.0877778 1.60916 1.4957 -22.338 267.214 -26.4032 -0.0135752 0.0702159 -0.035338 0.0783997 -98.162 -19.083 
0.0881785 0.14351 0.401162 1.53057 0.27038 0.31395 1.73556 1.4057 0.382895 0.245452 1.73952 1.51768 0.309213 0.292405 1.73679 1.37313 0.496477 -0.0231881 1.69133 1.44268 -22.3781 267.283 -26.402 -0.0135752 0.0702159 -0.035338 0.0783997 -98.162 -19.083 
-0.0169911 0.219609 0.6462 1.54816 0.451813 0.338457 1.73229 1.55838 0.452854 0.300525 1.73636 1.55453 0.455788 0.332524 1.69333 1.48922 0.522765 0.039225 1.66886 1.46385 -22.6505 267.341 -26.4373 -0.0135752 0.0702159 -0.035338 0.0783997 -98.162 -19.083 
-0.067526 0.165659 0.660514 1.55737 0.5767 0.309823 1.70598 1.56154 0.660532 0.300153 1.73116 1.46996 0.484591 0.33939 1.60454 1.53448 0.76843 0.179423 1.70386 1.544 -22.907 267.371 -27.6591 -0.0135752 0.0702159 -0.035338 0.0783997 -98.162 -19.083 
-0.0967208 -0.0393482 0.731794 1.5708 0.695247 0.348319 1.74388 1.14066 0.803303 0.318023 1.69094 1.56697 0.803582 0.340732 1.37236 1.5708 0.888563 -0.146644 1.7349 1.53694 -22.8977 267.431 -29.2418 -0.0135752 0.0702159 -0.035338 0.0783997 -98.162 -19.083 
0.0389843 -0.0254017 0.716548 1.51092 0.867295 0.276531 1.71889 1.29215 0.903916 0.334613 1.6931 1.5705 0.981809 0.314104 1.37476 1.51393 0.905129 -0.265673 1.73754 1.47927 -25.4453 267.424 -29.3889 -0.0135752 0.0702159 -0.035338 0.0783997 -98.162 -19.083 
0.0232929 -0.0791131 0.815154 1.51576 1.11022 0.348874 1.64179 1.40164 0.986038 0.328646 1.62266 1.5708 1.27487 0.348022 1.67941 1.54967 1.02329 -0.348263 1.74338 1.50143 -27.1012 266.995 -28.9755 -0.0135752 0.0702159 -0.035338 0.0783997 -98.162 -19.083 
-0.144765 -0.0709079 0.926941 1.30294 1.20519 0.349066 1.74526 1.57079 1.12068 0.266442 1.74099 1.5708 1.42939 0.307971 1.68755 1.50232 1.30019 -0.184247 1.73916 1.55079 -27.6593 266.26 -28.5414 -0.0135752 0.0702159 -0.035338 0.0783997 -98.162 -19.083 
-0.0863336 -0.170895 0.827419 1.46768 1.34983 0.339828 1.74533 1.48043 1.22915 0.314963 1.70057 1.5708 1.57031 0.190327 1.74263 1.23536 1.53697 -0.325606 1.74533 1.51007 -27.6724 265.851 -28.4051 -0.0135752 0.0702159 -0.035338 0.0783997 -98.162 -19.083 
-0.00407343 -0.133787 0.70746 1.47316 1.49036 0.345365 1.74533 1.36756 1.41129 0.28819 1.74473 1.57067 1.52575 0.213092 1.74488 1.26664 1.50275 -0.276645 1.74533 1.45044 -27.576 264.996 -28.3289 -0.0135752 0.0702159 -0.035338 0.0783997 -98.162 -19.083 
0.04808 -0.119537 0.69297 1.5106 1.46162 0.349066 1.74533 1.26137 1.43621 0.297691 1.74531 1.29968 1.56927 0.215818 1.74533 1.18734 1.53824 -0.342385 1.74533 1.47643 -27.5313 264.294 -28.1524 -0.0135752 0.0702159 -0.035338 0.0783997 -98.162 -19.083 
0.0331094 -0.13923 0.773657 1.48953 1.49143 0.347803 1.74533 1.21304 1.45818 0.260325 1.74533 1.29941 1.57071 0.241028 1.74533 1.19061 1.54976 -0.332067 1.74533 1.50229 -27.3421 263.495 -27.9147 -0.0135752 0.0702159 -0.035338 0.0783997 -98.162 -19.083 
-0.00497083 -0.107506 0.788587 1.49138 1.51273 0.344946 1.74533 1.23225 1.47169 0.263707 1.74533 1.31177 1.5708 0.243603 1.74533 1.19758 1.56907 -0.331362 1.73639 1.51794 -27.342 263.003 -27.2908 -0.0135752 0.0702159 -0.035338 0.0783997 -98.162 -19.083 
0.0280755 -0.167749 0.598122 1.54419 1.5707 0.349045 1.74533 1.48032 1.45657 0.232952 1.74533 1.45916 1.5708 0.238312 1.74533 1.15906 1.53753 -0.348847 1.74533 1.33554 -27.4746 262.635 -26.7122 -0.0135752 0.0702159 -0.035338 0.0783997 -98.162 -19.083 
0.0114568 -0.131371 0.706999 1.55608 1.52426 0.332738 1.74488 1.15692 1.36726 0.272514 1.74533 1.47134 1.47037 0.220694 1.74431 1.36273 1.5708 -0.287409 1.74533 1.34627 -28.1635 262.233 -26.098 -0.0135752 0.0702159 -0.035338 0.0783997 -98.162 -19.083 
0.112254 -0.0907359 0.595676 1.505 1.55017 0.341141 1.74532 1.21844 1.27553 0.344931 1.74533 1.43704 1.43422 0.283381 1.74529 1.28615 1.56691 -0.226999 1.73593 1.50461 -26.6446 262.103 -26.7354 -0.0135752 0.0702159 -0.035338 0.0783997 -98.162 -19.083 
0.0540673 -0.0821148 0.578106 1.54453 0.984639 0.349066 1.63661 1.36686 1.00169 0.32776 1.74533 1.36092 1.4494 0.284322 1.74451 1.36861 1.55517 -0.297617 1.74288 1.55793 -25.4094 262.026 -26.8974 -0.0135752 0.0702159 -0.035338 0.0783997 -98.162 -19.083 
-0.0818158 -0.0745819 0.56646 1.5708 0.920373 0.348682 1.74533 1.376 0.877679 0.344622 1.74517 1.438 1.35061 0.291119 1.73302 1.40245 1.5698 -0.289715 1.73844 1.53854 -24.6774 262.166 -26.8084 -0.0135752 0.0702159 -0.035338 0.0783997 -98.162 -19.083 
0.0174067 -0.0393978 0.396321 1.5708 0.598985 0.268995 1.74533 1.55116 0.613696 0.338126 1.73972 1.53401 1.17148 0.248818 1.73646 1.53575 1.5708 -0.348973 1.74244 1.50508 -23.9111 263.031 -25.9663 -0.0135752 0.0702159 -0.035338 0.0783997 -98.162 -19.083 
-0.0204985 0.0532406 0.426959 1.5708 0.51296 0.337954 1.73828 1.53195 0.223551 0.333531 1.73543 1.56848 0.667091 0.340962 1.67233 1.56887 1.55446 -0.285892 1.74532 1.56494 -23.4498 263.989 -25.2689 -0.0135752 0.0702159 -0.035338 0.0783997 -98.162 -19.083 
-0.109463 0.0838965 0.45882 1.56369 0.504598 0.3148 1.74533 1.53787 0.225993 0.321613 1.74533 1.5701 0.558768 0.344716 1.74192 1.5708 1.5708 -0.313668 1.74533 1.46885 -23.298 264.731 -25.0287 -0.0135752 0.0702159 -0.035338 0.0783997 -98.162 -19.083 
-0.0682658 0.0428446 0.399571 1.24357 0.283976 0.265487 1.74533 1.45401 0.395502 0.349066 1.74533 1.5708 0.498348 0.349066 1.6856 1.5708 1.33421 -0.347731 1.74533 1.43181 -22.7179 265.842 -23.6148 -0.0135752 0.0702159 -0.035338 0.0783997 -98.162 -19.083 
-0.0863862 0.154854 0.431862 1.1452 0.215468 0.326475 1.73682 1.33316 0.161872 0.327526 1.73937 1.56667 0.310303 0.349066 1.73528 1.5708 1.00238 -0.349066 1.74533 1.40492 -22.433 266.861 -22.4361 -0.0135752 0.0702159 -0.035338 0.0783997 -98.162 -19.083 
-0.0599627 0.121077 0.510321 1.31299 0.188637 0.348585 1.72883 1.45216 0.0605047 0.311094 1.74494 1.56992 0.250605 0.322912 1.66175 1.5708 0.258081 -0.327014 1.74035 1.41228 -22.0944 267.812 -20.9195 -0.0135752 0.0702159 -0.035338 0.0783997 -98.162 -19.083 
-0.10269 0.143844 0.536949 0.969337 0.185813 0.349066 1.74533 1.5708 -0.0839386 0.297561 1.73048 1.39334 0.167956 0.309523 1.63068 1.56243 -0.0320171 -0.33866 1.74533 1.5708 -21.1857 269.579 -21.4711 -0.0135752 0.0702159 -0.035338 0.0783997 -98.162 -19.083 
-0.0122528 0.192146 0.395862 1.02851 0.0125019 0.332243 1.70244 1.57034 -0.046301 0.255967 1.72705 1.48784 0.0256728 0.243812 1.45126 1.45674 0.0205473 -0.256526 1.73638 1.5708 -20.3577 271.513 -21.4306 -0.0135752 0.0702159 -0.035338 0.0783997 -98.162 -19.083 
-0.139052 0.172881 0.502149 1.04798 -0.126047 0.174959 1.44924 1.52447 -0.164535 0.142448 1.65523 1.54626 -0.154986 0.200518 1.26242 1.38029 -0.17041 -0.253178 1.57722 1.55787 -20.1792 272.571 -22.1071 -0.0135752 0.0702159 -0.035338 0.0783997 -98.162 -19.083 
0.0714255 0.226589 0.430347 1.1615 -0.143983 0.307905 1.37687 1.5372 -0.166362 0.0277617 1.66221 1.56754 -0.174468 0.136563 1.31233 1.25711 -0.173019 -0.235997 1.40743 1.5708 -19.8987 273.123 -22.1112 -0.0135752 0.0702159 -0.035338 0.0783997 -98.162 -19.083 
-0.0546539 0.230094 0.372899 1.07525 -0.167077 0.338444 1.40689 1.55715 -0.174533 0.148508 1.42045 1.57075 -0.171117 0.199783 0.979232 1.39754 -0.0751704 -0.237028 1.22743 1.54326 -19.3101 273.983 -22.3303 -0.0135752 0.0702159 -0.035338 0.0783997 -98.162 -19.083 
-0.0604429 0.122966 0.274532 1.16529 -0.164591 0.34577 1.12114 1.51194 -0.167088 0.203222 0.913604 1.5708 -0.165424 0.217909 0.546676 1.5156 -0.104542 -0.174184 1.03502 1.5673 -18.9698 274.241 -22.4734 -0.0135752 0.0702159 -0.035338 0.0783997 -98.162 -19.083 
-0.0837551 0.146177 0.323443 0.991696 -0.160198 0.348923 0.871946 1.53368 -0.166177 0.21356 0.899473 1.57059 -0.162924 0.190073 0.47414 1.52311 -0.103973 -0.158111 0.714037 1.56399 -18.7071 274.439 -22.68 -0.0135752 0.0702159 -0.035338 0.0783997 -98.162 -19.083 
-0.0200353 0.151717 0.299408 0.839129 -0.173069 0.348991 0.668451 0.54353 -0.154412 0.189445 0.68498 0.5708 -0.172961 0.173469 0.467754 0.6156 -0.130086 -0.22069 0.779199 0.54039 -18.4231 274.598 -22.7974 -0.0135752 0.0702159 -0.035338 0.0783997 -98.162 -19.083 
-0.0535101 0.204999 0.298619 0.971727 -0.173809 0.348691 0.702589 0.536432 -0.170016 0.179762 0.653716 0.449916 -0.139577 0.119129 0.416666 0.740403 -0.141525 -0.227067 0.708133 0.655915 -18.1366 274.768 -22.8533 -0.0135752 0.0702159 -0.035338 0.0783997 -98.162 -19.083 
-0.0483107 0.186717 0.30023 0.953582 -0.174533 0.349063 0.658073 0.554138 -0.174508 0.181256 0.623486 0.423926 -0.14006 0.0896803 0.433986 0.699985 -0.140494 -0.230007 0.705195 0.409459 -18.0602 274.821 -22.8529 -0.0135752 0.0702159 -0.035338 0.0783997 -98.162 -19.083 
-0.0692618 0.214391 0.35328 0.744771 -0.171347 0.321135 0.710383 0.516792 -0.17348 0.173123 0.536093 0.41294 -0.120368 0.0393698 0.354272 0.580481 -0.0744033 -0.260763 0.721021 0.356022 -17.6654 274.897 -22.9844 -0.0135752 0.0702159 -0.035338 0.0783997 -98.162 -19.083 
-0.0901573 0.2116 0.345921 0.798959 -0.174533 0.335044 0.607142 0.272517 -0.174533 0.176488 0.517635 0.231477 -0.11218 0.0296024 0.323204 0.567666 -0.0540025 -0.321593 0.686661 0.3367 -16.964 274.93 -23.1363 -0.0135752 0.0702159 -0.035338 0.0783997 -98.162 -19.083 
-0.0706391 0.207423 0.325175 0.899533 -0.171466 0.339973 0.585777 0.265517 -0.174533 0.1887 0.41176 0.166553 -0.118942 0.0137603 0.30955 0.34402 -0.0491668 -0.340768 0.675778 0.187937 -16.4664 274.936 -23.5221 -0.0135752 0.0702159 -0.035338 0.0783997 -98.162 -19.083 
-0.041667 0.221644 0.332194 0.811831 -0.174533 0.349066 0.560018 0.0194123 -0.174533 0.153562 0.307867 0.228516 -0.119232 0.00514938 0.281276 0.398233 -0.0444836 -0.349066 0.600127 0.135312 -16.1736 274.884 -23.8352 -0.0135752 0.0702159 -0.035338 0.0783997 -98.162 -19.083 
-0.00908327 0.242677 0.345289 0.776754 -0.174533 0.34892 0.511466 0.00217389 -0.174524 0.136498 0.266462 0.153969 -0.132515 -0.00727886 0.296414 0.335358 -0.0258541 -0.349066 0.613821 0.152689 -16.0554 274.764 -23.9751 -0.0135752 0.0702159 -0.035338 0.0783997 -98.162 -19.083 
0.00615509 0.252639 0.341857 0.75376 -0.171203 0.348865 0.506353 0.000398196 -0.172867 0.138345 0.236586 0.076918 -0.129886 0.00506227 0.287022 0.334798 -0.00342955 -0.349066 0.585377 0.221034 -15.9626 274.617 -24.0026 -0.0135752 0.0702159 -0.035338 0.0783997 -98.162 -19.083 
0.00647625 0.258924 0.349566 0.753475 -0.165284 0.347192 0.454796 0.00679006 -0.171681 0.134381 0.206666 0.0609306 -0.12914 -0.00347245 0.29616 0.319093 0.00818409 -0.346494 0.553055 0.227114 -15.8484 274.05 -24.3345 -0.0135752 0.0702159 -0.035338 0.0783997 -98.162 -19.083 
0.0278451 0.268326 0.343446 0.650097 -0.17221 0.34783 0.442978 0.0326032 -0.173392 0.125867 0.192623 0.075002 -0.0779132 -0.0114886 0.214855 0.337037 0.0431966 -0.34858 0.539025 0.171672 -15.7773 273.719 -24.4498 -0.0135752 0.0702159 -0.035338 0.0783997 -98.162 -19.083 
