0.100582 0.1568 0.0284783 0.243699 -0.0502555 0.304075 0.0733674 0.0957218 -0.0860983 0.0417316 0 0.300532 0.0973818 -0.11666 0.0130533 0.047707 0.409872 -0.347163 0.0151045 0.209162 -24.2218 271.284 -37.1894 -0.014834 0.0546192 -0.0597514 0.0783997 -98.162 -19.083 
0.0782349 0.165475 0.0391956 0.307058 -0.0550668 0.34883 0.0149226 0.108479 -0.0832938 0.0519259 0.00103025 0.123982 0.0950586 -0.0710722 0.00168976 0.00301119 0.356568 -0.349066 0.00114249 0.0230628 -24.0096 271.202 -40.921 -0.00503227 0.0505177 -0.0742182 0.0783997 -98.162 -19.083 
0.0769152 0.147591 0.0411388 0.335193 -0.0854936 0.34883 0.015196 0.0682417 -0.0994849 0.0564889 0.00207141 0.120379 0.0818943 -0.0708451 0.00344665 0 0.32257 -0.349066 0.00353279 0 -23.8706 271.884 -40.9933 0.00953067 0.04507 -0.0738669 0.0783997 -98.162 -19.083 
0.0729551 0.135581 0.0436617 0.384132 -0.0831167 0.348825 0.0146237 0.061274 -0.102275 0.0640775 0.00384967 0.137882 0.0842107 -0.0661685 0.00188645 0 0.335911 -0.349066 0.00810247 0.00452563 -23.7553 271.91 -40.9979 0.0113639 0.0468904 -0.0750209 0.0783997 -98.162 -19.083 
0.0692857 0.128785 0.0473234 0.406249 -0.0827016 0.348973 0.0157086 0.052863 -0.102539 0.067029 0.0106146 0.139413 0.0809494 -0.0663036 0.0013137 0 0.351673 -0.348731 0.00728562 0.00228843 -23.7136 271.898 -41.0957 0.0133653 0.0501648 -0.0756087 0.0783997 -98.162 -19.083 
0.0511135 0.116221 0.0730028 0.364694 -0.0725199 0.348678 0.00324629 0.0346769 -0.102045 0.0710872 0.00976079 0.131639 0.0849373 -0.0602799 0 0.00514532 0.358088 -0.349066 0.0140714 5.69917e-005 -23.8519 272.025 -42.5351 0.0105607 0.0541231 -0.0747557 0.0783997 -98.162 -19.083 
0.0532589 0.10403 0.0772319 0.36369 -0.0723419 0.349025 0.0011632 0.034296 -0.106502 0.0746208 0.0154216 0.131432 0.0829128 -0.0538334 0 0.00187059 0.353079 -0.349066 0.00816525 0 -23.7845 272.187 -42.843 0.0121886 0.0498316 -0.076509 0.0783997 -98.162 -19.083 
0.0526714 0.0934876 0.0686906 0.357459 -0.0779827 0.349066 0.00106129 0 -0.11304 0.0749415 0.00901909 0.0996557 0.0722709 -0.0453519 0.00331059 0.000897393 0.354766 -0.349066 0.000416708 0.00144454 -23.7331 272.189 -43.2363 0.0190479 0.0507862 -0.0760822 0.0783997 -98.162 -19.083 
0.0538454 0.0908089 0.0702948 0.36004 -0.0813694 0.349066 0.0048889 0.00323987 -0.113942 0.0805987 0.0075393 0.109083 0.069065 -0.0388921 0.00156028 0.000468166 0.3555 -0.349066 0.000133088 0.000728759 -23.6499 272.211 -43.3378 0.0204213 0.0504494 -0.0773544 0.0783997 -98.162 -19.083 
0.0428519 0.0869815 0.0717561 0.367394 -0.0907479 0.34883 0.00696153 0.0677105 -0.119331 0.0829732 0.0117062 0.10923 0.0616568 -0.0375833 0.000158815 0.000209856 0.348698 -0.348138 0.00613608 0.000299723 -23.3603 273.187 -43.5115 0.0267159 0.0499329 -0.0719568 0.0783997 -98.162 -19.083 
0.0399898 0.0833347 0.0695678 0.359692 -0.0904626 0.348968 0.00440242 0.05171 -0.123764 0.084462 0.00974782 0.112334 0.0569145 -0.0355866 8.94097e-005 0.00016175 0.345628 -0.347628 0.00383487 0.000302192 -23.2778 273.176 -43.546 0.0290834 0.0482053 -0.0710158 0.0783997 -98.162 -19.083 
0.0443432 0.0778715 0.0831675 0.304469 -0.0916664 0.348986 0.00446679 0.0463875 -0.127809 0.0932761 0.00744746 0.104716 0.0473798 -0.036063 2.09841e-006 0.000129789 0.341616 -0.348805 0.0021737 9.30418e-007 -23.0633 273.341 -43.4847 0.0339171 0.0491102 -0.0691631 0.0783997 -98.162 -19.083 
0.0506835 0.072731 0.0880915 0.265821 -0.0984201 0.348525 0.0130547 0.043774 -0.128641 0.0912073 0.0094129 0.104254 0.037772 -0.0341523 0.000530331 0.00155355 0.335455 -0.349021 0.00102314 0.000390264 -22.9968 273.404 -43.4478 0.0355133 0.047435 -0.0686423 0.0783997 -98.162 -19.083 
0.0502748 0.0703449 0.0890216 0.261531 -0.09948 0.348789 0.00592834 0.0384327 -0.130603 0.0956666 0.0103264 0.0932527 0.0317133 -0.0277001 0.000225875 0 0.320283 -0.349066 0 0 -23.0013 273.486 -43.4493 0.0383118 0.0488085 -0.0689268 0.0783997 -98.162 -19.083 
0.0533746 0.0669778 0.0893406 0.258003 -0.103485 0.349066 0.00604751 0.0367565 -0.129332 0.100553 0.0235383 0.181443 0.0269074 -0.0220497 4.27564e-005 0 0.310758 -0.343154 0 0 -22.9476 273.462 -43.4412 0.0390376 0.0493371 -0.0679181 0.0783997 -98.162 -19.083 
0.0523036 0.0571362 0.0889462 0.251197 -0.102274 0.3483 0.0153391 0.0368515 -0.126694 0.100988 0.055085 0.340757 0.022083 -0.010105 0.00842618 0.12083 0.311356 -0.335831 0.000194736 0.00494321 -23.1468 273.365 -43.1417 0.0428962 0.0551533 -0.062953 0.0783997 -98.162 -19.083 
0.0521482 0.0545436 0.0999989 0.270158 -0.113064 0.345381 0.0393938 0.176829 -0.102792 0.105299 0.0484828 0.535137 0.0278204 -0.00578742 0.0340478 0.225991 0.289448 -0.331759 0.00320558 0.0610337 -23.1067 273.156 -42.5394 0.0465017 0.057902 -0.0570624 0.0783997 -98.162 -19.083 
0.0715002 0.0626625 0.117984 0.342102 -0.11623 0.345794 0.0460936 0.568325 -0.100635 0.116766 0.0653665 0.947722 0.0445236 0.00205001 0.0554076 0.904716 0.258938 -0.32136 0.014971 0.205501 -23.1324 273.717 -43.1215 0.0488372 0.0450684 -0.0535736 0.0783997 -98.162 -19.083 
0.13696 0.0486761 0.113194 0.355246 -0.0985954 0.34262 0.164454 1.09837 -0.0880607 0.113812 0.260869 1.2614 0.0683247 0.0347332 0.263069 1.05698 0.304117 -0.294342 0.0323408 0.20845 -23.1101 274.545 -43.4942 0.0209381 0.0373406 -0.0489977 0.0783997 -98.162 -19.083 
0.155234 0.0006722 0.118077 0.348972 -0.0736152 0.344006 0.198276 1.35525 -0.0686186 0.112369 0.268573 1.46987 0.0854779 0.0742881 0.382257 1.09388 0.280462 -0.274533 0.118232 0.285344 -22.5377 274.693 -44.5517 0.0214968 0.027915 -0.0380631 0.0783997 -98.162 -19.083 
0.140904 -0.0462077 0.103984 0.416371 -0.0727463 0.308374 0.165253 1.47035 -0.0665544 0.0797386 0.442736 1.53109 0.112459 0.0779853 0.521932 1.07346 0.331008 -0.235648 0.191098 0.427352 -22.3569 276.392 -46.1962 0.0287231 0.0687568 -0.013167 0.0783997 -98.162 -19.083 
0.124313 -0.0704344 0.131078 0.4373 -0.0682363 0.289913 0.254838 1.53216 -0.0643625 0.105276 0.631523 1.54887 0.119014 0.122988 0.605047 1.13444 0.311326 -0.132071 0.309332 0.412982 -22.3053 277.312 -50.3883 0.0403534 0.0901086 -0.0287925 0.0783997 -98.162 -19.083 
0.178082 -0.120946 0.10845 0.504011 -0.0534881 0.267174 0.395776 1.53559 -0.042263 0.101095 0.750999 1.56649 0.151721 0.161748 0.615526 1.15386 0.313993 -0.0886822 0.332373 0.452576 -21.8761 277.054 -50.4774 0.0384604 0.0761957 -0.0193653 0.0783997 -98.162 -19.083 
0.222514 -0.172047 0.118731 0.494145 -0.0659724 0.224947 0.545888 1.52433 -0.0499613 0.0853931 0.830817 1.55697 0.137807 0.122974 0.694989 1.14408 0.305546 -0.0716193 0.351312 0.52365 -21.3658 278.355 -50.3383 0.0675538 0.0532414 0.00927422 0.0783997 -98.162 -19.083 
0.261481 -0.205295 0.120674 0.514603 -0.0654636 0.217092 0.764869 1.53907 -0.0386088 0.120197 0.998367 1.5708 0.220768 0.135614 0.763049 0.874644 0.310428 -0.0150759 0.456251 0.402692 -20.9905 279.046 -50.7155 0.0714244 0.0549257 0.0108062 0.0783997 -98.162 -19.083 
0.264384 -0.20574 0.167601 0.505094 -0.0632701 0.216904 0.983911 1.55955 -0.0354361 0.111014 1.09238 1.5708 0.267895 0.13681 0.768224 0.840767 0.307228 0.0126679 0.473444 0.481997 -20.9145 279.183 -50.6286 0.0722555 0.060754 0.0172857 0.0783997 -98.162 -19.083 
0.234252 -0.204873 0.223227 0.586403 -0.0694847 0.178702 1.28704 1.52262 0.00242524 0.0914908 1.13504 1.53021 0.320973 0.128963 0.75212 0.817526 0.260052 0.00487465 0.591159 0.728395 -20.5563 279.789 -49.4516 0.0638568 0.0574668 0.0542477 0.0783997 -98.162 -19.083 
0.266208 -0.203339 0.2637 0.451376 -0.0733037 0.203636 1.54121 1.50848 -0.057399 0.125253 1.29406 1.56758 0.338365 0.114039 0.782518 0.60821 0.226431 0.0997116 0.68158 1.3974 -20.5663 280.653 -49.5622 0.0998904 0.0641151 0.0510195 0.0783997 -98.162 -19.083 
0.318292 -0.204144 0.292873 0.404122 -0.0594709 0.16572 1.67138 1.46373 -0.035242 0.129646 1.48224 1.5708 0.392008 0.084935 0.830551 0.41588 0.166736 0.128848 1.12825 1.47323 -20.0681 280.253 -49.8105 0.0962466 0.0700308 0.0800297 0.0783997 -98.162 -19.083 
0.279943 -0.200322 0.429208 0.345449 -0.0235407 0.129584 1.68035 1.43705 -0.0171892 0.160229 1.66691 1.5708 0.487096 0.0906327 0.917655 0.378389 0.123452 0.0988321 1.56133 1.54642 -19.6343 281.342 -49.3088 0.0795625 0.101314 0.129594 0.0783997 -98.162 -19.083 
0.33155 -0.201878 0.413404 0.35952 0.0420403 0.150843 1.70818 1.43763 -0.0189003 0.171757 1.72095 1.5333 0.460031 0.146822 1.31641 0.0275885 0.124644 0.133901 1.71861 1.54746 -19.5958 281.305 -49.5357 0.0765989 0.0987894 0.132479 0.0783997 -98.162 -19.083 
0.240573 -0.174383 0.485897 0.33836 0.186376 0.0686174 1.72589 1.4243 0.186969 0.148909 1.73257 1.48451 0.59916 0.242482 1.23918 0.0666953 0.337075 0.20684 1.604 1.52213 -18.2998 285.77 -50.5018 0.0597583 0.119418 0.15499 0.0783997 -98.162 -19.083 
0.239227 -0.165476 0.554645 0.266461 0.213301 0.136368 1.7276 1.44005 0.247568 0.229902 1.74273 1.50204 0.652786 0.291238 1.16432 0.0764062 0.308058 0.256598 1.65293 1.5124 -17.6192 286.299 -51.8184 0.0667726 0.115277 0.139335 0.0783997 -98.162 -19.083 
0.269393 -0.169867 0.580426 0.239179 0.259491 0.178104 1.7141 1.37734 0.315313 0.246213 1.74451 1.53454 0.636791 0.293049 1.17847 0.0299248 0.28407 0.305401 1.70221 1.42986 -17.7429 286.408 -52.3379 0.0655469 0.103176 0.139236 0.0783997 -98.162 -19.083 
0.286955 -0.185184 0.590827 0.18222 0.294024 0.227769 1.71396 1.36938 0.378921 0.292255 1.74507 1.53236 0.628499 0.293545 1.19588 0.00463326 0.277087 0.333588 1.71286 1.42086 -17.7016 286.481 -52.3165 0.0659362 0.102741 0.139923 0.0783997 -98.162 -19.083 
0.296536 -0.194155 0.576292 0.174314 0.313774 0.275631 1.71425 1.24228 0.352655 0.345256 1.74531 1.51748 0.629455 0.290561 1.24533 0.0147489 0.296429 0.336834 1.7126 1.41909 -17.7819 286.72 -52.2288 0.069904 0.108013 0.140611 0.0783997 -98.162 -19.083 
0.335698 -0.203985 0.565665 0.088772 0.320964 0.28103 1.7257 1.11095 0.330311 0.329875 1.74363 1.51023 0.635879 0.289952 1.24363 0.00578979 0.388206 0.334927 1.73602 1.36894 -17.8452 287.428 -52.034 0.0629245 0.115727 0.151223 0.0783997 -98.162 -19.083 
0.341811 -0.207894 0.582218 0.0424702 0.331455 0.291894 1.73018 1.4082 0.332633 0.332515 1.73891 1.52066 0.640748 0.316049 1.24289 0.00163641 0.41702 0.33201 1.7319 1.42945 -17.9566 287.504 -52.3706 0.054578 0.113927 0.158132 0.0783997 -98.162 -19.083 
0.334529 -0.20832 0.560568 0.0150471 0.236533 0.321589 1.72344 1.44124 0.282268 0.33455 1.7406 1.52973 0.632676 0.312733 1.21521 0.00413631 0.376499 0.34617 1.73355 1.44623 -17.603 287.386 -52.5516 0.0678017 0.115933 0.164621 0.0783997 -98.162 -19.083 
0.343931 -0.208509 0.534778 0.0115586 0.203612 0.320024 1.71021 1.43959 0.27869 0.308451 1.74421 1.51686 0.62246 0.260699 1.20886 0.014338 0.393734 0.336837 1.72352 1.46479 -16.703 287.531 -52.6136 0.0641967 0.101311 0.172446 0.0783997 -98.162 -19.083 
0.330941 -0.206972 0.450038 0.0112743 0.144057 0.335177 1.72398 1.5029 0.237651 0.313417 1.74424 1.51752 0.576759 0.265364 1.25448 0.0106594 0.427819 0.346289 1.72757 1.44613 -16.5335 287.49 -51.8247 0.0595483 0.129749 0.178044 0.0783997 -98.162 -19.083 
0.320507 -0.20944 0.382757 0.0126403 0.134092 0.327121 1.72377 1.513 0.169675 0.322266 1.74529 1.52858 0.481262 0.235541 1.26389 0 0.434007 0.346706 1.7413 1.48428 -16.5017 287.542 -49.6604 0.0639911 0.137781 0.177796 0.0783997 -98.162 -19.083 
0.288214 -0.209353 0.376019 0.00922789 0.0761788 0.279092 1.72455 1.52316 0.139349 0.257572 1.73947 1.44761 0.485544 0.23691 1.19404 0.0105392 0.43726 0.347382 1.74154 1.40397 -15.422 285.782 -46.6342 0.0427946 0.139208 0.203827 0.0783997 -98.162 -19.083 
0.291861 -0.205481 0.315571 0.00829855 -0.0810401 0.278534 1.73056 1.55375 0.114668 0.253336 1.73699 1.52344 0.436338 0.234289 1.25192 0.0122 0.395827 0.341427 1.74283 1.37395 -15.52 286.041 -45.7429 0.0415423 0.132691 0.204097 0.0783997 -98.162 -19.083 
0.272919 -0.20944 0.266004 0.0232627 -0.111343 0.27621 1.67714 1.55681 0.0671832 0.243576 1.71319 1.53571 0.411499 0.215665 1.27231 0.00177018 0.4012 0.341822 1.74346 1.34959 -15.6076 286.141 -42.7369 0.0274806 0.139288 0.203349 0.0783997 -98.162 -19.083 
0.250948 -0.202661 0.243683 0.0303353 -0.123761 0.250983 1.63406 1.54107 0.0457464 0.22449 1.67284 1.53146 0.408492 0.191082 1.26764 0.00972007 0.365078 0.329315 1.73913 1.51125 -15.2284 286.151 -42.6437 0.0122023 0.140806 0.199278 0.0783997 -98.162 -19.083 
0.238621 -0.205683 0.220648 0.0231786 -0.158252 0.251153 1.59202 1.54973 0.0216216 0.207295 1.69187 1.51276 0.37382 0.216805 1.32303 0.00747272 0.3441 0.282323 1.55189 1.51023 -15.2102 285.974 -40.3268 0.0114663 0.16693 0.198805 0.0783997 -98.162 -19.083 
0.274575 -0.191981 0.214602 0.10494 -0.112149 0.233804 1.57619 1.51359 -0.0220364 0.143625 1.67648 1.51041 0.308651 0.158262 1.31293 0.383895 0.285743 0.252507 1.56382 1.51443 -15.0755 287.197 -37.5591 -0.0128567 0.124425 0.197806 0.0783997 -98.162 -19.083 
0.413517 -0.0947434 0.221409 0.172835 0.0093275 0.186016 1.41015 1.50704 0.00233075 0.0806231 1.53529 1.55112 0.178794 0.112792 1.24208 0.776715 0.215161 0.196723 1.44099 1.52091 -14.4417 285.902 -34.6145 -0.063472 0.0660533 0.205613 0.0783997 -98.162 -19.083 
0.369314 -0.068784 0.234213 0.250629 -0.0716273 0.144872 1.41724 0.987934 -0.0989829 0.0557907 1.54056 1.55553 0.164223 0.0998885 1.15123 0.621922 0.069569 0.150755 1.47658 1.55704 -14.3089 285.767 -34.5829 -0.0669724 0.0656797 0.197274 0.0783997 -98.162 -19.083 
0.289662 -0.0870183 0.181418 0.219442 -0.094903 0.1031 1.32952 0.903611 -0.159435 0.026606 1.44513 1.57034 0.209339 0.0793527 1.08727 0.40097 0.0272589 0.0787125 1.54132 1.56957 -11.9316 286.163 -29.5365 -0.0798709 0.0878512 0.216281 0.0783997 -98.162 -19.083 
0.292763 -0.0713204 0.157704 0.192465 -0.0970946 0.107399 1.32017 0.783803 -0.172565 0.0307508 1.3389 1.56962 0.208097 0.0819513 1.04255 0.243534 0.0220441 0.0504797 1.56085 1.56883 -12.0881 285.769 -29.3708 -0.0863528 0.0926197 0.205741 0.0783997 -98.162 -19.083 
0.381476 -0.0316524 0.142356 0.157613 -0.0961863 0.141998 1.28125 0.703554 -0.173538 0.0663283 1.21347 1.56448 0.0678068 0.0815291 0.994647 0.190827 -0.00195797 -0.0631804 1.59922 1.53067 -12.4893 286.683 -28.0949 -0.0881763 0.0753343 0.190297 0.0783997 -98.162 -19.083 
0.400251 -0.012504 0.146768 0.118614 -0.109296 0.140572 1.19272 0.714981 -0.165218 0.063483 1.0967 1.56319 0.0422232 0.0491774 0.917929 0.0527935 0.0155801 -0.144202 1.52835 1.56317 -12.0795 286.53 -26.7913 -0.0891818 0.0774432 0.184344 0.0783997 -98.162 -19.083 
0.419499 0.00472507 0.113407 0.166501 -0.131139 0.149079 1.11287 0.594938 -0.163894 0.0618274 1.04575 1.49097 0.0786651 0.00636806 0.761363 0.0463365 0.00308313 -0.260047 1.42336 1.56245 -11.5704 286.294 -26.1347 -0.0850949 0.071547 0.177924 0.0783997 -98.162 -19.083 
0.407365 0.00846196 0.0669456 0.197833 -0.152631 0.165749 1.10442 0.112825 -0.170746 0.0665808 1.02247 1.51126 0.0972092 0.00641594 0.595766 0.0167931 0.0333893 -0.326307 1.30034 1.56781 -10.7178 285.747 -25.5822 -0.0766705 0.083625 0.1624 0.0783997 -98.162 -19.083 
0.365266 0.00787724 0.0323437 0.192462 -0.147479 0.178821 1.0088 0.00848307 -0.153243 0.061407 0.90723 1.5708 0.0943362 -0.0259179 0.52985 0.0831662 0.0441588 -0.322281 1.17468 1.5708 -9.62348 282.414 -23.8119 -0.0693069 0.082155 0.148446 0.0783997 -98.162 -19.083 
0.365682 0.0164282 0.00848376 0.170445 -0.147591 0.183082 0.952242 0.00741054 -0.154738 0.0456343 0.820549 1.57013 0.0866111 -0.0817374 0.520251 0.0354551 0.0471164 -0.341611 1.09302 1.5708 -9.57374 282.365 -23.7577 -0.0681278 0.0804658 0.147681 0.0783997 -98.162 -19.083 
0.363903 0.0331853 0.00140276 0.139085 -0.157413 0.202434 0.929118 0 -0.173004 0.0350907 0.762949 1.57053 0.050125 -0.104322 0.434422 0.041526 0.0316447 -0.349062 1.11311 1.5708 -9.49225 281.711 -23.7981 -0.0552412 0.0775474 0.136437 0.0783997 -98.162 -19.083 
0.348444 0.0523953 0.0035497 0.168692 -0.13991 0.228058 0.844269 0.00993658 -0.160677 0.0280986 0.60682 1.56464 0.0175682 -0.129801 0.4336 0.03785 0.0359744 -0.347007 1.15205 1.5708 -8.85268 281.102 -23.5804 -0.0547382 0.0697203 0.126997 0.0783997 -98.162 -19.083 
0.357096 0.0728777 0.00611662 0.111862 -0.15925 0.27536 0.768087 0.00584665 -0.158702 0.0202801 0.416026 1.5708 0.0372997 -0.131163 0.244194 0.100559 -0.0115417 -0.349029 1.16879 1.5708 -8.66874 280.555 -24.526 -0.0367998 0.0773596 0.109839 0.0783997 -98.162 -19.083 
0.372537 0.0772179 0.0172048 0.0754144 -0.170521 0.286534 0.723834 0 -0.165218 0.011583 0.287448 1.55854 0.0386422 -0.15581 0.170275 0.0598835 -0.0423683 -0.347642 1.19117 1.5708 -8.20538 280.459 -24.8232 -0.0224155 0.072205 0.111043 0.0783997 -98.162 -19.083 
0.385909 0.0818548 0.0215062 0.0847408 -0.157411 0.298188 0.646993 0.00683635 -0.166321 0.021832 0.252821 1.14801 0.0679256 -0.142453 0.119955 0.0762813 -0.0240453 -0.348396 1.17269 1.51533 -7.17342 280.586 -28.1585 -0.0266607 0.0729751 0.109954 0.0783997 -98.162 -19.083 
0.375873 0.0876604 0.0157077 0.0771077 -0.168756 0.325317 0.568462 0.000871138 -0.171884 0.0364368 0.198674 0.832828 0.0629042 -0.137412 0.111468 0.0428559 -0.039592 -0.348391 1.11919 1.56603 -6.87853 280.287 -27.9891 -0.01567 0.0860549 0.100446 0.0783997 -98.162 -19.083 
0.365586 0.0907159 0.0175322 0.0781856 -0.169105 0.334447 0.513805 0.00091018 -0.171094 0.0435796 0.178561 0.718491 0.0600424 -0.137914 0.116976 0.036415 -0.0492815 -0.349066 1.15065 1.56154 -7.13936 280.276 -28.4225 -0.00662654 0.0905837 0.0920197 0.0783997 -98.162 -19.083 
0.370968 0.0917817 0.00775287 0.109844 -0.174338 0.342053 0.492881 0.000119062 -0.174533 0.0528918 0.158042 0.680555 0.0657279 -0.135214 0.0592167 0.0327045 -0.0530202 -0.34866 1.13584 1.56926 -7.36173 279.996 -28.15 0.00658057 0.0923239 0.0866817 0.0783997 -98.162 -19.083 
