-0.0671041 0.172231 0.181258 0.0954102 -0.174533 0.348467 0.0162789 0.236324 -0.164525 0.0923744 0.0310375 0 -0.0358427 0.0184586 0.0481234 0.0393718 0.287172 -0.349066 0 0.0048899 -27.9329 264.707 -53.6679 0.0617251 0.0642891 -0.0342532 2.6251 -98.135 -19.0423 
-0.103919 0.136752 0.233905 0.10995 -0.174533 0.348974 0.0694174 0.0227057 -0.174533 0.103682 0.028846 0.123354 -0.046135 -0.0202177 0.013704 0.102625 0.28278 -0.349066 0 0.00444956 -27.0324 265.881 -54.3419 0.0538307 0.0441712 -0.0359014 2.6251 -98.135 -19.0423 
-0.104245 0.134931 0.260444 0.0699908 -0.174533 0.349066 0.115066 0 -0.174533 0.11146 0.0169481 0.179338 -0.0637721 -0.00605165 0.0610436 0 0.276256 -0.349066 0 0 -26.3125 266.674 -54.4469 0.0516102 0.0401686 -0.0344409 2.6251 -98.135 -19.0423 
-0.109618 0.140961 0.253878 0.0730277 -0.174533 0.349062 0.0144136 0.221138 -0.174533 0.106679 0.0163466 0.173192 -0.0480574 -0.00386907 0.0219567 0 0.254771 -0.349066 0 0 -26.4963 266.821 -54.3108 0.0525672 0.0462024 -0.0333301 2.6251 -98.135 -19.0423 
-0.0956933 0.144972 0.238219 0.025093 -0.174533 0.349062 0.00134511 0.0731787 -0.174533 0.118855 0.00264462 0.157922 -0.0543589 0.0121892 0.00533355 0 0.215133 -0.349066 0.0255535 0 -26.4336 266.781 -54.3389 0.0524282 0.0470368 -0.0324576 2.6251 -98.135 -19.0423 
-0.101949 0.137592 0.239131 0.00922429 -0.174533 0.349065 0.00136311 0.0728472 -0.174533 0.132299 0.00118687 0.150086 -0.0668876 0.00947777 0.000646988 0 0.215321 -0.349066 0.00363703 0 -26.3353 266.826 -54.3604 0.0531994 0.0462991 -0.0311841 2.6251 -98.135 -19.0423 
-0.174533 0.151563 0.335562 0 -0.174533 0.349066 0.00218685 0.0281873 -0.174533 0.12519 4.57407e-005 0 -0.0726513 0.0149216 0 0 0.187835 -0.349066 0 0.124178 -26.9409 267.257 -54.3304 0.0551926 0.0468327 -0.0323468 2.6251 -98.135 -19.0423 
-0.174533 0.118428 0.265529 0 -0.174533 0.349066 0 0.0232374 -0.174533 0.133878 0 0 -0.0770758 0.0301733 0 0 0.179126 -0.349066 0.0460346 0.134485 -26.8806 267.44 -54.3815 0.0526444 0.0480887 -0.0344836 2.6251 -98.135 -19.0423 
-0.174533 0.113542 0.252707 4.94339e-005 -0.174533 0.349066 0 0.0225409 -0.174533 0.132615 0 9.89106e-005 -0.0770479 0.0229976 0 0 0.135488 -0.347241 0.0929119 0 -26.8737 267.435 -54.3697 0.0524192 0.0476219 -0.0341473 2.6251 -98.135 -19.0423 
-0.167587 0.0954721 0.212612 0 -0.174533 0.349066 0.0249774 0.000385815 -0.174533 0.125035 0.00908138 8.97701e-005 -0.0533842 -0.000694557 0 0.00868767 0.166023 -0.347409 0.0602881 0 -27.3798 267.523 -54.5107 0.0427707 0.0568967 -0.0349325 2.6251 -98.135 -19.0423 
-0.165042 0.0830578 0.160394 0.10472 -0.174533 0.349066 0.0237217 0 -0.174533 0.118955 0.0122796 2.3181e-005 -0.0615985 -0.000366735 0.00950968 0.0464791 0.182283 -0.347953 0.0703854 0 -27.3759 267.657 -54.4073 0.0450174 0.0585453 -0.0324046 2.6251 -98.135 -19.0423 
-0.174533 0.0825603 0.197499 0.0564527 -0.174533 0.349066 0.00564057 0 -0.174533 0.103681 0.0118662 0.0046168 -0.0482574 -0.0160345 0.125006 0 0.250418 -0.348725 0 0 -27.3963 267.665 -54.0994 0.0454841 0.0657202 -0.0281861 2.6251 -98.135 -19.0423 
-0.13199 0.0996037 0.109181 0.282667 -0.17446 0.349066 0 0.0926036 -0.174533 0.0983162 0.0575048 0.0187793 -0.0446027 0.000410019 0.198208 0.293115 0.250384 -0.349066 0.192569 0 -27.4326 268.759 -53.5877 0.0585108 0.0667802 -0.0221633 2.6251 -98.135 -19.0423 
-0.115784 0.106553 0.107173 0.309918 -0.174533 0.349066 0 0.0317823 -0.174533 0.105559 0.0768215 0 -0.020801 0.0142771 0.368108 0.395747 0.266726 -0.316325 0.236919 0.0698592 -27.3858 268.806 -53.4711 0.0589981 0.0671691 -0.023868 2.6251 -98.135 -19.0423 
-0.0731613 0.152112 0.191316 0.332869 -0.174533 0.349066 0 0.0656093 -0.174533 0.105441 0.0713649 0.023735 0.0205886 0.0126967 0.411949 0.208131 0.294869 -0.311837 0.217378 0.0769962 -27.3732 269.032 -53.336 0.0617065 0.0640899 -0.0233281 2.6251 -98.135 -19.0423 
-0.0281194 0.138725 0.173471 0.338935 -0.174533 0.349066 0 0.101098 -0.159724 0.0664637 0.0619963 0.0231492 0.0508408 0.0340544 0.458841 0.0659696 0.344064 -0.279215 0.218582 0.0561996 -27.7531 269.278 -53.7115 0.0661135 0.0648478 -0.0288809 2.6251 -98.135 -19.0423 
-0.0936186 0.131648 0.382217 0.0871514 -0.1594 0.347986 0.0203201 0.154296 -0.161584 0.05948 0.111364 0.00377027 0.156729 0.0786563 0.746344 0.235757 0.236924 -0.343481 0.335806 1.3476 -27.1177 268.844 -54.8676 0.0721877 0.0355737 -0.0272087 2.6251 -98.135 -19.0423 
-0.174533 0.208956 0.679644 0 -0.130982 0.345583 0 0.250484 -0.1744 0.0762378 0.077923 0.456278 0.362219 0.0913326 0.684829 0.563058 0.236219 -0.272535 0.610898 0.405951 -27.2186 268.472 -55.3796 0.0442596 0.000459629 -0.0153061 2.6251 -98.135 -19.0423 
-0.11128 0.216808 0.670447 0.0368024 -0.165212 0.349066 0.077164 0.242507 -0.119673 0.0953307 0.0517322 0.0637971 0.513434 0.133006 0.391265 0.624036 0.368682 -0.0916782 0.601419 0 -27.0205 268.381 -55.0495 0.0674163 -0.00256448 -0.00968875 2.6251 -98.135 -19.0423 
-0.0886888 0.233071 0.684528 0.0324045 -0.166142 0.349066 0.0979383 0.0217677 -0.0929496 0.0965607 0.0280588 0 0.625475 0.170795 0.347232 0.0610521 0.379431 -0.0143652 0.691535 0.235978 -26.9392 268.35 -54.9411 0.0673794 -0.000416985 -0.00981447 2.6251 -98.135 -19.0423 
-0.0695423 0.249543 0.653735 0.0438751 -0.143959 0.349066 0.0262674 0.0117026 -0.156955 0.0790333 0.0134588 0.356763 0.681119 0.1283 0.37044 0.0248249 0.431045 0.0160757 0.775644 0.84577 -26.6489 268.442 -54.2255 0.0893747 0.00480603 -0.000285664 2.6251 -98.135 -19.0423 
-0.16537 0.253406 0.695541 0.215932 -0.142534 0.349066 0.0415494 0.00243046 -0.161073 0.0702017 0.0424262 0.360247 0.695233 0.100199 0.673273 0 0.309222 0.128269 1.19877 0.507482 -26.8794 268.435 -54.3186 0.0849552 0.00844566 -0.00214376 2.6251 -98.135 -19.0423 
-0.11887 0.258479 0.675972 0.289859 -0.171102 0.349066 0.110849 0 -0.139394 0.115078 0.0333725 0.36322 0.708732 0.0785228 0.680788 0 0.348127 0.19123 1.29569 0.43804 -26.6098 268.598 -54.6211 0.0844152 0.00493328 -0.00211217 2.6251 -98.135 -19.0423 
0.0029595 0.26175 0.621657 0.233105 -0.170469 0.347229 0.100479 0.00144406 -0.13643 0.0954623 0 0.357024 0.675282 0.0720372 0.736693 0 0.249041 0.264002 1.74396 0 -26.4554 268.828 -54.4522 0.0828557 0.00591771 -0.00861714 2.6251 -98.135 -19.0423 
0.0525191 0.228287 0.610505 0.361428 -0.162112 0.348611 0.095091 0.0372622 -0.136546 0.050575 0 0.186287 0.688105 0.00912839 0.712432 0.0551112 0.245733 0.291038 1.74533 0.482269 -26.7851 268.965 -54.7525 0.0828847 0.025314 0.00790691 2.6251 -98.135 -19.0423 
0.121708 0.24301 0.707436 0.487782 -0.174533 0.349066 0.128634 0 -0.152643 0.0306041 0.185931 0 0.690328 0.0621271 0.343491 0 0.351099 0.33246 1.74533 0.602212 -27.3761 268.449 -53.5749 0.111863 0.00048925 0.0178683 2.6251 -98.135 -19.0423 
-0.0186743 0.336465 1.18769 0 -0.174533 0.349066 0.0310297 0 -0.127049 0.0460634 0.113369 0.149196 0.699813 0.159609 0.154476 0.00206311 0.558395 0.327755 1.72968 0.8645 -27.6442 268.402 -52.631 0.143799 0.0915551 0.0262706 2.6251 -98.135 -19.0423 
0.308387 0.301374 1.07058 0.364239 -0.174533 0.349066 0.00265436 0 -0.0355447 0.0377787 0 0 0.855512 0.211126 0 0.441289 0.507459 0.320859 1.74365 0.841093 -26.9505 267.797 -53.6832 0.115171 0.097012 0.0346785 2.6251 -98.135 -19.0423 
0.246015 0.120857 1.16863 0.336654 -0.174533 0.346519 0.00663017 0.0270357 -0.0792582 -0.00123773 0.0536807 0.380117 0.958669 0.239258 0 0.560076 0.553738 0.346204 1.61426 1.01372 -28.0461 267.748 -54.2953 0.101507 0.0856226 0.0395083 2.6251 -98.135 -19.0423 
0.178303 -0.014878 1.16618 0.0698445 -0.170434 0.331864 0.0118919 0 -0.0780328 -0.00929892 0.0662571 0.404726 1.04194 0.144451 0.158296 0 0.572718 0.349066 1.7239 0.791474 -27.7028 267.599 -53.9888 0.0937348 0.0789593 0.0416894 2.6251 -98.135 -19.0423 
0.381142 0.0617444 1.11593 0.163948 -0.166363 0.328047 0.0660756 0.00337437 -0.0806295 -0.0483542 0.039265 0.623934 1.13772 0.120938 0.192326 0 0.620476 0.349066 1.74533 0.957106 -27.6399 267.893 -53.6711 0.0960358 0.0837152 0.0416832 2.6251 -98.135 -19.0423 
0.433853 -0.00416935 1.1933 0.144049 -0.171045 0.298075 0.0375775 0.00230317 -0.0853552 -0.0454936 0.0692938 0.261776 1.17836 0.0983769 0.0860595 0 0.627528 0.348879 1.74513 0.879287 -27.7034 268.05 -53.5963 0.102039 0.0882247 0.0462456 2.6251 -98.135 -19.0423 
0.604573 -0.00568213 1.15076 0.0447161 -0.170589 0.280557 0.0352648 0.00237871 -0.0774786 -0.0576453 0.0688776 0.172244 1.17189 0.0996011 0.102792 0 0.678985 0.349002 1.74512 0.884226 -27.6686 267.989 -53.6188 0.10694 0.0898579 0.0457816 2.6251 -98.135 -19.0423 
0.667029 -0.0892917 1.00936 0.239151 -0.174105 0.277929 0.0017172 0 -0.0743855 -0.0660696 0.0956273 0.181951 1.18486 0.0882395 0.0557571 0 0.712781 0.349066 1.74419 0.691364 -27.695 267.866 -53.624 0.103918 0.092378 0.0473108 2.6251 -98.135 -19.0423 
0.709093 -0.107892 0.845166 0.717814 -0.174106 0.283949 0.00129845 0 -0.0779304 -0.0761815 0.103748 0.176876 1.20588 0.0867442 0.0169533 0 0.652414 0.349066 1.74442 0.684633 -27.736 267.624 -53.2178 0.104697 0.0926753 0.0449472 2.6251 -98.135 -19.0423 
0.852368 -0.0918741 0.757252 0.759559 -0.174399 0.259433 0 0 -0.0968472 -0.0976231 0.112912 0.00770221 1.21589 0.0884099 0.00604823 0 0.680096 0.349066 1.74505 0.705841 -26.7569 267.768 -52.5318 0.105637 0.085217 0.0569478 2.6251 -98.135 -19.0423 
0.76341 -0.0968643 0.776725 0.80014 -0.174388 0.231942 0 0 -0.120562 -0.103135 0.116753 0 1.20589 0.0824205 0.00699257 0 0.692052 0.349066 1.74533 0.727807 -26.7114 267.948 -52.5801 0.107237 0.0820384 0.055008 2.6251 -98.135 -19.0423 
0.726182 -0.112052 0.883697 0.697997 -0.174358 0.263331 0 0.0514784 -0.161571 -0.11679 0.152863 0 1.19355 0.0412242 0 0 0.612081 0.349066 1.73883 0.419985 -26.2796 267.844 -52.7427 0.104406 0.0629899 0.0503003 2.6251 -98.135 -19.0423 
0.812386 -0.0729235 0.856446 0.760874 -0.174352 0.264152 0 0.138934 -0.160886 -0.156003 0.151492 0 1.19325 0.0405843 0 0 0.604701 0.349066 1.73852 0.418884 -26.2816 267.87 -52.7186 0.104551 0.062657 0.0497468 2.6251 -98.135 -19.0423 
0.900081 -0.0365527 0.948213 0.725388 -0.174521 0.319183 0 0.0579794 -0.173159 -0.142877 0.0577106 0.118758 1.21064 0.0602861 0 0.00356723 0.738301 0.342149 1.71391 0.428493 -25.986 267.823 -52.6078 0.104228 0.0258257 0.044591 2.6251 -98.135 -19.0423 
0.832713 -0.0962266 0.946405 0.861378 -0.17453 0.311319 0 0.0200845 -0.162112 -0.143704 0.0935855 0 1.19647 0.038685 0 0.00195454 0.863506 0.346329 1.71405 0.375403 -26.0453 267.413 -52.5382 0.107197 0.0150919 0.0514437 2.6251 -98.135 -19.0423 
0.821738 -0.163223 0.872317 0.945108 -0.174532 0.285331 0.000617157 0.00397784 -0.142395 -0.136724 0.0789693 0.00596322 1.15517 -0.000647775 0.0485295 0 0.898408 0.345557 1.74533 0.0818747 -25.8977 267.18 -52.2907 0.11318 0.00855896 0.0491509 2.6251 -98.135 -19.0423 
0.909834 -0.20944 0.699354 0.854987 -0.174533 0.271988 0 0.00579017 -0.134999 -0.114578 0.147788 0.00461479 1.11731 0.0174325 0.00334804 0.145785 0.840915 0.346804 1.74533 0 -26.2409 267.195 -52.6201 0.108505 0.00177347 0.0471897 2.6251 -98.135 -19.0423 
0.905595 -0.20944 0.725362 0.667588 -0.1377 0.349066 0.00010794 0 -0.12801 -0.032197 0.188672 0.268158 1.17045 0.0478833 0 0.0805568 0.834967 0.326727 1.74533 0.286735 -26.0489 267.669 -52.4392 0.101803 -0.00294561 0.0477816 2.6251 -98.135 -19.0423 
1.0481 -0.0873349 0.72284 1.47426 -0.0528661 0.349066 0 0.160586 -0.156131 -0.0506956 0.280203 0.453543 1.08723 0.0453593 0.0027226 0.0592756 1.11264 0.349066 1.74533 0.0761384 -25.903 267.571 -51.7898 0.102592 -0.0289261 0.0419025 2.6251 -98.135 -19.0423 
0.956369 0.0910471 1.01593 0.899369 -0.144219 0.349066 0.15054 0.0721976 -0.13613 0.0353358 0.347069 0.0276656 0.990068 -0.0742718 0.152551 0.0498169 1.12458 -0.0154889 1.74533 0.148669 -26.3682 264.174 -51.8314 0.0903331 -0.0589674 0.0335872 2.6251 -98.135 -19.0423 
1.08542 0.268102 1.15107 0.319253 -0.174533 0.349066 0.158365 0 -0.100919 0.0872116 0.213705 0.0407907 0.863768 -0.0551043 0.0443586 0.0457931 1.33752 -0.0443466 1.74533 0.344398 -26.2458 265.006 -51.118 0.0919719 -0.0549742 0.023858 2.6251 -98.135 -19.0423 
0.994355 0.135709 0.406792 0.734219 -0.039195 0.340037 0.0861173 0.705257 -0.125054 0.108798 0.202728 0.164956 0.45388 -0.140798 0.52682 0 1.51626 -0.141552 1.59397 0.236252 -25.9842 266.336 -51.8649 0.10542 -0.0620966 0.0387788 2.6251 -98.135 -19.0423 
0.908463 0.0937196 0.0989113 0 -0.0361605 0.342451 0 0.0824938 -0.174533 -0.0219058 0.113708 0 0.453167 -0.113487 0.208459 0 1.5708 -0.0867306 1.59211 0.659489 -27.106 266.441 -51.576 0.0940903 -0.0254159 0.0390935 2.6251 -98.135 -19.0423 
0.698147 0.149542 0.292566 0.0710658 -0.127784 0.349066 0.0247921 0.0390513 -0.165769 -0.0085315 0.093996 0.490387 0.498502 -0.187673 0.174115 0 1.5708 -0.18 1.66033 0.574319 -28.3756 265.7 -51.7242 0.103419 -0.0239999 0.0201919 2.6251 -98.135 -19.0423 
0.553182 0.0270804 0.119722 0.25308 -0.113428 0.328041 0 0.321826 -0.174533 0.00261794 0.229196 0.166292 0.407138 -0.298677 0.237381 0.140597 1.5708 -0.077479 1.5842 0.548922 -28.5243 265.869 -51.6584 0.109865 -0.0295054 0.0311732 2.6251 -98.135 -19.0423 
0.586945 0.0578671 0 0.429597 -0.131414 0.348691 0.0511847 0.331383 -0.144632 -0.0137574 0.177111 0 0.28988 -0.250159 0.148593 0 1.56795 0.00128668 1.56231 0.507335 -26.9745 264.86 -51.6566 0.107969 -0.0364938 0.00978539 2.6251 -98.135 -19.0423 
0.666761 0.0777483 0.0486883 0.0259424 -0.146036 0.349066 0.299545 0.132806 -0.174533 0.0378338 0.202308 0 0.257746 -0.302151 0.00218915 0 1.5708 -0.0953446 1.5684 0.430524 -28.0313 264.882 -50.7733 0.108251 -0.0385098 -0.00708795 2.6251 -98.135 -19.0423 
0.653029 0.0492832 0 0.0620675 -0.104465 0.348561 0.215997 0.442951 -0.174533 0.0405306 0.20265 0.00508149 0.22761 -0.3169 0 0.105374 1.5708 -0.101216 1.57115 0.42171 -27.7299 264.871 -51.0258 0.0920196 -0.0413879 -0.000544683 2.6251 -98.135 -19.0423 
0.618851 0.0513791 0.00067758 0.0734755 -0.139817 0.343996 0.270888 0.0711525 -0.132576 0.0965853 0.222745 0.00215661 0.193379 -0.293105 0 0 1.5708 -0.0831088 1.63535 0.445847 -27.2878 264.714 -51.0437 0.0900216 -0.0451079 -0.00182713 2.6251 -98.135 -19.0423 
0.587243 0.0368764 0.0070746 0.0756796 -0.172578 0.34299 0.237853 0.0371901 -0.0858476 0.0728996 0.133315 0.0176421 0.137844 -0.265981 0.000993879 0 1.5708 -0.0879507 1.67159 0.456481 -27.4931 264.648 -51.116 0.0952188 -0.0438595 -0.00174411 2.6251 -98.135 -19.0423 
0.483543 0.0540873 0.132679 0.0168727 -0.174374 0.347848 0.345405 0.00927123 -0.0773527 0.0789411 0.000636639 0.0440921 0.100386 -0.285793 0.022473 0 1.5708 -0.0750661 1.6805 0.422355 -27.5658 264.463 -50.8628 0.100777 -0.0238566 0.00205598 2.6251 -98.135 -19.0423 
0.506238 0.0092761 0.0192498 0.0777773 -0.174348 0.342275 0.182412 0 -0.141531 0.0462918 0.00067352 0.240256 0.0854198 -0.275632 0 0 1.5708 -0.0746199 1.67659 0.42155 -27.5465 264.488 -50.9064 0.101002 -0.023343 0.00206453 2.6251 -98.135 -19.0423 
0.488247 0.0133583 0.0188408 0.0885473 -0.172318 0.34295 0.219058 0.052982 -0.171392 -0.0412053 0.000833334 0.0584726 -0.0351592 -0.263763 0.0395233 0.16534 1.5708 -0.0943909 1.68206 0.415596 -27.6049 264.533 -50.6208 0.103212 -0.0174521 0.00841831 2.6251 -98.135 -19.0423 
0.411112 0.0199175 0 0.24375 -0.145108 0.349066 0 0 -0.174533 -0.0504891 0.000106269 0 -0.1148 -0.262868 0 0.138408 1.5708 -0.067309 1.69505 0.419176 -27.731 264.377 -50.3643 0.093937 -0.0161761 0.00676285 2.6251 -98.135 -19.0423 
0.312691 0.0522075 0.0245748 0.183111 -0.174533 0.349066 0 0.0513507 -0.174533 0.0301724 7.8615e-005 0 -0.113427 -0.275319 0 0.0351859 1.5708 -0.0746967 1.70644 0.395895 -27.3978 266.438 -49.7933 0.0970732 -0.0189377 0.0142724 2.6251 -98.135 -19.0423 
0.261384 0.00841608 0 0.0426928 -0.174533 0.340368 0.00199038 0.0657685 -0.174533 0.059655 3.46198e-005 0 -0.174533 -0.28914 0 0.0071745 1.5708 0.0662798 1.74533 0.328723 -27.338 267.067 -50.1368 0.098843 -0.0102092 0.0162281 2.6251 -98.135 -19.0423 
0.244685 -0.00448789 0.00797694 0 -0.174533 0.349066 0.00435649 0.108754 -0.174533 0.0349952 0 0.0446098 -0.166554 -0.283129 0 0 1.5708 0.20389 1.74533 0.358876 -26.9688 266.909 -49.8923 0.0981413 -0.00105042 0.0237346 2.6251 -98.135 -19.0423 
0.214857 -0.0250251 0.013168 0 -0.170648 0.342071 0.00362494 0.122082 -0.174533 -0.0266526 0 0.0187431 -0.110379 -0.259727 0.082465 0 1.5708 0.257046 1.74533 0.354287 -26.2984 266.945 -49.4757 0.0977602 0.00327681 0.0377029 2.6251 -98.135 -19.0423 
