0.073348 0.291262 0.369735 0.0539113 0.026631 0.349066 0 0.124273 -0.0845011 0.159076 0.0713461 0.12998 0.135283 0.0237893 0 0 0.346791 -0.349066 0 0.0158958 -26.5931 272.151 -39.6536 0.000605687 -0.0137112 -0.139426 0.0783997 -98.162 -19.083 
0.0933241 0.240644 0.211343 0.0551277 -0.122485 0.349066 0.0261043 0 -0.16393 0.172431 0 0.0682978 -0.0160446 -0.0123925 0 0 0.204615 -0.349066 0 0 -26.5276 272.128 -39.6774 0.0782674 -0.0139219 -0.139396 0.0783997 -98.162 -19.083 
0.109172 0.226639 0.153603 0.0551277 -0.122485 0.349066 0 0 -0.16393 0.172431 0 0.0682978 -0.0338809 -0.0208817 0 0 0.204615 -0.349066 0 0 -26.5276 272.128 -39.6774 0.0782674 -0.0139219 -0.139396 0.0783997 -98.162 -19.083 
0.0994341 0.218355 0.159931 0.0179573 -0.123895 0.349059 0 0 -0.171248 0.162558 0.0454378 0.0949502 -0.0352717 -0.0212289 0 0 0.226227 -0.349066 0 0 -26.732 272.129 -39.9614 0.0717002 -0.00238672 -0.136182 0.0783997 -98.162 -19.083 
0.118703 0.218405 0.163253 0 -0.117046 0.349066 0.0108961 0.040439 -0.161773 0.162223 0.0131506 0.305983 -0.0306518 -0.0114942 0 0 0.227389 -0.349066 0 0 -26.2506 272.029 -40.4241 0.0640982 -0.00605833 -0.135272 0.0783997 -98.162 -19.083 
0.127831 0.209749 0.163253 0 -0.117046 0.349066 0.0108961 0.040439 -0.161773 0.15774 0.0131506 0.305983 -0.0306518 -0.0114942 0 0 0.227389 -0.349066 0 0 -26.2506 272.029 -40.4241 0.0640982 -0.00605833 -0.135272 0.0783997 -98.162 -19.083 
0.127831 0.205282 0.172335 0 -0.117046 0.349066 0.0108961 0.040439 -0.161773 0.15774 0.0131506 0.305983 -0.0306518 -0.0114942 0 0 0.227389 -0.349066 0 0 -26.2506 272.029 -40.4241 0.0640982 -0.00605833 -0.135272 0.0783997 -98.162 -19.083 
0.127831 0.198077 0.172335 0 -0.117046 0.349066 0.0108961 0.040439 -0.161773 0.15774 0.0131506 0.305983 -0.0306518 -0.0114942 0 0 0.227389 -0.349066 0 0 -26.2506 272.029 -40.4241 0.0640982 -0.00605833 -0.135272 0.0783997 -98.162 -19.083 
0.121318 0.175064 0.15044 0 -0.130258 0.349066 0.0290096 0.0341456 -0.153536 0.144953 0.00314248 0.281982 -0.0351627 -0.0177099 0 0.000132163 0.24366 -0.349032 0 0 -26.0806 272.203 -40.8781 0.0665722 0.0038398 -0.129771 0.0783997 -98.162 -19.083 
0.130095 0.166793 0.137468 0 -0.130258 0.349066 0.0290096 0.0341456 -0.153536 0.144953 0.00314248 0.281982 -0.0351627 -0.0177099 0 0.000132163 0.24366 -0.349032 0 0 -26.0806 272.203 -40.8781 0.0665722 0.0038398 -0.129771 0.0783997 -98.162 -19.083 
0.159782 0.14721 0.0825336 0 -0.131466 0.349066 0.0402843 0.0333527 -0.163931 0.142367 0.041921 0.212123 -0.0349734 -0.0173995 0 0 0.242971 -0.349066 0 0 -25.8681 272.235 -40.8584 0.0639725 0.00275186 -0.124969 0.0783997 -98.162 -19.083 
0.155239 0.142191 0.085404 0 -0.1146 0.349066 0.0209764 0.0798464 -0.174533 0.130087 0.0889876 0.15803 -0.0388718 -0.0170256 0 0.00209438 0.246105 -0.349066 0 0 -25.6562 272.298 -41.0235 0.0587273 0.00250916 -0.117264 0.0783997 -98.162 -19.083 
0.155239 0.142191 0.085404 0 -0.1146 0.349066 0.0209764 0.0798464 -0.174533 0.130087 0.0889876 0.15803 -0.0425372 -0.00427663 0 0.00209438 0.233307 -0.349066 0 0 -25.6562 272.298 -41.0235 0.0587273 0.00250916 -0.117264 0.0783997 -98.162 -19.083 
0.155281 0.142182 0.0855843 0 -0.113871 0.349066 0.0216776 0.0813288 -0.174533 0.137535 0.0748978 0.160305 -0.0424478 0.00291074 0 0 0.21864 -0.349066 0 0 -25.6545 272.299 -41.0223 0.0586982 0.00249951 -0.117269 0.0783997 -98.162 -19.083 
0.171736 0.120883 0.0442785 0.0582428 -0.108594 0.349066 0.0195197 0.0420248 -0.174533 0.11635 0.100689 0.208155 -0.0215507 -0.0158096 0 0 0.226348 -0.337782 0 0 -25.4668 272.643 -41.1185 0.0554167 0.000597129 -0.104143 0.0783997 -98.162 -19.083 
0.183413 0.114667 0.0442785 0.0582428 -0.118326 0.349066 0.0195197 0.246953 -0.172169 0.126009 0.134335 0.330198 -0.00909722 0.000723965 0.00807304 0.0606609 0.226348 -0.316447 0 0 -25.4668 272.643 -41.1185 0.0554167 0.000597129 -0.104143 0.0783997 -98.162 -19.083 
0.191034 0.111227 0.0442607 0.110942 -0.117685 0.349032 0.0195119 0.566503 -0.17243 0.133251 0.181768 0.578102 -0.018025 0.0278961 0.0724401 0.283646 0.226187 -0.300305 9.73769e-005 0.110362 -25.4633 272.645 -41.1205 0.0554277 0.000518984 -0.104065 0.0783997 -98.162 -19.083 
0.222059 0.101244 0.0346498 0.123399 -0.112447 0.34905 0 1.19908 -0.161957 0.129674 0.111689 0.856245 0.000440442 0.0606543 0.19353 0.704521 0.239608 -0.257726 7.11053e-005 0.339553 -25.4505 272.724 -41.1229 0.0567096 0.000287363 -0.103876 0.0783997 -98.162 -19.083 
0.229419 0.0534885 0.0224311 0.100046 -0.153313 0.349066 0.146008 1.48522 -0.145068 0.117884 0.252799 1.5708 -0.110372 0.0935269 0.798656 0.275515 0.218532 -0.28387 0 1.20357 -25.8432 271.849 -41.3697 0.0501374 -0.00479227 -0.0798378 0.0783997 -98.162 -19.083 
0.204913 0.0633981 0.0813285 0.111781 -0.164625 0.349066 0.295578 1.5708 -0.174533 0.143539 0.528759 1.5708 -0.0755566 0.113944 1.06803 0.363028 0.201192 -0.248747 0.025624 1.34918 -25.924 272.196 -41.1331 0.0526512 -0.00125212 -0.084391 0.0783997 -98.162 -19.083 
0.187673 0.038138 0.141072 0.111179 -0.174533 0.349066 0.657293 1.46226 -0.174533 0.148467 0.765595 1.5708 -0.0398621 0.112155 1.2597 0.154123 0.155104 -0.168431 0.0872931 1.5708 -25.9558 272.791 -42.1378 0.0641052 0.00388261 -0.0836275 0.0783997 -98.162 -19.083 
0.237216 0.00918064 0.137085 0.271877 -0.173043 0.349066 0.928071 1.52678 -0.171197 0.158191 1.08038 1.5708 0.0755166 0.135254 1.14542 0 0.177191 -0.0835586 0.079651 1.5708 -25.9069 273.534 -42.4716 0.06525 -0.00267769 -0.087139 0.0783997 -98.162 -19.083 
0.362336 -0.0677309 0.0370796 0.350496 -0.174027 0.34393 1.18252 1.56446 -0.174525 0.168183 1.41352 1.56936 0.239395 0.136028 1.06008 0.000444077 0.14169 -0.0387585 0.332067 1.5708 -25.7119 273.731 -42.1762 0.0707604 -0.0221196 -0.0814971 0.0783997 -98.162 -19.083 
0.358869 -0.0632171 0.181969 0.37024 -0.174533 0.343614 1.4978 1.55665 -0.174533 0.191467 1.72757 1.57006 0.440779 0.126671 0.889346 0.00720152 0.192757 -0.0397484 0.392609 1.5708 -25.706 273.465 -41.7313 0.0711849 -0.0208021 -0.077907 0.0783997 -98.162 -19.083 
0.357038 -0.11256 0.187405 0.299825 -0.170914 0.349066 1.72791 1.49906 -0.173263 0.199309 1.74533 1.54465 0.580852 0.151276 0.734412 0.0559081 0.219552 0.115908 0.283085 1.5708 -26.3695 273.381 -42.7537 0.0795071 -0.0101932 -0.116588 0.0783997 -98.162 -19.083 
0.405199 -0.138487 0.186514 0.190398 -0.14582 0.348829 1.74533 1.49574 -0.172991 0.199588 1.74533 1.54459 0.586861 0.133154 0.733751 0.0542495 0.243247 0.166057 0.282555 1.5708 -26.3481 273.375 -42.7762 0.0796735 -0.00977665 -0.116049 0.0783997 -98.162 -19.083 
0.440634 -0.0896119 0.322447 0.138446 -0.174533 0.347799 1.74533 1.56502 -0.174533 0.263174 1.74533 1.4271 0.452218 -0.0162977 1.12206 0 0.0567329 0.201499 0.830978 1.5708 -27.5145 272.953 -43.6336 0.104953 -0.0105372 -0.102275 0.0783997 -98.162 -19.083 
0.251538 -0.0140615 0.576186 0.0216247 -0.174533 0.347963 1.74533 1.55857 -0.174533 0.349066 1.74533 1.5708 0.488133 -0.120662 1.02248 0.114699 -0.056507 0.248252 1.00301 1.5708 -26.6941 272.451 -43.6436 0.117876 -0.00604391 -0.114051 0.0783997 -98.162 -19.083 
0.202074 -0.0410835 0.581294 0.118934 -0.123485 0.349066 1.74533 1.56647 -0.14957 0.349066 1.74533 1.5708 0.557463 -0.089082 0.830131 0 -0.174533 0.263787 1.74533 0 -25.9171 272.499 -45.7745 0.117106 -0.00316614 -0.115599 0.0783997 -98.162 -19.083 
0.3131 -0.145964 0.366811 0.177039 -0.109307 0.252337 1.71813 1.5708 -0.0599975 0.349066 1.74533 1.57014 0.630181 0.00335971 0.526391 0.0727349 -0.173366 0.343429 1.71209 0.909482 -25.4045 272.231 -48.3789 0.0910168 -0.00879806 -0.114946 0.0783997 -98.162 -19.083 
0.328358 -0.124528 0.334713 0.143878 0.0687773 0.103612 1.66827 1.5708 0.0978775 0.349066 1.74533 1.57005 0.630274 0.106648 0.717753 0.146483 -0.172646 0.341773 1.71135 1.37405 -25.4231 272.314 -48.3827 0.0931878 -0.0090142 -0.116058 0.0783997 -98.162 -19.083 
-0.174533 -0.058966 0.781925 0 0.227029 0.142212 1.74396 1.36038 0.111427 0.318326 1.74533 1.41164 0.92376 0.349066 0 0.213685 -0.117475 0.330332 1.69883 1.33867 -26.2882 274.063 -49.4647 0.185628 0.130841 -0.0915339 0.0783997 -98.162 -19.083 
-0.174533 -0.0672697 0.884232 0.0639523 0.351414 0.0143059 1.71695 1.50883 0.147802 0.227264 1.74533 1.51073 0.956101 0.342237 0 0 -0.111455 0.349066 1.74533 1.5708 -27.4926 276.037 -49.4472 0.216931 0.13681 -0.0628946 0.0783997 -98.162 -19.083 
-0.174533 -0.109621 0.927742 0.00310813 0.373917 -0.106046 1.73962 1.48599 0.145337 0.219934 1.74533 1.5066 0.958035 0.349066 0.10219 0 -0.174533 0.349066 1.74533 1.5708 -27.3722 276.12 -49.4632 0.222798 0.120552 -0.0446561 0.0783997 -98.162 -19.083 
-0.152781 -0.184926 0.812753 0.0102317 0.300917 -0.317409 1.74533 1.50449 0.00612349 0.266226 1.74533 1.5708 0.878288 0.297856 0.203333 1.13711 -0.168085 0.349066 1.47852 1.5708 -28.3583 275.731 -53.7112 0.221795 0.117674 -0.0726229 0.0783997 -98.162 -19.083 
-0.0959278 -0.20944 0.681537 0 0.279121 -0.349066 1.74533 1.5708 -0.130117 0.349066 1.74533 0.592556 0.868178 0.21238 0.216949 0 -0.161437 0.344221 1.52099 1.4442 -26.9707 276.138 -52.5752 0.247638 0.115964 -0.074606 0.0783997 -98.162 -19.083 
-0.16789 -0.20944 0.687167 0 0.39567 -0.349066 1.7441 1.56371 -0.146966 0.349066 1.7238 0.901898 0.923381 0.144299 0.141172 0 -0.150101 0.278897 1.74533 1.5708 -29.0142 278.381 -49.5429 0.28745 0.109676 -0.133764 0.0783997 -98.162 -19.083 
-0.174533 -0.20944 0.620372 0 0.383247 -0.349066 1.74412 1.5707 -0.141463 0.339429 1.74533 1.3789 0.898147 0.0841121 0.166404 0 -0.172936 0.275762 1.74488 1.5708 -28.9965 278.244 -50.4805 0.283946 0.107475 -0.137154 0.0783997 -98.162 -19.083 
-0.0857732 -0.20944 0.526587 0 0.39441 -0.349066 1.71719 1.56865 -0.174533 0.349066 1.70304 0.564252 1.02947 -0.314819 0.0206628 0 -0.174533 0.349066 1.73253 1.55022 -27.3998 279.069 -51.5577 0.273758 0.0364069 -0.1496 0.0783997 -98.162 -19.083 
-0.113539 -0.174156 0.570721 0 0.372216 -0.349066 1.74459 1.5708 -0.174533 0.347799 1.49406 1.23699 0.920134 -0.349066 0.0654282 0.332327 -0.174533 0.329981 1.74533 1.5708 -24.9132 279.942 -52.0379 0.277496 0.0353753 -0.150537 0.0783997 -98.162 -19.083 
-0.116044 -0.170981 0.6988 0.00682329 0.339766 -0.349066 1.74522 1.56418 -0.147433 0.349066 1.74533 0.48469 0.849765 -0.334417 0.149967 0.379387 -0.174533 0.340327 1.74533 1.5708 -25.6319 279.768 -49.7266 0.276057 0.0254194 -0.140065 0.0783997 -98.162 -19.083 
0.0544122 -0.189856 0.55343 0 0.208867 -0.349066 1.74477 1.56593 -0.171367 0.349066 1.74363 0.610166 0.872837 -0.329503 0.224424 0.0357201 -0.173886 0.344162 1.73806 1.44599 -25.8311 279.542 -49.3828 0.258889 0.0180964 -0.1378 0.0783997 -98.162 -19.083 
0.051497 -0.20944 0.385692 0 -0.174533 -0.349066 1.74477 1.5708 -0.174533 0.349066 1.59998 1.09253 0.872402 -0.331168 0.227176 0.0381313 -0.173885 0.344173 1.73804 1.44636 -25.8131 279.529 -49.3854 0.25869 0.018219 -0.13758 0.0783997 -98.162 -19.083 
-0.173051 -0.20944 0.396805 0.206216 -0.174533 -0.349066 1.74533 1.5708 -0.174533 0.349066 1.46437 1.22069 0.89776 -0.311785 0.137431 0.0422391 -0.174533 0.348342 1.72043 1.52007 -26.8399 279.089 -44.948 0.244283 0.0390633 -0.147248 0.0783997 -98.162 -19.083 
-0.13585 -0.132243 0.471685 0.138461 0.0446283 -0.349066 1.74118 1.56063 -0.174533 0.349066 1.67053 0.582349 1.06335 -0.349066 0 0.707781 -0.174533 0.0616846 1.74317 1.55684 -27.5052 279.262 -39.2601 0.23784 0.0537471 -0.116316 0.0783997 -98.162 -19.083 
0.110271 -0.117491 0.420019 0 0.267982 0.10269 1.74533 1.55006 -0.174533 0.349066 1.73605 0.406036 1.10083 -0.077347 0.694469 0.0324687 -0.145594 0.349066 1.29029 1.1288 -26.2252 279.19 -40.1892 0.135982 0.00463961 -0.20933 0.0783997 -98.162 -19.083 
0.0086146 -0.112384 0.548726 0.33926 0.106081 0.321844 1.68399 1.5708 -0.170214 0.349066 1.60164 1.06342 0.868791 0.166111 0.413594 1.5708 -0.107892 0.349066 0.459113 0.486639 -25.1517 282.485 -39.5424 0.111861 0.054088 -0.162087 0.0783997 -98.162 -19.083 
-0.174533 -0.132817 0.917622 0.198009 -0.174533 0.339762 1.74533 1.5708 -0.168981 0.349066 1.73798 1.46686 0.814361 -0.0670563 0.122306 0.513454 -0.174533 0.349066 0.582076 0 -25.9843 285.374 -38.553 0.150939 0.0852076 -0.128346 0.0783997 -98.162 -19.083 
-0.0794404 -0.0360819 0.74938 0.452469 -0.172493 0.347527 1.68501 1.5708 -0.16258 0.349066 1.74533 1.56785 0.57699 -0.218348 0.0227879 0.883073 -0.0309386 0.347006 0.103787 0.977269 -26.5877 285.389 -39.3358 0.126389 0.10351 -0.133072 0.0783997 -98.162 -19.083 
-0.0835153 0.0274518 0.553928 0.013907 -0.173151 0.348611 1.70159 1.5708 -0.174533 0.307818 1.38191 1.5692 0.559054 -0.257818 0.0623104 0.813575 -0.0360001 0.347763 0.0310604 1.1222 -26.4558 285.185 -39.8264 0.121016 0.102801 -0.140103 0.0783997 -98.162 -19.083 
0.00613302 0.0744145 0.265593 0.161713 -0.165733 0.349066 1.7233 1.5708 -0.108601 0.349066 0.89374 1.5708 0.355421 -0.262854 0.335976 1.12565 -0.100676 0.349066 0.0449646 0 -26.1638 283.879 -40.0896 0.0966747 0.11158 -0.136336 0.0783997 -98.162 -19.083 
0.0512669 0.050256 0.212942 0.00183772 -0.174533 0.349066 1.53811 1.56953 -0.0709232 0.348363 0.614726 1.5708 0.399495 -0.349066 0.270451 0.895679 -0.174533 0.349009 0 0.00059972 -24.9814 284.012 -39.6715 0.0908846 0.118624 -0.133791 0.0783997 -98.162 -19.083 
0.122135 0.0411293 0.206945 0.15915 -0.174533 0.349066 1.15517 1.55703 -0.0204524 0.295053 0.258978 1.55581 0.197846 -0.348664 0.319864 0.723675 -0.174533 0.349066 0.0120934 0.00569223 -25.0506 284.396 -39.4001 0.103083 0.10223 -0.134302 0.0783997 -98.162 -19.083 
0.211068 -0.0554355 0.0799805 0.101501 -0.174533 0.347155 0.819697 1.56489 -0.16467 0.17766 0.459059 1.41641 0.299522 -0.349066 0 1.14925 -0.174533 0.335666 0 0.0652754 -25.0363 284.246 -40.7362 0.0972552 0.175039 -0.128106 0.0783997 -98.162 -19.083 
0.290122 -0.0469639 0.0759254 0 -0.165316 0.344025 0.327763 1.56973 -0.174533 0.105876 0.417166 0.35051 0.232811 -0.348927 0 1.5708 -0.174533 0.334384 0.00055489 0.16887 -25.0573 284.214 -40.6902 0.0952324 0.176667 -0.126365 0.0783997 -98.162 -19.083 
0.276609 -0.0331665 0.0506629 0 -0.171363 0.342212 0 1.05388 -0.171404 0.0494355 0.403173 0.261718 0.243978 -0.348917 0 1.5708 -0.174533 0.345192 0.000260329 0.352537 -24.3477 284.364 -40.5151 0.0990551 0.185944 -0.122805 0.0783997 -98.162 -19.083 
0.279222 -0.0356922 0 0.0202975 -0.174533 0.336378 0 0.486423 -0.156882 0.0292275 0.279395 0.314236 0.236147 -0.349054 0 1.5708 -0.174533 0.340525 0.000187873 0.482537 -23.9707 284.402 -40.5007 0.0960063 0.189829 -0.122191 0.0783997 -98.162 -19.083 
