0.158056 0.169982 0.0569315 0.126202 0.0155349 0.291175 0 0.119495 -0.105596 0.0744337 0 0.000131171 0.0662306 -0.178503 0.00344692 0 0.451954 -0.334912 0 9.02956e-005 -23.7099 272.576 -39.3594 -0.00413917 0.0334011 -0.0568155 0.0783997 -98.162 -19.083 
-0.0285307 0.0862373 0.129048 0.0627972 -0.0483694 0.30594 0 0.00649804 -0.0625692 0.0505796 0 0 0.0462627 -0.0934367 0.00687175 0.00161191 0.439428 -0.33561 0.00758915 0 -22.8397 272.318 -45.2174 0.0168194 0.108956 -0.041506 0.0783997 -98.162 -19.083 
-0.055776 0.0579677 0.159787 0.118073 -0.040382 0.316013 0 0 -0.0577448 0.0387149 0 0.000139785 0.0516866 -0.0667696 0.00223406 0.000440226 0.459356 -0.348336 0.00148594 0 -23.8214 273.499 -44.578 0.0182861 0.123494 -0.0312739 0.0783997 -98.162 -19.083 
-0.0582476 0.0456687 0.17683 0.112978 -0.0507701 0.312433 0 0 -0.0531067 0.0362321 0 0 0.0414935 -0.0504107 0.000551201 0.000451032 0.458954 -0.348426 0.00152525 0 -22.7082 273.629 -45.1532 0.0252629 0.129411 -0.0255629 0.0783997 -98.162 -19.083 
-0.0540913 0.0390977 0.190835 0.115705 -0.058531 0.312111 0 0 -0.0583993 0.0417945 0.000453979 0 0.0378355 -0.0402617 2.90758e-005 0.00141921 0.463883 -0.347837 0.00148871 0 -22.6693 273.668 -45.3438 0.0301565 0.126331 -0.0261908 0.0783997 -98.162 -19.083 
-0.0449321 0.0365728 0.19741 0.119899 -0.0643753 0.310724 0 0 -0.0551138 0.0406589 0 0 0.0469182 -0.0347701 0 0.000652677 0.470715 -0.347913 0.00154457 0 -22.3877 274.05 -45.6399 0.0324663 0.123391 -0.0273724 0.0783997 -98.162 -19.083 
-0.048848 0.0373611 0.210026 0.119832 -0.0675108 0.303648 0 0 -0.0502455 0.040521 0 0 0.0550592 -0.0468064 0.000157764 5.34912e-005 0.463784 -0.348991 0.001016 0 -22.043 274.12 -45.9739 0.0301073 0.11687 -0.0270074 0.0783997 -98.162 -19.083 
-0.046579 0.0431179 0.199964 0.114679 -0.0632693 0.303162 0 2.17979e-005 -0.052706 0.0451127 0.000226035 0 0.0649744 -0.0483896 0.00985946 0.000444144 0.44767 -0.348992 0.00399426 0.0034299 -21.903 273.978 -45.9984 0.0295637 0.108664 -0.0308695 0.0783997 -98.162 -19.083 
-0.0546799 0.040935 0.189808 0.127828 -0.0639697 0.301453 0 0 -0.0565105 0.0502316 1.54021e-005 0 0.07501 -0.0526328 0.0108817 7.40518e-007 0.436785 -0.349066 0.000302422 0.000702745 -21.8881 274.182 -45.8783 0.0282164 0.102528 -0.0314617 0.0783997 -98.162 -19.083 
-0.0698923 0.0411476 0.182708 0.130141 -0.0631059 0.301647 0 0 -0.0586869 0.0510405 0 0 0.0743593 -0.0515609 0.00853524 0 0.43653 -0.349066 0.000105722 0 -21.6589 274.201 -45.9146 0.0273813 0.100307 -0.0314544 0.0783997 -98.162 -19.083 
-0.0702779 0.0387761 0.183618 0.128859 -0.0628784 0.307685 0 0 -0.0603797 0.0532426 0 0 0.0730767 -0.049536 0.008807 0 0.430085 -0.349066 2.22004e-005 0 -21.6992 274.185 -45.9014 0.0253455 0.0934895 -0.0314951 0.0783997 -98.162 -19.083 
-0.0705544 0.0369135 0.176193 0.0876887 -0.0619222 0.31455 5.72095e-005 5.51555e-005 -0.0620043 0.0551142 0.000518527 0.000125796 0.072613 -0.0545546 0.000693962 0 0.427445 -0.348974 1.34222e-005 0 -21.6662 274.054 -45.8367 0.0221155 0.0933898 -0.0302576 0.0783997 -98.162 -19.083 
-0.0660347 0.0375074 0.177033 0.0921468 -0.0622366 0.310431 5.70001e-005 0.00129718 -0.0693732 0.0577239 0.00300151 0.000125335 0.0701596 -0.0525524 0.000561881 0 0.42237 -0.349023 0 0 -21.6018 273.941 -45.7894 0.0199547 0.0926321 -0.0306234 0.0783997 -98.162 -19.083 
-0.0525855 0.0357506 0.169615 0.0901479 -0.0697467 0.312712 0 0 -0.0686806 0.0555509 0 1.08238e-005 0.0692714 -0.0512619 0 0 0.420037 -0.349027 0 0 -21.528 273.801 -45.5554 0.0176526 0.0918113 -0.0308826 0.0783997 -98.162 -19.083 
-0.0474843 0.0353564 0.163972 0.0867361 -0.0758653 0.317829 0 9.88549e-006 -0.0724496 0.0592788 2.70014e-006 9.36778e-006 0.0726378 -0.0436688 0 1.70288e-005 0.407312 -0.349061 0 2.90722e-006 -21.6335 273.616 -45.2716 0.0172347 0.0932962 -0.0293074 0.0783997 -98.162 -19.083 
-0.0495004 0.0468586 0.174079 0.103487 -0.0885148 0.322023 0.00323597 0 -0.0671056 0.0619498 0 0 0.0872345 -0.0383214 0.00223149 0 0.401994 -0.342704 0 0.000255163 -21.5251 273.326 -45.1734 0.0206164 0.100799 -0.0255257 0.0783997 -98.162 -19.083 
-0.0332161 0.0357463 0.174193 0.101492 -0.0924254 0.318956 0.00324858 0.0134233 -0.0621399 0.0546158 0.0289586 0.00998994 0.0994646 -0.0294477 0.0164796 0.00648242 0.386378 -0.343686 0.011946 0.000221778 -21.3907 273.556 -44.447 0.0215531 0.100985 -0.0144879 0.0783997 -98.162 -19.083 
-0.0367239 0.0273343 0.1912 0.0954468 -0.0973557 0.331489 0.00604403 0.018401 -0.0689276 0.0534388 0.0224097 0.00652813 0.113904 -0.0326223 0.0204938 0.0178679 0.428689 -0.344764 0.0289998 0.00418172 -21.6625 273.24 -45.2245 0.0261897 0.096447 -0.00205311 0.0783997 -98.162 -19.083 
-0.0602927 -0.0264522 0.283172 0.0623644 -0.099353 0.343428 0.0208807 0.0134448 -0.0847718 0.0634587 0.000405229 0.00238975 0.129914 -0.0236678 1.35406e-005 0.017396 0.414133 -0.348736 0.0148683 0.00048122 -23.4589 277.947 -48.8188 0.0464758 0.0732127 0.0116607 0.0783997 -98.162 -19.083 
-0.0858067 -0.0415001 0.258984 0.0727147 -0.165022 0.34304 0.0593325 0.00568705 -0.0808201 0.06064 0.000207279 3.81794e-005 0.184551 0.0211606 0.0428837 0.0622349 0.461664 -0.349063 0.046031 0.0187771 -21.3672 278.198 -50.5448 0.0513693 0.142299 0.0214479 0.0783997 -98.162 -19.083 
-0.0357793 -0.0443798 0.277024 0.12926 -0.129302 0.332745 0.0473065 0.0036375 -0.0734938 0.0730843 0.047986 0 0.221861 0.0931491 0.0880189 0.134987 0.3654 -0.349066 0.0166517 0.00405353 -23.2027 281.354 -53.0913 0.0769685 0.131595 -0.0163961 0.0783997 -98.162 -19.083 
-0.0918424 -0.0344486 0.334213 0.113863 -0.163294 0.29201 0.175142 0.086211 -0.0459717 0.00318841 0.333533 0.171631 0.112915 0.040027 0.263894 0.168465 0.324636 -0.318683 0.00155094 0.0901978 -25.3613 283.465 -54.5873 0.134775 0.15711 -0.0367511 0.0783997 -98.162 -19.083 
-0.13078 -0.0610509 0.435903 0 -0.174533 0.294743 0.324069 0.449054 -0.0626385 0.0390246 0.462261 0.148885 0.114329 0.00828684 0.280748 0.22428 0.324043 -0.226945 0 0 -25.502 287.122 -53.4263 0.195435 0.1763 -0.0336053 0.0783997 -98.162 -19.083 
-0.0531594 -0.0649282 0.444801 0 -0.113453 0.282525 0.30796 0.441284 0.0191413 0.0578951 0.554756 0.145789 0.0651155 0.00685315 0.309616 0.280816 0.338455 -0.25122 0 0.00564461 -26.1716 286.441 -53.2788 0.212587 0.182488 -0.0207537 0.0783997 -98.162 -19.083 
-0.0416446 -0.117863 0.614073 0 -0.0124622 0.275743 0.314149 0.387052 -0.0354649 0.053322 0.646015 0.0987124 0.080897 0.0564119 0.323406 0.146462 0.337479 -0.161795 0.00672098 0 -27.482 289.137 -52.8083 0.243518 0.168886 -0.0251089 0.0783997 -98.162 -19.083 
-0.0481659 -0.112873 0.645133 0 -0.018236 0.277599 0.250389 0.353944 -0.0134513 0.0440217 0.594538 0.0888212 0.0874716 0.0864062 0.317008 0.125366 0.335043 -0.173812 0.00566314 0 -28.2897 288.245 -53.4014 0.273877 0.163278 -0.0325009 0.0783997 -98.162 -19.083 
-0.0527568 -0.112825 0.65044 0.0110578 -0.0194864 0.272511 0.240029 0.3613 -0.0163059 0.0441197 0.604318 0.0945226 0.0801157 0.0991136 0.319904 0.126472 0.346842 -0.179777 0.00553986 1.49508e-006 -28.5554 290.096 -54.0705 0.275579 0.169556 -0.0346943 0.0783997 -98.162 -19.083 
0.0270695 -0.133977 0.74572 0.0923962 -0.0336716 0.326407 0.157644 0.305375 0.139634 0.00329513 0.433513 0.153972 0.11277 0.0652271 0.20655 0.104067 0.413529 -0.119702 0.00975626 0.0792311 -27.4291 295.903 -57.4512 0.336483 0.15175 -0.0887889 0.0783997 -98.162 -19.083 
0.0131968 -0.162938 1.00677 0.124858 -0.0503321 0.330227 0.181789 0.249894 0.174899 -0.0196045 0.605922 0.17523 0.383936 0.0756979 0.18089 0.123431 0.530613 -0.149631 0 0.0926698 -27.8273 305.745 -60.1776 0.35097 0.172994 -0.0921044 0.0783997 -98.162 -19.083 
0.0600546 -0.187469 0.914555 0.195333 0.0543169 0.349066 0.274792 0.138357 0.095968 -0.140232 0.765862 0.244182 0.47272 0.0414451 0.234974 0.056966 0.384308 -0.138188 0.000617054 0.122243 -29.6188 304.962 -56.9299 0.448976 0.177989 -0.104618 0.0783997 -98.162 -19.083 
0.109385 -0.20944 0.909796 0.237463 0.0966586 0.349066 0.283946 0.12991 0.00324151 -0.210094 0.772735 0.273941 0.507758 0.0693796 0.294619 0.000330274 0.287294 -0.230677 0 0 -32.6948 314.209 -59.1601 0.516102 0.141737 -0.12228 0.0783997 -98.162 -19.083 
0.233673 -0.20944 0.900146 0.19705 0.0597578 0.323899 0.502147 0.238298 0.0480254 -0.18217 0.756641 0.316055 0.403757 0.0450571 0.322283 0.13851 0.148828 -0.189548 0 0 -32.4742 315.45 -58.7325 0.579886 0.108113 -0.143172 0.0783997 -98.162 -19.083 
0.21374 -0.20944 0.899931 0.2115 0.214313 0.318012 0.491899 0.257597 0.0494805 -0.171955 0.734512 0.332265 0.415826 0.0373906 0.342085 0.210895 0.183228 -0.0581938 0 0 -31.7909 315.171 -58.5313 0.580034 0.0979567 -0.139879 0.0783997 -98.162 -19.083 
0.331669 -0.20944 1.02652 0.304151 0.273868 0.295132 0.545422 0.201738 0.0409551 -0.184992 0.806962 0.238328 0.369592 -0.0111359 0.265614 0.115516 0.0790058 -0.0957028 0.00371472 0 -30.8622 320.666 -59.1745 0.607774 0.00427656 -0.121628 0.0783997 -98.162 -19.083 
0.437123 -0.20944 1.05404 0.155668 0.40481 0.305795 0.807424 0.162357 0.202231 -0.115788 0.630349 0.351483 0.44178 -0.026255 0.12719 0.281598 0.0468939 -0.0943255 0.0208858 0.00119984 -28.6895 316.291 -60.4308 0.581255 -0.0857723 -0.176275 0.0783997 -98.162 -19.083 
0.451107 -0.20944 1.05959 0.156667 0.404711 0.304921 0.831997 0.165341 0.209512 -0.110334 0.654291 0.33914 0.434785 -0.024255 0.124098 0.280714 0.0628651 -0.0945413 0.0129793 0.000795595 -28.8817 316.294 -60.3708 0.583277 -0.0882572 -0.180348 0.0783997 -98.162 -19.083 
0.453995 -0.20944 1.06496 0.165211 0.390966 0.302224 0.846826 0 0.213877 -0.114365 0.637811 0.200793 0.420776 -0.031377 0 0.265423 0.0787284 -0.0929098 0.00258217 0 -29.231 316.91 -60.0957 0.585098 -0.0982247 -0.18038 0.0783997 -98.162 -19.083 
0.537234 -0.20944 0.986069 0.179637 0.375252 0.318373 0.764156 0 0.181413 -0.0738889 0.644333 0.225213 0.418486 -0.0462772 0 0.249188 0.0502076 -0.0711877 9.71572e-005 0 -28.7928 316.584 -59.1619 0.57614 -0.0993713 -0.195619 0.0783997 -98.162 -19.083 
0.542208 -0.20944 0.929246 0.185327 0.363446 0.319367 0.757035 0.0176439 0.23457 -0.0517656 0.615173 0.243633 0.417801 -0.0359208 0.00772453 0.274269 0.0534108 -0.0394699 0.00972274 0.0156713 -29.9113 315.903 -58.5216 0.554596 -0.106676 -0.221826 0.0783997 -98.162 -19.083 
0.555957 -0.208083 0.911801 0.150802 0.343806 0.336228 0.733299 0.00342455 0.242539 -0.0654503 0.603633 0.218455 0.396066 -0.0319107 0.00687728 0.247524 0.0675595 -0.0298204 0.00663882 0.0191281 -30.2134 316.815 -58.1994 0.544023 -0.120279 -0.24021 0.0783997 -98.162 -19.083 
0.511561 -0.209236 0.912053 0.120656 0.356325 0.348512 0.771115 0.00312109 0.229792 -0.0700401 0.557411 0.19698 0.329036 -0.0592371 0.000630853 0.260583 0.0218238 -0.00772728 0.00302899 0.0109852 -30.1002 316.115 -58.361 0.5293 -0.137034 -0.239016 0.0783997 -98.162 -19.083 
0.494663 -0.20944 0.89641 0.115609 0.335176 0.349066 0.727168 0 0.20333 -0.0661388 0.534769 0.181357 0.311925 -0.0612341 0 0.260008 0.0249403 -0.0102059 0.00158877 0.00355109 -29.7854 316.247 -58.1269 0.532572 -0.127474 -0.23725 0.0783997 -98.162 -19.083 
0.458469 -0.209425 0.929278 0.0372375 0.321712 0.348913 0.653987 0 0.116512 -0.0516029 0.56308 0.257487 0.325485 -0.0754073 1.30919e-007 0.204853 0.0508263 -0.00190072 0.0115794 0.00129695 -30.5504 315.625 -58.6684 0.49278 -0.144069 -0.242942 0.0783997 -98.162 -19.083 
0.392796 -0.20944 0.901129 0.00114949 0.299717 0.338331 0.514572 0.107793 0.00491498 -0.0314769 0.623425 0.441852 0.322983 -0.0688901 0.00221515 0.248152 0.026741 0.00269526 0.00117124 0.00454189 -31.7926 315.27 -60.7672 0.435514 -0.160158 -0.260643 0.0783997 -98.162 -19.083 
0.435928 -0.203887 0.653525 0.0832775 0.291259 0.32881 0.377974 0.114973 -0.000401584 -0.00691551 0.570248 0.343535 0.361529 -0.0739137 0 0.245636 -0.00876943 -0.0146467 0.000629615 0.0940123 -30.4696 308.526 -57.4945 0.39589 -0.141947 -0.257822 0.0783997 -98.162 -19.083 
0.273618 -0.202809 0.573077 0.00258818 0.170353 0.301495 0.441483 0.0884356 -0.0209613 0.0691653 0.424559 0.322583 0.271066 -0.0877655 0.0457705 0.140374 -0.121628 0.0206786 0.0925198 0.07047 -27.4639 306.622 -59.0757 0.375944 -0.115727 -0.259066 0.0783997 -98.162 -19.083 
0.441082 -0.20944 0.436519 0 0.0938998 0.274377 0.532713 0.094522 -0.0394599 0.0851225 0.438689 0.297871 0.179827 -0.13037 0 0.171469 -0.142227 0.0129044 0.0964372 0.105853 -27.8437 304.416 -59.6506 0.334267 -0.114032 -0.23179 0.0783997 -98.162 -19.083 
0.524446 -0.20944 0.349534 0.00411503 0.118051 0.243035 0.362042 0.120817 -0.0539101 0.110689 0.418353 0.291529 0.129241 -0.107481 0.0311504 0.162168 -0.162279 0.0390576 0.109921 0.107009 -28.9299 303.872 -57.2415 0.299815 -0.147864 -0.217512 0.0783997 -98.162 -19.083 
0.513138 -0.209427 0.319503 0 0.117238 0.294827 0.292654 0.208143 -0.0422667 0.116552 0.280835 0.254318 0.0803883 -0.0814779 0 0.176136 -0.170177 0.0760334 0.0984521 0.0697504 -26.3744 302.877 -56.1369 0.272034 -0.172549 -0.206797 0.0783997 -98.162 -19.083 
0.53467 -0.209029 0.27224 0 0.0874057 0.325645 0.286587 0.232378 -0.0454603 0.0957772 0.296972 0.209941 0.0513403 -0.0982046 0 0.156163 -0.171601 0.0695103 0.111073 0.0601862 -26.5049 298.49 -54.4558 0.241614 -0.179675 -0.192101 0.0783997 -98.162 -19.083 
0.650497 -0.20944 0.234698 0.000113999 0.103094 0.344221 0.339324 0.249631 -0.0529694 0.115801 0.317574 0.170725 0.0946137 -0.0941189 0 0.163171 -0.174533 0.0739388 0.0959315 0.0347853 -26.321 298.455 -54.1668 0.206959 -0.200744 -0.184069 0.0783997 -98.162 -19.083 
0.646292 -0.179238 0.251923 0 0.0691936 0.309888 0.32533 0.30381 -0.0747307 0.112248 0.370669 0.141021 0.078555 -0.0815192 0.069027 0.204969 -0.161896 0.0853267 0.0810262 0.0242549 -25.5331 299.545 -53.3437 0.189842 -0.190444 -0.180525 0.0783997 -98.162 -19.083 
0.738034 -0.208164 0.0647331 0.00931557 -0.0178674 0.316569 0.391237 0.28859 -0.17336 0.139807 0.355498 0.0112541 -0.0117099 -0.145884 0.023292 0.138558 -0.156402 0.104089 0.00434323 0.00326843 -25.3044 297.9 -52.0992 0.216192 -0.175797 -0.192102 0.0783997 -98.162 -19.083 
0.730235 -0.209407 0 0 -0.0381712 0.348359 0.399623 0.289876 -0.174533 0.125751 0.325042 0 -0.0611383 -0.177996 0 0.130251 -0.17411 0.0736982 0 0.00126315 -25.5606 295.829 -51.5849 0.210093 -0.163439 -0.207644 0.0783997 -98.162 -19.083 
0.757788 -0.20944 0 0 -0.0949484 0.349066 0.39573 0.332053 -0.174533 0.113289 0.331931 0 -0.0933277 -0.180163 0 0.154843 -0.174533 0.0380005 0 0 -26.8673 294.562 -49.4065 0.18414 -0.166377 -0.209174 0.0783997 -98.162 -19.083 
0.734813 -0.20944 7.58533e-005 0 -0.0990184 0.349066 0.347714 0.30694 -0.174533 0.0948062 0.321408 0 -0.117858 -0.175889 0.000144176 0.0376225 -0.174533 -0.0380908 0 3.83129e-005 -24.1139 291.818 -47.0249 0.153454 -0.181012 -0.205073 0.0783997 -98.162 -19.083 
0.737447 -0.204421 0 0 -0.0943711 0.343458 0.313909 0.316286 -0.174533 0.0930962 0.271972 0.02186 -0.104706 -0.175833 3.28293e-006 0.0394771 -0.173203 -0.0243732 0.0154606 0.0258349 -24.5703 290.118 -47.4442 0.129646 -0.197278 -0.221092 0.0783997 -98.162 -19.083 
0.655545 -0.208336 0 0 -0.102778 0.347001 0.239634 0.332415 -0.174533 0.0693976 0.132856 0.00210385 -0.0887018 -0.216282 0 0.0382872 -0.174533 -0.0284081 0.00487648 0.00990571 -25.6375 289.553 -46.1432 0.142409 -0.175956 -0.228213 0.0783997 -98.162 -19.083 
0.629811 -0.209312 0 0 -0.105942 0.348035 0.22345 0.389884 -0.174533 0.0529218 0.122447 0.000422962 -0.0700225 -0.239021 0 0.0170293 -0.174533 -0.0185806 0.00147517 0.000400415 -25.3948 289.283 -47.348 0.156304 -0.177724 -0.236519 0.0783997 -98.162 -19.083 
0.629146 -0.20944 0 0 -0.106996 0.349066 0.238136 0.367376 -0.174533 0.0477615 0.077678 0 -0.0406116 -0.265242 0 0.013107 -0.174533 -0.0266899 0 0 -25.1907 289.325 -47.5565 0.169983 -0.158856 -0.241375 0.0783997 -98.162 -19.083 
0.62703 -0.20944 0.000550074 0 -0.108019 0.349066 0.264584 0.330824 -0.174533 0.0592565 0.0631735 0.00154143 -0.0340883 -0.265492 0 0.00922845 -0.173092 -0.0199189 0 0 -25.7466 288.481 -49.5818 0.164351 -0.157182 -0.254744 0.0783997 -98.162 -19.083 
0.616196 -0.20944 0 0 -0.125806 0.349066 0.255024 0.237666 -0.174533 0.0348646 0.0453866 1.70763e-005 -0.0302135 -0.287824 0 0.00267964 -0.174505 -0.0369021 0 0 -25.9927 288.208 -49.683 0.158158 -0.121023 -0.243684 0.0783997 -98.162 -19.083 
0.61219 -0.20944 0 0 -0.147909 0.349066 0.253253 0.234559 -0.174533 0.035304 0.0457625 0 -0.0344361 -0.30096 0 0.00264429 -0.174533 -0.0387098 0 0 -25.9699 288.23 -49.8213 0.157807 -0.121104 -0.24269 0.0783997 -98.162 -19.083 
0.600452 -0.20944 0 0 -0.14977 0.349066 0.242144 0.233956 -0.174533 0.0359204 0.039455 0 -0.0410232 -0.304783 0 0.00106942 -0.174492 -0.0390057 0 0 -26.0144 287.32 -50.1307 0.152916 -0.121796 -0.241796 0.0783997 -98.162 -19.083 
0.599551 -0.208613 0 0 -0.147458 0.349066 0.222517 0 -0.173864 0.0231968 0.0414959 0 -0.0278433 -0.299371 0 0.00131482 -0.174533 -0.0387274 0 0 -26.0891 285.701 -50.062 0.150464 -0.106759 -0.240482 0.0783997 -98.162 -19.083 
0.60377 -0.209433 0 0 -0.15359 0.349066 0.253585 0 -0.174519 0.0101542 0.0401019 0 -0.018332 -0.333888 0 0 -0.174533 -0.0660473 0 0 -26.5088 285.554 -50.0174 0.143793 -0.100951 -0.230147 0.0783997 -98.162 -19.083 
