0.143857 0.100025 0.0727551 0 -0.0414854 0.305457 0 0.338299 -0.111444 0.139768 0.0910181 0.0364355 -0.0547351 0.049739 0 0.0891073 0.203974 -0.315885 0 0 4.82214 347.946 -82.3372 -0.048245 -0.112707 0.302302 13.2436 -95.942 -24.8945 
0.283474 0.0436553 0 0 -0.0693001 0.299785 0.00543947 0 -0.174533 0.0774506 0.0367772 0.100049 -0.110452 -0.0534397 0 0 0.238005 -0.278753 4.74638e-005 0 3.70767 348.916 -80.1407 -0.00354908 -0.080246 0.31681 13.2436 -95.942 -24.8945 
0.300139 0.0235527 0 0 -0.092287 0.349066 0.00031529 0 -0.174533 0.0777418 0.0169898 0.288426 -0.105815 -0.0621648 0.0329073 0 0.29577 -0.312756 0.0209161 0 3.76304 349.05 -80.1447 -0.00542823 -0.0788416 0.316146 13.2436 -95.942 -24.8945 
0.216952 0.0405743 0 0.0067797 -0.130233 0.349066 0 0.0735479 -0.173875 0.0766261 0 0.279921 -0.174533 -0.0483083 0.0577022 0 0.297756 -0.340874 0 0.0385151 3.74136 348.919 -80.4107 -0.00327902 -0.0766212 0.311203 13.2436 -95.942 -24.8945 
0.22038 0.0530214 0 0.00878102 -0.119376 0.349066 0 0 -0.174533 0.0947291 0 0.431949 -0.174533 -0.0627633 0.00204832 0.0634785 0.323552 -0.349066 0.0962236 0 3.77953 348.983 -80.3399 -0.00322665 -0.0729214 0.313221 13.2436 -95.942 -24.8945 
0.181039 0.0745376 0 0.0261113 -0.0880537 0.349066 0.00780179 0 -0.174533 0.0969236 0 0.159455 -0.136788 -0.100572 0 0 0.290272 -0.349066 0.0541145 0 4.05708 349.248 -80.3252 0.00860803 -0.0777696 0.311278 13.2436 -95.942 -24.8945 
0.170006 0.0926168 0 0.0290281 -0.112231 0.349066 0.0827038 0 -0.174533 0.141039 0.00270073 0.374922 -0.174533 -0.0693892 0 0 0.342 -0.349066 0.0339376 0 4.0059 348.656 -80.6159 -0.00447541 -0.0789971 0.293436 13.2436 -95.942 -24.8945 
0.171283 0.0525831 0.00720598 0.205866 -0.174533 0.34144 0.0443423 0.212324 -0.174533 0.161852 0 0 -0.171126 -0.0800729 0 0.0446331 0.278941 -0.293819 0.0154701 0 3.79619 349.202 -80.5812 -0.0100885 -0.0701996 0.299055 13.2436 -95.942 -24.8945 
0.107449 0.00378601 0.197435 0.120628 -0.167686 0.342408 0.1312 0 -0.174533 0.0694859 0 0 -0.174533 -0.0927342 0 0 0.296346 -0.236741 0 0 3.7149 350.792 -80.6779 -0.0364885 -0.0713696 0.314483 13.2436 -95.942 -24.8945 
0.027302 -0.00317996 0.211627 0.184064 -0.172944 0.348845 0.243525 0.296297 -0.174533 0.00666978 0 0.000778587 -0.174533 -0.0761191 0 0 0.213795 -0.259235 0.0146669 0 3.47984 352.973 -81.237 -0.0383354 -0.0835424 0.317126 13.2436 -95.942 -24.8945 
-0.0199004 -0.0124006 0.303747 0.0976936 -0.174048 0.348965 0.157366 0.649087 -0.174533 0.130369 0 0.000246023 -0.174533 -0.0765091 0 0.00932054 0.116089 -0.236227 0.012402 0.0303463 4.12991 352.555 -81.1823 -0.0808638 -0.0649444 0.306977 13.2436 -95.942 -24.8945 
0.214306 -0.108827 0.118917 0.134177 -0.172635 0.349045 0.52457 0.402857 -0.174533 0.211965 0.000880119 0 -0.174533 -0.0207428 0 0.17772 0.0333021 -0.218166 0 0 4.41534 352.649 -80.7795 -0.114259 -0.10631 0.29678 13.2436 -95.942 -24.8945 
0.285858 -0.138375 0.179249 0 -0.174096 0.349066 0.671871 0.545429 -0.174533 0.21111 0.000162677 0.00103341 -0.174533 0.0251857 0 0.0114834 0.0243643 -0.202473 0 0 3.99395 352.424 -80.8179 -0.124041 -0.107391 0.299866 13.2436 -95.942 -24.8945 
0.310513 -0.15714 0.170541 0 -0.161297 0.349066 0.738759 0.530592 -0.174533 0.194827 0 0 -0.174533 0.0381986 0.000658018 0.131913 0.0422245 -0.227591 0 0 3.81447 353.227 -81.1434 -0.124594 -0.108061 0.303842 13.2436 -95.942 -24.8945 
0.486948 -0.20944 0 0.131015 0.0268765 0.349066 0.906707 0.679103 -0.173073 0.2558 0.00576716 0.00406233 -0.164246 0.0109889 1.49622e-005 0.0962284 0.0464128 -0.206442 0 0 4.31403 353.457 -81.3465 -0.133965 -0.11373 0.312156 13.2436 -95.942 -24.8945 
0.52343 -0.20944 0.0133594 0.205389 0.142678 0.349066 1.10563 0.482786 -0.173314 0.265204 0.0082463 0.0219493 -0.174533 -0.0239691 0.0222954 0.125126 0.0483512 -0.237264 0 0 4.29509 353.644 -81.531 -0.138523 -0.111178 0.309649 13.2436 -95.942 -24.8945 
0.384 -0.20944 0.0829726 0.177503 0.462451 0.349066 1.05439 0 -0.173382 0.300697 0 0.0178506 -0.174533 0.0657398 0.00540402 0.0880271 0.0391518 -0.270588 0 0 4.37806 353.312 -81.0579 -0.129368 -0.118942 0.306472 13.2436 -95.942 -24.8945 
0.462945 -0.20944 0.0804585 0.143818 0.689209 0.349066 0.797031 0 -0.174533 0.334014 0.0498929 0.166389 -0.174533 0.0457863 0.00665733 0.0807971 0.0369416 -0.268908 0.0807221 0 4.8164 355.252 -80.4185 -0.122246 -0.108555 0.318499 13.2436 -95.942 -24.8945 
0.437327 -0.202409 0.137208 0.134792 0.762365 0.349066 0.655919 0.0996992 -0.174533 0.302448 0.0928897 0.0566258 -0.160437 0.0329128 0.0391815 0.0442155 0.00548252 -0.186335 0.155903 0.00250829 4.81418 355.28 -80.2116 -0.128538 -0.103204 0.321861 13.2436 -95.942 -24.8945 
0.464786 -0.198357 0.122563 0.168077 0.81335 0.349066 0.609144 0.11327 -0.174533 0.321931 0.083216 0.0567499 -0.169697 0.0517403 0.0407309 0.045046 0.00668981 -0.185992 0.150632 0.00251973 4.80533 355.26 -80.1751 -0.128793 -0.103809 0.322251 13.2436 -95.942 -24.8945 
0.464786 -0.198357 0.122563 0.168077 0.81335 0.349066 0.609144 0.11327 -0.174533 0.309636 0.0750232 0.139345 -0.169697 0.0517403 0.0407309 0.045046 0.00668981 -0.185992 0.150632 0.00251973 4.80533 355.26 -80.1751 -0.128793 -0.103809 0.322251 13.2436 -95.942 -24.8945 
0.464858 -0.198386 0.122673 0.168106 0.813019 0.349066 0.612009 0.103623 -0.174533 0.309331 0.112238 0.139626 -0.169702 0.0516894 0.0409441 0.0450771 0.00671112 -0.185993 0.150658 0.00251483 4.8034 355.26 -80.1782 -0.128837 -0.103769 0.322251 13.2436 -95.942 -24.8945 
0.448063 -0.201888 0.0927023 0.163467 0.874735 0.349066 0.461497 0.105706 -0.174533 0.321725 0.159941 0.138987 -0.155144 0.0197913 0 0.0813096 0.0584123 -0.188342 0 0 4.83755 355.38 -80.1838 -0.134181 -0.110945 0.325578 13.2436 -95.942 -24.8945 
0.42405 -0.201646 0.0785844 0.317244 0.880417 0.349066 0.398553 0.133202 -0.174288 0.339334 0.119184 0.352776 -0.140437 0.00910464 0 0.2232 0.081706 -0.214842 0 0.0836512 5.19997 355.62 -80.1337 -0.130904 -0.11032 0.328366 13.2436 -95.942 -24.8945 
0.420382 -0.202654 0.0583574 0.44457 0.942245 0.349066 0.15052 0.202007 -0.174533 0.349066 0.0749722 0.414168 -0.151872 0.000656828 0.000673077 0.52418 0.0108903 -0.349066 0 0.181603 4.85268 355.635 -80.2282 -0.118929 -0.125312 0.321788 13.2436 -95.942 -24.8945 
0.514486 -0.160505 0 0.266331 1.07788 0.349066 0 0.477202 -0.128768 0.34483 0.185918 0.836991 -0.154938 0.015175 0.066727 0.49059 0.00381384 -0.349066 0 0 4.58914 355.473 -79.8388 -0.116512 -0.0908501 0.308681 13.2436 -95.942 -24.8945 
0.538781 -0.123888 0.000100616 0.000978244 1.11621 0.349066 0.00233573 0.310263 -0.159286 0.349066 0.343246 0.301744 -0.127243 0.0278792 0 0.223719 0.0481919 -0.326456 0.1146 0.0277061 4.49348 355.866 -79.8823 -0.116266 -0.0906306 0.310072 13.2436 -95.942 -24.8945 
0.524596 -0.111825 0 0.0508292 1.12789 0.349066 0.00231295 0.321206 -0.174344 0.349066 0.377391 0.106662 -0.120285 0.0226956 0.00163901 0.234177 0.0720702 -0.286472 0.0839183 0 4.33076 355.521 -79.9916 -0.117831 -0.0903519 0.310175 13.2436 -95.942 -24.8945 
0.47166 -0.129845 0.00157666 0.0691746 1.13671 0.349066 0 0.311853 -0.130341 0.349066 0.186696 0.0606681 -0.174533 0.00691861 0.0887286 0.0872753 0.0684074 -0.299887 0.0740902 0 4.29224 355.408 -79.4588 -0.108442 -0.0932149 0.313653 13.2436 -95.942 -24.8945 
0.474401 -0.0885355 0.0166803 0 1.12729 0.347615 0 0.30122 -0.167423 0.349066 0.150257 0 -0.17095 0.0199563 0.0837565 0.129588 0.131942 -0.300355 0.0484377 0 4.0407 355.404 -79.3001 -0.106543 -0.0917359 0.313012 13.2436 -95.942 -24.8945 
0.470059 -0.05258 0 0 1.13749 0.348405 0 0.304669 -0.174533 0.349066 0.168573 0.041027 -0.141517 0.0279894 0.0538384 0.117979 0.126157 -0.307916 0.0950933 0 4.21316 355.503 -79.083 -0.10102 -0.0873549 0.317955 13.2436 -95.942 -24.8945 
0.466404 -0.0271268 0 0.0215889 1.13921 0.348445 0 0.287496 -0.174533 0.349066 0.157985 0.0356309 -0.113237 0.0354988 0.0124713 0.180323 0.169054 -0.310137 0.00124957 0 4.40447 355.476 -79.0685 -0.101847 -0.086837 0.325201 13.2436 -95.942 -24.8945 
0.42473 -0.00675945 0.0502973 0 1.15197 0.349066 0 0.273627 -0.0594054 0.3484 0.0433225 0.0482273 -0.0597726 0.0019026 0 0.0149182 0.219074 -0.348063 0.00501214 0.227459 4.92975 355.793 -78.9103 -0.131569 -0.0812884 0.33976 13.2436 -95.942 -24.8945 
0.40248 -0.0117648 0 0.00999084 1.14205 0.349066 0 0.29835 -0.0893357 0.347825 0.101096 0.116371 -0.128785 0.00166511 0.0792565 0.181906 0.154753 -0.349066 0 0.179067 5.05946 355.719 -79.5416 -0.145701 -0.0768414 0.334916 13.2436 -95.942 -24.8945 
0.315533 -0.0173422 0 0.00642574 1.13603 0.349066 0 0.253252 -0.0833575 0.348893 0.0361932 0 -0.171757 0.0800568 0.0112878 0.489811 0.162395 -0.335955 0.23167 0.312399 5.00607 355.233 -79.6266 -0.157541 -0.0656644 0.334452 13.2436 -95.942 -24.8945 
0.29201 0.0508457 0.100517 0 1.15101 0.337354 0 0.237069 -0.0943932 0.349066 0.0695624 0.357292 -0.0290882 0.0792794 0 0.19136 0.206703 -0.349066 0 0.15456 5.00356 355.129 -79.5698 -0.176766 -0.0698461 0.333354 13.2436 -95.942 -24.8945 
0.449476 0.0913795 0 0 1.30011 0.338631 0 0.34242 0.0454425 0.348738 0.00559878 0.387576 0.0981724 0.136913 0.0562872 0 0.176796 -0.349066 0.0792417 0.458685 4.54909 355.59 -78.7001 -0.178252 -0.168005 0.325996 13.2436 -95.942 -24.8945 
0.488997 0.110378 0.0341623 0 1.50698 0.337196 0.00059636 0.372434 0.12835 0.340545 0.00741575 0 0.17563 0.0174038 0.00592282 0 0.334961 -0.349066 0 0.647734 4.28088 356.204 -78.5908 -0.196516 -0.173223 0.33181 13.2436 -95.942 -24.8945 
0.490686 0.0943723 0 0 1.56181 0.338128 0.000253532 0.375439 0.120159 0.348721 3.74392e-005 0 0.141113 -0.0272288 0 0 0.415285 -0.349066 0 0.173428 4.38379 356.119 -78.868 -0.195908 -0.173087 0.330559 13.2436 -95.942 -24.8945 
0.425599 0.108979 0.0501273 0.0562381 1.5708 0.340982 0.00023026 0.367298 0.0715557 0.345488 0 0.113592 0.138342 -0.0387541 0 0 0.417079 -0.349061 0 0 4.2784 356.497 -78.8678 -0.175959 -0.166141 0.332743 13.2436 -95.942 -24.8945 
0.404232 0.0832782 0.0499826 0.000289263 1.5708 0.340068 0 0.365355 0.0398878 0.34821 0.0382766 0.11753 0.115392 -0.045394 0 0 0.412778 -0.349066 0.000308913 0 4.2713 356.511 -78.8328 -0.174995 -0.165943 0.331965 13.2436 -95.942 -24.8945 
0.460714 0.0991191 0.198424 0 1.5708 0.339494 0 0.381791 0.0441482 0.34755 0.029029 0.0038428 0.0991288 -0.12522 0.00861126 0 0.400523 -0.349066 0.00208971 0 4.20193 356.864 -78.7144 -0.169471 -0.172439 0.332962 13.2436 -95.942 -24.8945 
0.571104 -0.00441368 0.20057 0.0212491 1.49535 0.349066 0.0341312 0 -0.0594433 0.336623 0 0 -0.0821322 -0.0574506 0.0937602 0.231492 0.181163 -0.299529 0.01715 0 6.18592 356.814 -78.2665 -0.121425 -0.225089 0.327527 13.2436 -95.942 -24.8945 
0.436002 -0.198921 0.288123 0.00673533 1.51883 0.325253 0 0.0396961 -0.0574436 0.34709 0.133205 0 -0.0875463 0.0308741 0.0816758 0.00313348 0.104615 -0.308576 0.000661158 0 6.16347 356.417 -77.9788 -0.110836 -0.224294 0.32453 13.2436 -95.942 -24.8945 
0.263267 -0.19521 0.427395 0.0611652 1.5708 0.0157533 0 0 -0.111628 0.348825 0.360302 0.613229 -0.112032 0.0458965 0.0700836 0.128247 0.0969161 -0.326146 0.00067284 0 6.09276 356.437 -77.921 -0.105424 -0.225877 0.327247 13.2436 -95.942 -24.8945 
0.0912637 -0.20944 0.484463 0.107275 1.5708 -0.117157 0.0036884 0 -0.112 0.349064 0.153745 0.70702 -0.0601625 0.0747681 0.0461529 0 -0.00632649 -0.349066 0 0 5.72244 356.007 -77.8912 -0.112808 -0.189223 0.343976 13.2436 -95.942 -24.8945 
0.186435 -0.20944 0.496937 0.2404 1.5708 -0.280175 0.00435022 0 -0.115947 0.349064 0.334398 1.5486 -0.0683426 0.0905593 0.0936517 0 -0.0675332 -0.349066 0 0 5.69597 355.959 -77.7481 -0.117897 -0.201359 0.354141 13.2436 -95.942 -24.8945 
0.278001 -0.209429 0.3906 0.317436 1.40663 -0.275758 0.00551106 0 -0.17449 0.349066 0.27675 1.55 -0.159774 0.0446848 0.201605 0.452542 -0.138717 -0.324516 0.000440915 0 6.35267 357.498 -76.2235 -0.0559682 -0.183601 0.404724 13.2436 -95.942 -24.8945 
0.381011 -0.20943 0.432431 0 1.33279 -0.336375 0 0 -0.174533 0.349066 0.395227 1.5708 -0.173633 0.123856 0.255464 0.570652 -0.137726 -0.330824 0.000430058 0 6.22951 357.438 -76.341 -0.0546242 -0.179452 0.401507 13.2436 -95.942 -24.8945 
0.437775 -0.20944 0.398222 0 1.27911 -0.349066 0 0 -0.174533 0.349066 0.345165 1.5708 -0.174533 0.182626 0.257039 0.564967 -0.135573 -0.276121 0.000412889 0.00846933 6.59748 357.245 -76.2732 -0.0617455 -0.17928 0.395282 13.2436 -95.942 -24.8945 
0.45259 -0.20944 0.414435 0 1.23857 -0.339049 0.00181174 0 -0.13268 0.349066 0.340638 1.5708 -0.174533 0.155383 0.265516 0.508631 -0.089513 -0.283231 0 0.0131793 6.48488 357.272 -76.1895 -0.0797566 -0.169704 0.408854 13.2436 -95.942 -24.8945 
0.376649 -0.20944 0.478041 0 1.20398 -0.172599 0 0.0978372 -0.128811 0.349055 0.252338 1.5708 -0.171982 0.0938539 0.155449 1.19878 -0.107323 -0.320236 0 0 6.60457 357.527 -76.3852 -0.0803884 -0.169788 0.407411 13.2436 -95.942 -24.8945 
0.443192 -0.20944 0.491462 0.0298776 1.1422 -0.198865 0 0.071593 -0.0692891 0.349051 0 1.5708 -0.171325 0.078927 0.213989 1.28484 -0.111651 -0.259844 0 0 6.64745 356.723 -75.8843 -0.0921449 -0.186917 0.419675 13.2436 -95.942 -24.8945 
0.357326 -0.20944 0.549801 0 1.0398 -0.156087 0.216217 0.222663 -0.0940727 0.349051 0.0672089 1.5708 -0.164647 0.14808 0.178517 1.2174 -0.0532886 -0.295134 0.00986685 0 6.94961 356.614 -75.5841 -0.0935451 -0.180184 0.421975 13.2436 -95.942 -24.8945 
0.441162 -0.20944 0.502687 0 0.909269 -0.245298 0.622146 0 -0.111832 0.349066 0 1.5708 -0.1735 0.183218 0.214313 1.50121 -0.0787115 -0.336012 0.00919963 0.0448442 6.28595 357.2 -74.5375 -0.0646525 -0.186556 0.432938 13.2436 -95.942 -24.8945 
0.670817 -0.20944 0.340272 0 0.917297 -0.349066 0.464088 0 -0.0496984 0.349066 0 1.37407 -0.174344 0.141901 0.0201797 1.40161 -0.0695646 -0.340594 0.00233695 0.0153393 6.91551 357.276 -72.5191 -0.0668733 -0.200429 0.446912 13.2436 -95.942 -24.8945 
0.703879 -0.20944 0.289881 0 0.933589 -0.0594946 0.478086 0 -0.0535085 0.349066 0.433549 1.49837 -0.174533 0.0753921 0.0687413 0.956251 -0.115126 -0.330568 0.0806145 0.00794589 7.79364 357.385 -73.0478 -0.0717528 -0.190362 0.448639 13.2436 -95.942 -24.8945 
0.799473 -0.20944 0.196172 0 0.895661 -0.0860459 0.542517 0 -0.141467 0.208041 0.454629 0.366775 -0.107072 -0.021816 0 1.23729 -0.133338 -0.349066 0.0841124 0.0114544 8.27612 356.98 -72.9199 -0.0801407 -0.213408 0.464878 13.2436 -95.942 -24.8945 
0.78023 -0.20944 0.204885 0 0.824432 0.0150004 0.517546 0 -0.174533 0.246288 0.291589 0.269226 -0.108303 -0.0477145 0.183839 0.298878 -0.169782 -0.347913 0.0669971 0 8.33541 357.003 -72.2858 -0.0827353 -0.213532 0.466425 13.2436 -95.942 -24.8945 
0.630684 -0.20944 0.398605 0 1.08124 0.181343 0 0.00570993 -0.164329 0.329655 0.209326 0.165975 -0.174533 -0.0562223 0.533253 0 -0.173041 -0.349066 0.047061 0 6.57841 358.262 -72.9593 -0.077382 -0.261845 0.406948 13.2436 -95.942 -24.8945 
0.302343 -0.152529 0.670741 0 1.08205 0.317293 0.12315 0.00896804 -0.174533 0.318316 0.235318 0.106833 -0.163055 0.0266547 0.30366 0.120125 -0.174533 -0.349066 0.278384 0.00113006 6.39179 358.121 -74.663 -0.106252 -0.226175 0.375943 13.2436 -95.942 -24.8945 
0.298594 0.00754036 0.516542 0 1.08298 0.349066 0 0 -0.147159 0.326863 0.0385783 0.075065 -0.174533 -0.0149521 0.0532943 0.131685 -0.174533 -0.349066 0.129012 0.259179 8.07557 358.852 -75.0774 -0.123581 -0.236173 0.388941 13.2436 -95.942 -24.8945 
0.327428 0.0666833 0.462252 0.0480808 1.12606 0.349066 0 0 -0.172956 0.326934 0.03277 0.244069 -0.174533 -0.0432265 0.0758884 0.0567313 -0.120648 -0.349066 0.140663 0.414497 8.99131 359.76 -74.6206 -0.115613 -0.221772 0.404365 13.2436 -95.942 -24.8945 
0.406116 0.0529952 0.321552 0 1.16725 0.349066 0 0 -0.174533 0.329278 0.00526831 0.261519 -0.174533 -0.106114 0 0.0423627 -0.0716756 -0.349066 0.0556761 0.263649 8.50826 360.442 -74.3829 -0.0958059 -0.235806 0.419977 13.2436 -95.942 -24.8945 
0.437121 0.0427464 0.287378 0 1.24186 0.349066 0 0 -0.174533 0.346643 0 0 -0.174533 -0.081579 0 0 -0.0793754 -0.349066 0.158056 0.268906 8.10209 360.519 -74.2272 -0.0952263 -0.234743 0.416846 13.2436 -95.942 -24.8945 
0.482456 0.0428493 0.178735 0.00557961 1.29674 0.348608 0 0.0024659 -0.174533 0.347987 0 0.00225914 -0.174533 -0.0371095 0.00156941 0 -0.0054732 -0.349066 0.0858259 0 8.7198 360.567 -73.7997 -0.102367 -0.237521 0.42499 13.2436 -95.942 -24.8945 
0.569847 -0.0329154 0.0180378 0 1.32945 0.349014 0 0.00245077 -0.174533 0.328627 0 0.0370046 -0.174533 -0.0572219 0 0 0.00815033 -0.347913 0.112351 0.0488128 9.94612 360.244 -73.8098 -0.10435 -0.244385 0.439632 13.2436 -95.942 -24.8945 
0.639015 -0.0387702 0 0.00334826 1.32929 0.349066 0 0 -0.174533 0.349066 0 0.0249944 -0.174533 -0.062614 0 0 0.016787 -0.349066 0.0136222 0.16838 10.2856 360.994 -73.0692 -0.090345 -0.244739 0.422324 13.2436 -95.942 -24.8945 
0.698299 -0.0161308 0.0144341 0 1.3552 0.349066 0 0 -0.174533 0.349066 0 0 -0.174533 0.000619397 0 0 -0.0974283 -0.349066 0 0.0698176 10.4171 361.046 -73.4031 -0.0960685 -0.237982 0.425471 13.2436 -95.942 -24.8945 
0.645378 0.0139144 0 0 1.51973 0.349066 0.000920246 0 -0.174533 0.349066 0 0 -0.174533 -0.0959496 0 0 -0.132844 -0.349066 0.10638 0.153887 10.6722 360.898 -73.2652 -0.106623 -0.204721 0.429829 13.2436 -95.942 -24.8945 
0.639676 0.0524077 0.00801305 0 1.55549 0.343163 5.57188e-005 3.17162e-005 -0.174533 0.34389 0 0 -0.174533 -0.100482 0.00229872 0 0.0390168 -0.349066 0 0.209335 10.7689 360.967 -73.5425 -0.107984 -0.219566 0.424014 13.2436 -95.942 -24.8945 
0.577845 0.0561167 0 0 1.5708 0.347837 0 0 -0.174533 0.349066 0 0 -0.141797 -0.104624 0 0 0.124157 -0.349066 0 0.128672 11.0547 361.669 -73.7471 -0.108817 -0.21054 0.42559 13.2436 -95.942 -24.8945 
0.514376 0.00709382 0 0 1.5708 0.347464 0 0 -0.174533 0.349066 0.000140298 0 -0.174533 -0.0494684 0 0 0.180933 -0.349066 0 0.187461 11.0757 361.878 -73.7097 -0.108462 -0.210842 0.423569 13.2436 -95.942 -24.8945 
0.496856 -0.0448654 0 0.0826787 1.5708 0.349066 0 0 -0.174533 0.349066 0.00210982 0 -0.171207 -0.0404532 0 0 0.166342 -0.349066 0 0 11.0857 361.691 -73.7784 -0.103399 -0.213142 0.427631 13.2436 -95.942 -24.8945 
0.556446 -0.106176 0.158326 0.0723495 1.5708 0.349008 0 0.00222104 -0.174533 0.349066 0 0.000274253 -0.155756 -0.0602404 0.0240325 0 0.120846 -0.349066 0 0 11.1915 361.725 -73.5803 -0.104213 -0.224748 0.435182 13.2436 -95.942 -24.8945 
0.65976 -0.207883 0.119013 0.279465 1.57063 0.349066 0 0 -0.174498 0.349066 0.00147468 0.000156105 -0.134072 -0.0984067 0.00383878 0.0124655 -0.0229148 -0.344953 0.00787558 0.000154279 12.241 361.025 -73.1478 -0.107508 -0.198022 0.452128 13.2436 -95.942 -24.8945 
0.73898 -0.20944 0.0948348 0.490137 1.41435 0.205109 0 0 -0.174494 0.302341 0 0 -0.131577 0.075021 0.228078 0.101739 -0.101414 -0.344455 0.0235883 0 12.4608 360.641 -72.5615 -0.118876 -0.184125 0.455672 13.2436 -95.942 -24.8945 
0.787266 -0.20944 0.111635 0.549075 1.29252 0.00972287 0 0.203648 -0.174533 0.349066 0 0 -0.0800784 0.122335 0.185054 0.11131 -0.124651 -0.313374 0.014981 0.527941 12.2585 360.603 -72.3361 -0.134923 -0.201933 0.448188 13.2436 -95.942 -24.8945 
0.689938 -0.204823 0.242042 0.371025 1.21732 -0.0289909 0.124679 0.10529 -0.174533 0.349066 0 0 -0.0524576 0.0813616 0.224296 0.00852292 -0.128285 -0.240055 0.111793 0.227044 12.1812 361.046 -72.4807 -0.13046 -0.20586 0.45447 13.2436 -95.942 -24.8945 
0.581589 -0.154574 0.475604 0.298607 1.03409 -0.170272 0.280257 0.0655708 -0.174533 0.349066 0 0.0235084 -0.00950233 0.125124 0.0914332 0.00772146 -0.155494 -0.250865 0.202429 0.192741 12.1431 361.621 -72.6872 -0.131918 -0.186474 0.459661 13.2436 -95.942 -24.8945 
0.325896 -0.20944 0.66677 0.287254 1.0694 -0.240035 0.0415785 0.0197546 -0.174533 0.349066 0 0.000864423 0.00128631 0.0980637 0.00561679 0.00537015 -0.147963 -0.233899 0.217129 0.219479 11.8051 362.245 -71.8306 -0.12437 -0.167526 0.462368 13.2436 -95.942 -24.8945 
0.420479 -0.20944 1.24988 0.174068 0.996838 -0.241497 0.153033 0 -0.174533 0.349066 0 0.000680071 -0.0884959 0.115824 0.00407215 0.00148224 -0.125505 -0.241992 0.0893792 0.180998 11.7683 362.451 -71.8724 -0.11914 -0.169077 0.465922 13.2436 -95.942 -24.8945 
0.533857 -0.206179 1.5708 0.0705734 0.897913 -0.247575 0.664345 0.0263578 -0.171069 0.349066 0 0.0752222 -0.174533 0.24674 0.00495122 0.00117163 -0.148113 -0.284591 0 0 12.9492 361.795 -71.5417 -0.11884 -0.154682 0.478701 13.2436 -95.942 -24.8945 
0.789822 -0.20944 1.5708 0.0909283 0.965347 -0.228162 0.803638 0 -0.166111 0.347323 0.00097917 0 -0.174533 0.240489 0.00391831 0.0307768 -0.174533 -0.349066 0.142385 0.0841601 12.0279 362.013 -70.7938 -0.147093 -0.188423 0.502912 13.2436 -95.942 -24.8945 
0.984269 -0.20944 1.5708 0.00388663 1.09537 -0.231999 0 0 -0.174533 0.349066 0.00971961 0.0517543 -0.151166 0.236834 0 0.015679 -0.133542 -0.337119 0.0223128 0.85461 11.432 361.716 -70.2276 -0.147481 -0.187706 0.494663 13.2436 -95.942 -24.8945 
1.16569 -0.20944 1.5708 0.00256789 1.0983 -0.317136 0.192813 0.00783645 -0.15647 0.345285 0 0.345899 -0.149393 0.158688 0 0.0211696 -0.160308 -0.25686 0 0.944418 11.5425 361.46 -70.0251 -0.161754 -0.225629 0.492743 13.2436 -95.942 -24.8945 
1.56875 -0.163781 1.5708 0 1.07565 -0.305635 0.192691 0 -0.162931 0.343767 0 0.448883 -0.152825 0.150931 0 0.00540718 -0.174533 -0.296928 0.27374 0.517103 11.1916 361.675 -70.5341 -0.156082 -0.216007 0.490429 13.2436 -95.942 -24.8945 
1.5708 -0.149464 1.5708 0 1.15032 -0.322948 0.138834 0 -0.158953 0.347168 0 0.398219 -0.154771 0.17947 1.52996e-006 0.00426603 -0.174533 -0.294823 0.270746 0.388481 11.3507 361.65 -70.6824 -0.163199 -0.213284 0.485937 13.2436 -95.942 -24.8945 
1.35357 -0.20944 1.40934 0 1.05201 -0.324875 0.316847 0 -0.163518 0.348245 0 0.0352836 -0.168691 0.148813 2.56249e-007 0.00352387 -0.0742153 -0.257245 0.224026 0.460052 12.6528 362.539 -70.864 -0.156199 -0.167239 0.480198 13.2436 -95.942 -24.8945 
1.5708 -0.20944 1.01099 0 1.07384 -0.210191 0 0.311371 -0.174533 0.349066 0.0351074 0 -0.1659 0.0300141 2.67332e-007 0.127371 0.0389852 -0.186324 0.514937 0.0738412 12.3343 362.973 -72.2305 -0.185982 -0.144779 0.497271 13.2436 -95.942 -24.8945 
1.5708 -0.186565 0.571183 0.000365028 1.10643 -0.285 0.023768 0 -0.174533 0.349066 0.0337193 0 -0.173716 -0.065387 0.0429465 0 0.0642189 -0.211432 0.374159 0.302915 11.1942 364.317 -72.2059 -0.169565 -0.0944892 0.540009 13.2436 -95.942 -24.8945 
1.5708 -0.146122 0.489327 0 1.12533 -0.349066 0.121995 0.0176925 -0.174533 0.349066 0.0358525 0.09165 -0.118836 -0.0741807 0.177445 0.189217 0.1978 -0.34831 0.0161707 0 12.114 364.46 -72.6424 -0.172693 -0.0858592 0.558014 13.2436 -95.942 -24.8945 
1.5708 -0.153226 0.457833 0 1.01557 -0.213292 0.392594 0 -0.167837 0.349066 0 0.230557 0.000922605 -0.087272 0.164016 0 0.258183 -0.348476 0 0.368884 12.5821 365.353 -73.2722 -0.216942 -0.0489589 0.569144 13.2436 -95.942 -24.8945 
1.5708 -0.142658 0.307931 0.0160137 1.10797 -0.146122 0.271202 0.0032287 -0.144133 0.349066 0.00997508 0.144356 0.0236719 -0.0957191 0.197787 0 0.351566 -0.349024 0.0473231 0.492393 13.195 365.517 -73.5493 -0.22537 -0.0614674 0.566844 13.2436 -95.942 -24.8945 
1.5708 -0.179275 0.186106 0.0942678 1.23071 0.0762635 0.0601909 0 -0.144048 0.341985 0 0.169575 -0.0155254 -0.237859 0.0634903 0 0.317008 -0.349066 0.177651 0.0427132 13.4284 366.089 -74.3496 -0.219795 -0.0656252 0.563025 13.2436 -95.942 -24.8945 
1.5708 -0.20944 0 0 1.18062 0.291462 0.122948 0.0381697 -0.172264 0.349066 0 0.014255 0.00778456 -0.206546 0 0.139781 0.374099 -0.349066 0.100734 0.00148279 13.5599 366.372 -74.7193 -0.216012 -0.0625386 0.56209 13.2436 -95.942 -24.8945 
0.64183 -0.179589 1.02336 0.686012 1.08121 0.342455 0 0.0292075 -0.172316 0.349066 0.00837974 0.199158 -0.0860772 -0.0927005 0.0886302 0.102343 0.238677 -0.349066 0.146828 0 12.9024 366.305 -76.3331 -0.202809 -0.0957651 0.548302 13.2436 -95.942 -24.8945 
0.313619 -0.198208 1.038 0.645207 1.03585 0.349066 0 0.0247993 -0.174533 0.29657 0.200865 0.0166366 -0.0524045 -0.138977 0.107447 0.426379 0.166834 -0.348949 0.149576 0.928498 13.8199 365.868 -75.4332 -0.23584 -0.118677 0.557701 13.2436 -95.942 -24.8945 
0.517673 -0.20235 0.835278 0.453524 1.13445 0.348113 0 0.0210357 -0.174533 0.286333 0.0884862 0 -0.143251 -0.0827469 0.078057 0.191356 0.302552 -0.349066 0 0 14.166 364.846 -74.055 -0.240146 -0.148352 0.549955 13.2436 -95.942 -24.8945 
-0.0702055 -0.20944 1.01793 1.42425 1.08278 0.348614 0 0.00838584 -0.14434 0.233194 0.0379481 0.128521 -0.174533 -0.16957 0.000353873 0.361576 0.175952 -0.349066 0 0.166443 14.9616 365.302 -73.6934 -0.221979 -0.1515 0.579024 13.2436 -95.942 -24.8945 
-0.127201 -0.175815 1.18886 1.51953 1.00309 0.349066 0 0.0148045 -0.160989 0.194315 0.128709 0.0883883 -0.133456 -0.291283 0.0693686 0 0.197628 -0.34535 0 0 15.1613 365.782 -73.4806 -0.203267 -0.160434 0.594536 13.2436 -95.942 -24.8945 
-0.148703 -0.15822 1.3703 1.5708 1.06218 0.349066 0 0.0131715 -0.155175 0.200643 0.0834325 0.0154184 -0.123488 -0.324659 0 0.0393716 -0.0179324 -0.34878 0.706324 0 14.5309 363.776 -71.8218 -0.154176 -0.263689 0.610099 13.2436 -95.942 -24.8945 
-0.0852869 -0.176294 1.0509 1.5708 1.07571 0.349066 0 0.00289428 -0.145524 0.173674 0.0625207 0.0231093 -0.0957808 -0.317544 0.0416749 0.191528 0.0803177 -0.346607 0.668185 0.0864763 14.7281 363.12 -72.0525 -0.161139 -0.268765 0.630792 13.2436 -95.942 -24.8945 
-0.101451 -0.20944 0.941529 0.35368 0.929652 0.349066 0 0 -0.174533 0.132777 0.182599 0.0280481 -0.110128 -0.333351 0 0.23343 0.158295 -0.349066 0.577739 0 15.8293 363.561 -72.6497 -0.174654 -0.245059 0.648923 13.2436 -95.942 -24.8945 
