0.104048 0.197918 0.00352767 0.4374 -0.0923564 0.308016 0.0643077 0.0451752 -0.168819 -0.0403969 0.0100788 0.423146 -0.0137125 -0.119006 0.0665581 0.433275 0.446594 -0.329373 0.00621329 0.062256 -24.8545 267.569 -36.192 -0.0135752 0.0702159 -0.035338 0.0783997 -98.162 -19.083 
0.0470236 0.176641 0.00175045 0.446189 -0.124683 0.316256 0.0787358 0.0675617 -0.174533 -0.0315229 0.0267219 0.414991 -0.0434148 -0.101616 0.0714836 0.426539 0.443931 -0.349024 0.00237515 0.0336283 -24.5887 267.254 -36.0277 -0.0135752 0.0702159 -0.035338 0.0783997 -98.162 -19.083 
-0.00788666 0.146939 0.00117558 0.450502 -0.139696 0.332557 0.0579271 0.0734448 -0.174533 -0.0339044 0.004281 0.405427 -0.0627178 -0.105188 0.0417216 0.329583 0.416969 -0.348903 0.0519804 0.0586191 -24.4564 266.973 -35.9906 -0.0135752 0.0702159 -0.035338 0.0783997 -98.162 -19.083 
-0.0213498 0.118949 0 0.361092 -0.145569 0.343627 0.0635256 0.0452004 -0.174533 -0.0315085 0 0.413257 -0.0818986 -0.114504 0.0192299 0.346424 0.385616 -0.349066 0.0332301 0.0241313 -24.1023 266.7 -36.0176 -0.0135752 0.0702159 -0.035338 0.0783997 -98.162 -19.083 
-0.03681 0.112895 0 0.356184 -0.152328 0.349066 0.0297804 0.166048 -0.174533 -0.0361666 0 0.400933 -0.0820188 -0.118395 0.0111058 0.314184 0.388264 -0.349066 0.00347242 0 -23.9335 266.467 -36.1102 -0.0135752 0.0702159 -0.035338 0.0783997 -98.162 -19.083 
-0.0361273 0.11013 0 0.361357 -0.157429 0.349066 0.0317813 0.167006 -0.174533 -0.0376153 0 0.404993 -0.0755958 -0.121929 0.00547909 0.299665 0.386182 -0.349066 0.00103818 0 -23.7213 266.254 -36.0889 -0.0135752 0.0702159 -0.035338 0.0783997 -98.162 -19.083 
-0.0363975 0.10382 1.11906e-008 0.346053 -0.159213 0.349066 0.0216084 0.130228 -0.174533 -0.0308371 0 0.372697 -0.0741176 -0.120732 0.0290951 0.258354 0.384034 -0.349066 0 0 -23.676 266.065 -35.9429 -0.0135752 0.0702159 -0.035338 0.0783997 -98.162 -19.083 
-0.0347294 0.101926 0 0.341796 -0.156656 0.349066 0.0148476 0.134085 -0.174533 -0.0288159 0 0.373633 -0.0679984 -0.120448 0.0292026 0.263053 0.372574 -0.349066 0 0 -23.6328 265.992 -35.7174 -0.0135752 0.0702159 -0.035338 0.0783997 -98.162 -19.083 
-0.0295436 0.102114 0 0.344183 -0.155236 0.349066 0.00573624 0.132849 -0.174533 -0.0289825 0 0.372707 -0.064346 -0.123363 0.030755 0.267467 0.351217 -0.349066 0 0 -23.5869 265.838 -35.4555 -0.0135752 0.0702159 -0.035338 0.0783997 -98.162 -19.083 
-0.0354952 0.101199 0 0.324931 -0.15603 0.348642 0.00664476 0.124891 -0.173522 -0.0258888 0.000601066 0.36001 -0.059007 -0.12669 0.0320961 0.263538 0.347553 -0.348871 1.07739e-006 0.003077 -23.5996 265.696 -35.3192 -0.0135752 0.0702159 -0.035338 0.0783997 -98.162 -19.083 
-0.0387634 0.0912352 0 0.283342 -0.153272 0.34552 0.00111786 0.120263 -0.174533 -0.0207829 0.000154125 0.341663 -0.0436393 -0.129432 0.0129212 0.248068 0.321856 -0.349066 0 0.00633834 -23.5542 265.592 -35.0006 -0.0135752 0.0702159 -0.035338 0.0783997 -98.162 -19.083 
-0.0432375 0.0854544 0.000480817 0.275393 -0.155382 0.346528 0.00579955 0.124131 -0.174225 -0.0135392 0.00123452 0.333518 -0.0427179 -0.129092 0.00471406 0.235956 0.311659 -0.349057 0.00652914 0.00901004 -23.3848 265.522 -34.2351 -0.0135752 0.0702159 -0.035338 0.0783997 -98.162 -19.083 
-0.0439297 0.0853472 0.000491539 0.282214 -0.15548 0.348158 0.00309985 0.121405 -0.174109 -0.00396989 0.00059889 0.346263 -0.0396232 -0.127311 0.000994739 0.236211 0.289495 -0.348377 0.00301424 0.000945307 -23.3249 265.473 -34.0707 -0.0135752 0.0702159 -0.035338 0.0783997 -98.162 -19.083 
-0.0390736 0.0837564 0 0.246206 -0.160827 0.349066 0 0.0974996 -0.174533 0.0142296 0 0.344523 -0.0374027 -0.122236 0 0.22936 0.272453 -0.349066 0 0.000280199 -23.2548 265.454 -34.0369 -0.0135752 0.0702159 -0.035338 0.0783997 -98.162 -19.083 
-0.0412427 0.0828888 0.00533039 0.236262 -0.172806 0.349066 0.0143297 0.0838445 -0.174533 0.0369963 0.0271251 0.370585 -0.0246967 -0.111775 0.00058576 0.230227 0.262233 -0.349066 0.00805342 0.110169 -23.2636 265.415 -33.5113 -0.0135752 0.0702159 -0.035338 0.0783997 -98.162 -19.083 
-0.0322764 0.0937344 4.69024e-006 0.281079 -0.174533 0.349066 0.00606014 0.115579 -0.164979 0.0518899 0.0284869 0.581292 -0.00331826 -0.0848655 0.0168808 0.20743 0.257444 -0.338868 0.0388321 0.0631844 -23.2633 265.382 -33.3992 -0.0135752 0.0702159 -0.035338 0.0783997 -98.162 -19.083 
-0.10945 0.134205 0.156493 0.260276 -0.174533 0.343056 0.1096 0.17816 -0.170107 0.0659049 0.197344 0.857955 0.0262845 -0.0477513 0.0395945 0.317241 0.160267 -0.296084 0.291224 0.1325 -23.1804 265.366 -33.1419 -0.0135752 0.0702159 -0.035338 0.0783997 -98.162 -19.083 
-0.129359 0.126463 0.19703 0.364222 -0.0903018 0.348992 0.64434 0.168815 -0.161064 0.13748 0.513029 1.20879 0.171414 -0.0128342 0.0680138 0.968105 0.242936 -0.191202 0.251693 0.411807 -22.8981 265.373 -32.6687 -0.0135752 0.0702159 -0.035338 0.0783997 -98.162 -19.083 
0.256082 0.0791611 0.0438023 0.416707 0.0425366 0.327073 0.740167 0.486909 -0.0331069 0.214184 0.845819 1.19357 0.134462 0.106648 0.443894 1.11658 0.0580438 -0.0726938 0.745706 0.763439 -22.8315 265.386 -32.2067 -0.0135752 0.0702159 -0.035338 0.0783997 -98.162 -19.083 
0.242666 0.0251056 0.043286 0.372217 -0.0047426 0.340287 0.871654 1.53651 -0.0225264 0.242955 1.07203 1.28701 0.264239 0.115384 0.467068 1.09906 0.0836964 -0.0213742 0.838749 1.06982 -22.5119 265.52 -31.6671 -0.0135752 0.0702159 -0.035338 0.0783997 -98.162 -19.083 
0.218292 0.0103245 0.0579957 0.387615 -0.100818 0.339337 1.08369 1.49768 -0.0564166 0.163297 1.38541 1.371 0.181535 0.136867 0.87302 1.27707 -0.000986481 0.140867 1.39314 0.858446 -22.3 265.974 -31.1315 -0.0135752 0.0702159 -0.035338 0.0783997 -98.162 -19.083 
0.241828 0.0395793 0.107329 0.456825 -0.0997367 0.322085 1.32281 1.56136 -0.0766243 0.251456 1.66821 1.42955 0.204828 0.210724 1.16946 1.41402 -0.0185754 0.0392765 1.54367 0.999342 -22.0122 266.402 -30.6062 -0.0135752 0.0702159 -0.035338 0.0783997 -98.162 -19.083 
0.146136 0.0132041 0.250932 0.563494 -0.0253494 0.323034 1.55864 1.54945 -0.124473 0.273566 1.73596 1.28528 0.231889 0.248372 1.47541 1.49662 -0.0638756 -0.0482181 1.70871 0.859022 -21.9944 266.745 -27.3359 -0.0135752 0.0702159 -0.035338 0.0783997 -98.162 -19.083 
0.128414 0.0795597 0.347184 0.81899 -0.0306779 0.317611 1.73471 1.55829 -0.127803 0.228129 1.74508 1.3943 0.345977 0.329171 1.58074 1.52025 0.125722 -0.118113 1.73248 0.872751 -22.0778 267.032 -26.4407 -0.0135752 0.0702159 -0.035338 0.0783997 -98.162 -19.083 
-0.0369798 0.0955483 0.611272 0.856433 0.233295 0.197375 1.74526 1.57072 0.218988 0.332082 1.73191 1.55397 0.462945 0.331123 1.67836 1.53991 0.336724 -0.151926 1.68353 1.0551 -22.338 267.214 -26.4032 -0.0135752 0.0702159 -0.035338 0.0783997 -98.162 -19.083 
-0.0567008 0.100395 0.694468 1.06428 0.31735 0.308685 1.73827 1.48012 0.508605 0.336353 1.74388 1.51658 0.413382 0.298879 1.71329 1.4649 0.465292 -0.00127661 1.73756 1.25512 -22.3781 267.283 -26.402 -0.0135752 0.0702159 -0.035338 0.0783997 -98.162 -19.083 
-0.134394 0.0901 0.834005 1.43407 0.466573 0.302521 1.74533 1.56861 0.665966 0.34345 1.74533 1.46013 0.365158 0.346412 1.71894 1.48992 0.61506 0.0401782 1.74522 1.29991 -22.6505 267.341 -26.4373 -0.0135752 0.0702159 -0.035338 0.0783997 -98.162 -19.083 
-0.0214374 -0.0394375 0.663336 1.49492 0.568541 0.33841 1.74533 1.56728 0.712422 0.301907 1.69165 1.46758 0.570942 0.339565 1.7301 1.56523 0.705236 0.186893 1.66673 1.51405 -22.907 267.371 -27.6591 -0.0135752 0.0702159 -0.035338 0.0783997 -98.162 -19.083 
-0.132996 -0.153222 0.700151 1.5708 0.735226 0.349065 1.74524 1.5113 0.791811 0.344607 1.70616 1.44396 0.851104 0.341899 1.74473 1.49822 0.837917 0.316425 1.68719 1.5708 -22.8977 267.431 -29.2418 -0.0135752 0.0702159 -0.035338 0.0783997 -98.162 -19.083 
-0.0582975 -0.10773 0.735844 1.56153 0.957238 0.253522 1.74533 1.52475 0.975145 0.338026 1.74138 1.55247 0.891155 0.340856 1.74533 1.55254 0.867301 0.328334 1.74502 1.49942 -25.4453 267.424 -29.3889 -0.0135752 0.0702159 -0.035338 0.0783997 -98.162 -19.083 
0.0176081 -0.0844373 0.790419 1.51923 1.0468 0.316754 1.72181 1.56517 1.026 0.348925 1.74511 1.57018 1.25217 0.322393 1.74271 1.47592 0.918167 0.348953 1.74533 1.4726 -27.1012 266.995 -28.9755 -0.0135752 0.0702159 -0.035338 0.0783997 -98.162 -19.083 
0.0570686 -0.0711976 0.744931 1.55181 1.21569 0.346125 1.74497 1.5208 1.13164 0.196276 1.73702 1.51306 1.4416 0.275164 1.74532 1.2927 1.03365 0.345914 1.74467 1.54136 -27.6593 266.26 -28.5414 -0.0135752 0.0702159 -0.035338 0.0783997 -98.162 -19.083 
0.208002 0.0342477 0.832293 1.5533 1.38646 0.347057 1.73725 1.52595 1.23563 0.199473 1.74533 1.53089 1.57043 0.204254 1.74533 1.33168 1.31163 0.349005 1.72445 1.55557 -27.6724 265.851 -28.4051 -0.0135752 0.0702159 -0.035338 0.0783997 -98.162 -19.083 
0.114411 0.0492993 0.933502 1.5708 1.34608 0.336121 1.74382 1.38819 1.37459 0.152345 1.74533 1.57045 1.5708 0.240171 1.74533 1.36598 1.38753 0.344409 1.74533 1.56607 -27.576 264.996 -28.3289 -0.0135752 0.0702159 -0.035338 0.0783997 -98.162 -19.083 
0.0275492 0.00814138 0.977198 1.5708 1.27885 0.349066 1.74533 1.5708 1.45783 0.267902 1.74522 1.57073 1.5708 0.196075 1.74533 1.57048 1.56767 0.29015 1.74533 1.56866 -27.5313 264.294 -28.1524 -0.0135752 0.0702159 -0.035338 0.0783997 -98.162 -19.083 
0.0366666 0.00602655 0.908356 1.5708 1.26234 0.348926 1.74533 1.5708 1.46257 0.260095 1.74533 1.5436 1.5708 0.196635 1.74533 1.50268 1.57062 0.286836 1.74533 1.48381 -27.3421 263.495 -27.9147 -0.0135752 0.0702159 -0.035338 0.0783997 -98.162 -19.083 
-0.00382106 0.0210626 0.918845 1.5708 1.29449 0.319445 1.71387 1.54035 1.47415 0.211023 1.74533 1.51823 1.56219 0.204207 1.74533 1.37395 1.56418 0.281106 1.73851 1.51835 -27.342 263.003 -27.2908 -0.0135752 0.0702159 -0.035338 0.0783997 -98.162 -19.083 
0.0136653 0.0362027 0.866466 1.5708 1.37475 0.348222 1.7427 1.42836 1.48812 0.245755 1.74533 1.55144 1.56812 0.227849 1.74533 1.36413 1.55369 0.263502 1.74505 1.53586 -27.4746 262.635 -26.7122 -0.0135752 0.0702159 -0.035338 0.0783997 -98.162 -19.083 
0.0192179 -0.00836169 0.810817 1.5708 1.57048 0.342877 1.74533 1.16091 1.44646 0.244664 1.74533 1.51629 1.56788 0.293524 1.74533 1.46156 1.5704 0.152147 1.74533 1.5708 -28.1635 262.233 -26.098 -0.0135752 0.0702159 -0.035338 0.0783997 -98.162 -19.083 
-0.01629 -0.0557714 0.713573 1.5708 1.52137 0.348811 1.74533 1.04045 1.53731 0.245093 1.74533 1.47724 1.53611 0.300871 1.74533 1.45937 1.5708 0.126287 1.72324 1.54863 -26.6446 262.103 -26.7354 -0.0135752 0.0702159 -0.035338 0.0783997 -98.162 -19.083 
-0.0817648 -0.145666 0.642311 1.27883 1.56871 0.273809 1.74531 0.822336 1.46803 0.347272 1.74533 1.51353 1.21397 0.329162 1.74526 1.30461 1.52624 0.251283 1.74533 1.41609 -25.4094 262.026 -26.8974 -0.0135752 0.0702159 -0.035338 0.0783997 -98.162 -19.083 
-0.158746 -0.0505521 0.68409 1.13882 1.5708 0.32345 1.74533 0.799738 1.5708 0.313043 1.74533 1.56924 0.98468 0.269566 1.4579 1.38625 1.53091 0.109803 1.74473 1.36316 -24.6774 262.166 -26.8084 -0.0135752 0.0702159 -0.035338 0.0783997 -98.162 -19.083 
-0.120643 0.122574 0.812763 1.5708 1.43241 0.349066 1.74492 1.26331 1.3856 -0.153588 1.74533 1.35181 0.665093 0.162249 1.74528 1.54861 1.39174 0.164217 1.7397 1.43989 -23.9111 263.031 -25.9663 -0.0135752 0.0702159 -0.035338 0.0783997 -98.162 -19.083 
-0.0965701 0.0759787 0.600188 1.5708 0.978983 0.317399 1.70387 1.50901 1.10365 -0.269045 1.74533 1.53355 0.217463 0.206721 1.74533 1.48993 1.43267 0.227369 1.74531 1.43211 -23.4498 263.989 -25.2689 -0.0135752 0.0702159 -0.035338 0.0783997 -98.162 -19.083 
-0.174056 0.035193 0.349376 1.56967 0.623404 0.348913 1.63955 1.57077 0.867841 -0.278758 1.73914 1.57039 -0.0850885 0.146766 1.74512 1.4819 1.24401 0.207352 1.74509 1.27691 -23.298 264.731 -25.0287 -0.0135752 0.0702159 -0.035338 0.0783997 -98.162 -19.083 
-0.174422 0.027218 0.1934 1.53229 0.511173 0.317532 1.71756 1.56547 0.681397 -0.242845 1.7453 1.57078 -0.08853 0.205524 1.72597 1.54984 0.966592 0.1999 1.74533 1.38107 -22.7179 265.842 -23.6148 -0.0135752 0.0702159 -0.035338 0.0783997 -98.162 -19.083 
-0.0880843 0.0356636 0.165236 1.06068 0.24889 0.222676 1.72588 1.55465 0.552673 -0.225806 1.74533 1.4951 -0.174533 0.2637 1.74533 1.28097 0.391061 0.252068 1.7451 1.4616 -22.433 266.861 -22.4361 -0.0135752 0.0702159 -0.035338 0.0783997 -98.162 -19.083 
-0.174533 -0.0182411 0.306105 1.14987 -0.041868 0.161448 1.74277 1.5708 0.557295 -0.165035 1.71594 1.5708 -0.144976 0.174478 1.66049 1.51113 0.266302 0.331048 1.74483 1.57059 -22.0944 267.812 -20.9195 -0.0135752 0.0702159 -0.035338 0.0783997 -98.162 -19.083 
-0.174533 0.0192037 0.378215 1.21026 -0.10019 0.222691 1.7246 1.5708 0.456297 -0.127407 1.73803 1.54928 -0.121565 0.0693978 1.57538 1.5624 0.257904 0.290309 1.65005 1.56882 -21.1857 269.579 -21.4711 -0.0135752 0.0702159 -0.035338 0.0783997 -98.162 -19.083 
-0.0406584 0.00246167 0.100905 1.56055 -0.163946 0.34846 1.73727 1.50702 0.295956 -0.0894433 1.69012 1.5708 -0.170459 0.150263 1.47071 1.46327 0.0167094 0.300185 1.74533 1.52031 -20.3577 271.513 -21.4306 -0.0135752 0.0702159 -0.035338 0.0783997 -98.162 -19.083 
0.0292464 0.21636 0.256239 1.50901 -0.129594 0.27905 1.68721 1.54183 -0.0280626 -0.049112 1.72118 1.56737 -0.159847 0.111535 1.40311 1.49867 0.0927074 0.216137 1.70741 1.48435 -20.1792 272.571 -22.1071 -0.0135752 0.0702159 -0.035338 0.0783997 -98.162 -19.083 
0.0693878 0.28743 0.235932 1.42167 -0.172913 0.34011 1.57973 1.45276 -0.174533 0.0680353 1.43672 1.52862 -0.174533 0.20318 1.68562 1.49929 -0.120927 0.249236 1.66344 1.52549 -19.8987 273.123 -22.1112 -0.0135752 0.0702159 -0.035338 0.0783997 -98.162 -19.083 
0.0456099 0.281662 0.258544 1.42773 -0.174533 0.349066 1.28015 1.30532 -0.130095 0.158608 1.10296 1.48603 -0.174466 0.211666 1.28528 1.55707 -0.152136 0.187733 1.41372 1.50569 -19.3101 273.983 -22.3303 -0.0135752 0.0702159 -0.035338 0.0783997 -98.162 -19.083 
-0.0625633 0.25265 0.293197 1.26196 -0.0840595 0.32192 0.814335 1.45967 -0.174533 0.187875 0.932654 1.55786 -0.156853 0.183549 0.957219 1.52737 -0.15559 0.0919553 1.03826 1.49155 -18.9698 274.241 -22.4734 -0.0135752 0.0702159 -0.035338 0.0783997 -98.162 -19.083 
-0.141148 0.171395 0.295023 1.12912 -0.074637 0.318962 0.55453 1.44838 -0.174533 0.163607 0.773939 1.5708 -0.174502 0.197292 0.915035 1.56426 -0.106075 0.016177 1.03927 1.51402 -18.7071 274.439 -22.68 -0.0135752 0.0702159 -0.035338 0.0783997 -98.162 -19.083 
-0.174533 0.107883 0.304731 0.956136 -0.13241 0.332841 0.509458 1.01805 -0.174533 0.182233 0.685405 1.5708 -0.169608 0.21614 0.640431 1.51146 -0.170286 -0.093322 1.07623 1.53609 -18.4231 274.598 -22.7974 -0.0135752 0.0702159 -0.035338 0.0783997 -98.162 -19.083 
-0.169574 0.11095 0.361251 0.837885 -0.140352 0.305266 0.437036 0.691304 -0.15199 0.150733 0.552888 1.54468 -0.172027 0.167906 0.631677 1.54677 -0.139208 -0.130345 0.806097 1.56003 -18.1366 274.768 -22.8533 -0.0135752 0.0702159 -0.035338 0.0783997 -98.162 -19.083 
-0.0762852 0.142987 0.341302 0.735245 -0.174163 0.340844 0.553635 0.465099 -0.0824951 0.128779 0.321081 1.57048 -0.174533 0.0607987 0.558053 1.44211 -0.144614 -0.209791 0.883049 1.54666 -18.0602 274.821 -22.8529 -0.0135752 0.0702159 -0.035338 0.0783997 -98.162 -19.083 
-0.0745953 0.200782 0.395447 0.868741 -0.174533 0.30937 0.487261 0.672354 -0.0816369 0.0753318 0.221722 0.845189 -0.168774 -0.0218374 0.436186 1.2081 -0.165865 -0.259207 0.804357 1.55928 -17.6654 274.897 -22.9844 -0.0135752 0.0702159 -0.035338 0.0783997 -98.162 -19.083 
-0.0821508 0.199979 0.338889 1.02143 -0.174446 0.307165 0.47954 0.224321 -0.0921288 0.0725575 0.2192 0.735367 -0.174481 -0.0430414 0.387062 0.813078 -0.165816 -0.293128 0.81519 1.55853 -16.964 274.93 -23.1363 -0.0135752 0.0702159 -0.035338 0.0783997 -98.162 -19.083 
-0.096761 0.22803 0.32859 1.07978 -0.166872 0.341572 0.456187 0.14973 -0.137391 0.0882277 0.228559 0.419862 -0.16611 -0.0696949 0.345989 0.557314 -0.168246 -0.300436 0.807471 1.52859 -16.4664 274.936 -23.5221 -0.0135752 0.0702159 -0.035338 0.0783997 -98.162 -19.083 
-0.0830712 0.256446 0.322138 1.02771 -0.174224 0.348481 0.459577 0.154372 -0.164323 0.0872336 0.182774 0.312135 -0.155401 -0.082389 0.320804 0.479215 -0.170753 -0.344531 0.821029 1.55068 -16.1736 274.884 -23.8352 -0.0135752 0.0702159 -0.035338 0.0783997 -98.162 -19.083 
-0.0723093 0.264903 0.316032 1.03812 -0.174533 0.349066 0.445076 0.0975287 -0.163813 0.119016 0.151964 0.0847758 -0.153528 -0.0682638 0.324165 0.451146 -0.174533 -0.349066 0.802955 1.54838 -16.0554 274.764 -23.9751 -0.0135752 0.0702159 -0.035338 0.0783997 -98.162 -19.083 
-0.030104 0.282534 0.321144 1.02247 -0.174043 0.349066 0.410416 0.107974 -0.17353 0.147247 0.134637 0.0692892 -0.159337 -0.0649693 0.36316 0.431838 -0.170051 -0.347725 0.818044 1.51708 -15.9626 274.617 -24.0026 -0.0135752 0.0702159 -0.035338 0.0783997 -98.162 -19.083 
-0.00823976 0.280077 0.324858 1.04486 -0.174533 0.347122 0.427179 0.1033 -0.174533 0.156536 0.129888 0.03981 -0.161517 -0.0582037 0.369337 0.408664 -0.166818 -0.347685 0.804295 1.51596 -15.8484 274.05 -24.3345 -0.0135752 0.0702159 -0.035338 0.0783997 -98.162 -19.083 
0.000903586 0.279158 0.323443 1.05597 -0.174533 0.348173 0.431545 0.0904096 -0.174533 0.152167 0.135386 0.0389459 -0.163991 -0.0588345 0.380174 0.368745 -0.165851 -0.349066 0.836221 1.51972 -15.7773 273.719 -24.4498 -0.0135752 0.0702159 -0.035338 0.0783997 -98.162 -19.083 
