0.0180302 0.016129 0.0363553 0.211064 -0.10751 0.349066 0.00530879 0.631259 -0.174533 0.147268 0 0 -0.0654499 0.00712004 0 0.00517893 0.202481 -0.349066 0.0173666 0 -11.6765 278.785 -58.0073 0.0905305 0.0441088 -0.0916243 -0.1924 -98.777 -15.5879 
0.0724166 -0.00720528 0 0.0781925 -0.0614236 0.349039 0.0025957 0.120177 -0.172933 0.148989 0.00907712 0.211239 -0.0437307 0.0149108 0 0 0.134446 -0.349066 0 0 -11.059 279.376 -59.0797 0.0622444 0.00674832 -0.0755659 -0.1924 -98.777 -15.5879 
0.0767208 -0.00387366 0.000126321 0.010239 -0.0655387 0.349054 0.00132194 0 -0.174533 0.175674 0.00700898 0.222031 -0.0567636 0.0361828 0.0135723 0 0.12641 -0.349066 0.00612734 0 -11.2803 279.56 -58.8702 0.0606794 0.00941178 -0.0727508 -0.1924 -98.777 -15.5879 
0.0759759 -0.002378 0 0 -0.0715553 0.349066 0 0 -0.172396 0.178573 0.0222139 0.0881481 -0.0582441 0.0159293 0.0134548 0.0163049 0.154937 -0.349066 0 0 -11.2444 279.815 -58.8722 0.0668628 0.0162055 -0.066207 -0.1924 -98.777 -15.5879 
0.0495616 0.0179259 0.0333032 0.020101 -0.0734797 0.349066 0 0 -0.167582 0.158407 0.0400896 0.10451 -0.0437021 -0.00238955 0.0013686 0.0016585 0.187568 -0.349066 0.0154448 0 -11.2852 279.798 -58.6541 0.0647854 0.0328386 -0.054062 -0.1924 -98.777 -15.5879 
0.0606321 0.0228313 0.0255305 0.0692994 -0.0634854 0.349066 0 0 -0.173273 0.15616 0.0893118 0.0801536 -0.0433797 -0.00189226 0.00712094 0 0.189384 -0.349066 0.0421037 0 -11.4255 279.717 -59.2802 0.0620621 0.030908 -0.0535227 -0.1924 -98.777 -15.5879 
0.0364862 0.0290236 0.0419927 0.145385 -0.0699599 0.349066 0 0 -0.173969 0.154219 0.101233 0.0653919 -0.0315785 -0.00981596 0.00339783 0 0.197277 -0.349066 0.0677261 0 -11.5194 280.061 -59.9172 0.0648161 0.0371723 -0.0531451 -0.1924 -98.777 -15.5879 
0.0364862 0.0270259 0.0419927 0.194519 -0.0802445 0.349066 0.0422263 0 -0.173969 0.147777 0.101233 0.0653919 -0.0193145 -0.00981596 0.00339783 0 0.215836 -0.349066 0.0475479 0 -11.5194 280.061 -59.9172 0.0648161 0.0371723 -0.0531451 -0.1924 -98.777 -15.5879 
0.0364862 0.0208587 0.0419927 0.207694 -0.0802445 0.349066 0.0422263 0.0532741 -0.173969 0.145833 0.101233 0.0653919 -0.0102361 -0.01417 0.00339783 0 0.233047 -0.349066 0.00301496 0 -11.5194 280.061 -59.9172 0.0648161 0.0371723 -0.0531451 -0.1924 -98.777 -15.5879 
0.0225801 0.0101016 0.0606577 0.1153 -0.085676 0.349066 0.0503746 0.033839 -0.173786 0.121597 0.102308 0.0985529 -0.0111166 -0.0215685 0.00231843 0 0.25 -0.349066 0 0 -11.4407 279.891 -59.9807 0.062559 0.0415686 -0.0505208 -0.1924 -98.777 -15.5879 
-0.0137588 -0.0379106 0.0819546 0.0397925 -0.157733 0.302282 0.221845 0 -0.168053 0.0501336 0.0139132 0.391678 -0.0115174 -0.0701157 0.000999896 0.0118041 0.224058 -0.348937 0.00396486 0.0189122 -9.12396 282.492 -61.836 0.074753 0.0361988 -0.0111116 -0.1924 -98.777 -15.5879 
-0.114373 -0.0449119 0 0.305515 -0.172172 0.333767 0.00298375 0.264164 -0.174533 0.0733577 0.00598487 0.416744 -0.00830806 -0.0128525 0 0 0.266243 -0.331051 0.0203273 0.00285813 -1.01463 281.621 -61.6518 0.0760822 0.101117 -0.012487 -0.1924 -98.777 -15.5879 
-0.1614 -0.0486899 0.0517078 0.0908403 -0.174533 0.349066 0 0 -0.174533 0.0785393 0.00304355 0.422637 -0.0152673 -0.0117288 0 0 0.294901 -0.349066 0 0.00918124 4.47914 282.818 -60.7723 0.0778429 0.126288 -0.0146525 -0.1924 -98.777 -15.5879 
-0.166069 -0.100875 0 0.0075578 -0.174533 0.349066 0 0 -0.172641 0.0847548 0.025667 0.448097 -0.0192405 -0.0345041 0 0 0.269672 -0.348876 0.132944 0 8.8966 283.32 -62.144 0.0736745 0.149425 -0.0167629 -0.1924 -98.777 -15.5879 
-0.174533 -0.137246 0 0 -0.173412 0.31471 0 0 -0.174533 0.0192577 0 0.393239 0.0261594 -0.0695986 0 0 0.282692 -0.349066 0.142644 0 11.9643 284.075 -64.3026 0.0652982 0.181403 -0.00398958 -0.1924 -98.777 -15.5879 
-0.117828 -0.205386 0.00116135 0 -0.128523 0.263083 0.0730954 0.00010968 -0.136806 -0.0540677 0.0699655 0.105312 0.037896 -0.0934063 0 0.250337 0.35719 -0.349066 0.0385858 0.0549231 15.2442 284.481 -64.232 0.0362971 0.152115 -0.000715559 -0.1924 -98.777 -15.5879 
-0.174533 -0.20944 0.0314662 0.0116433 -0.1709 0.161055 0.0714971 0.170061 -0.167397 -0.125909 0.168534 0.138319 0.0724116 -0.166055 0 0 0.492427 -0.349066 0.00331279 0 17.7083 283.615 -62.2044 0.0303175 0.221496 0.0275839 -0.1924 -98.777 -15.5879 
-0.170763 -0.209176 0 0 -0.168157 0.120874 0.0630723 0.193217 -0.164599 -0.130739 0.189115 0.0259389 0.0759353 -0.177265 0.000648179 0 0.490138 -0.349066 0.0291879 0 25.5562 284.661 -61.5318 0.0265902 0.230615 0.030304 -0.1924 -98.777 -15.5879 
-0.167887 -0.181979 0.0233664 0.0794497 -0.174533 0.150109 0.174776 0.0329581 -0.115477 -0.0243637 0.0309476 0 0.0168502 -0.169352 0.0233975 0 0.432637 -0.349065 0 0.0433717 26.1135 284.13 -62.3877 0.0194455 0.184672 0.00506603 -0.1924 -98.777 -15.5879 
-0.174533 -0.208685 0 0 -0.174185 0.178557 0.102587 0.271017 -0.114223 0.0157124 0.0343795 0.323325 0.0605463 -0.137366 0 0 0.441531 -0.349066 0.0216684 0 37.5007 284.8 -60.1144 0.0123747 0.194421 -0.00293072 -0.1924 -98.777 -15.5879 
-0.121829 -0.20944 0.0018773 0.000572353 -0.166306 0.221927 0.0221582 0.655682 -0.146992 0.0197592 0.187341 0.2017 0.0706205 -0.162485 0 0 0.390644 -0.349066 0.0551095 0.0777366 37.5467 285.619 -60.4166 0.00952122 0.190238 -0.00829137 -0.1924 -98.777 -15.5879 
-0.102917 -0.20944 0.00571078 0.0349181 -0.152121 0.209645 0.107962 0.294576 -0.145576 -0.00460957 0.139774 0.365349 0.0408463 -0.176854 0.00737046 0.0138074 0.353641 -0.349066 0 8.77927e-005 38.7719 284.447 -61.511 0.0140381 0.162108 -0.00702069 -0.1924 -98.777 -15.5879 
-0.0963065 -0.188407 0 0 -0.171983 0.23203 0.00921639 0.355511 -0.171498 0.0838208 0.0309438 0.179969 -0.0874667 -0.128202 0.0355779 0.0524749 0.154593 -0.348899 0 0.1235 50.0575 284.414 -60.2651 0.0623848 0.104586 -0.0348889 -0.1924 -98.777 -15.5879 
-0.173961 -0.157816 0.00968674 0.0270192 -0.166716 0.252241 0 0.336225 -0.172401 0.0650479 0.0389708 0.261546 -0.138409 -0.102844 0.199 0 0.102825 -0.349066 0.0596579 0.0506194 58.3784 285.552 -58.3014 0.0595729 0.149553 -0.0291321 -0.1924 -98.777 -15.5879 
-0.174533 -0.152816 0.00911776 0.00316108 -0.174445 0.288238 0 0.297769 -0.174533 0.0618654 0.0512862 0 -0.158061 -0.0365429 0.20768 0 0.105398 -0.349066 0.0654485 0.0297007 61.6463 285.837 -58.2487 0.0776682 0.160793 -0.0154709 -0.1924 -98.777 -15.5879 
-0.173747 -0.118819 0.0137971 0.0303393 -0.174533 0.316111 0.00268561 0.205217 -0.167694 0.058342 0.018141 0.0992643 -0.112144 -0.00670255 0.143581 0 0.18613 -0.349066 0 0.0127927 61.9217 285.731 -58.6451 0.0832503 0.182258 -0.0199278 -0.1924 -98.777 -15.5879 
-0.174533 -0.0811233 0 0.323482 -0.173275 0.330216 0.0721229 0 -0.174533 0.057563 0.044015 0.0508904 -0.0641903 -0.00969938 0.0216541 0 0.208432 -0.349066 0.0129279 0.00890009 61.0964 285.849 -58.9604 0.0861105 0.169324 -0.027634 -0.1924 -98.777 -15.5879 
-0.173436 -0.0557008 0 0.409143 -0.17372 0.348948 0.0849914 0.110447 -0.174533 0.0653001 0.0378182 0.0930418 -0.0478576 -0.0144857 0 0 0.228071 -0.335955 0.0176752 0 60.9475 285.881 -58.8263 0.0874778 0.163563 -0.0301713 -0.1924 -98.777 -15.5879 
-0.109374 -0.0421983 0.000189121 0.270074 -0.137435 0.349066 0.0049656 0 -0.174533 0.0556245 0 0.212991 -0.051536 -0.0312601 0 0 0.240673 -0.349066 0 0 55.3131 288.102 -58.4368 0.0879601 0.151607 -0.0192578 -0.1924 -98.777 -15.5879 
-0.132891 -0.0143814 0.0874427 0 -0.167325 0.349066 0.0232893 0.0590998 -0.174533 0.0673907 2.94711e-005 0.0368167 -0.0586603 -0.0216672 0 0 0.199503 -0.34116 0 0.0459031 49.3698 287.658 -58.1694 0.104167 0.136855 -0.0205081 -0.1924 -98.777 -15.5879 
-0.0184 -0.0245189 0.000291583 0.0666646 -0.166024 0.349066 0.0833952 0.0981511 -0.17269 0.113497 0.00250778 0.0876212 -0.0462313 -0.0185213 0.00915026 0.0147698 0.188104 -0.344641 0 0.211938 43.1838 287.912 -59.4183 0.0845469 0.0985134 -0.0331361 -0.1924 -98.777 -15.5879 
0.0708472 -0.038295 0 0 -0.142671 0.342249 0 0.358543 -0.174279 0.100131 0 0.374179 -0.139307 -0.00944018 0.198942 0 0.0836816 -0.348687 0.155247 0.195206 42.0213 287.921 -58.1525 0.0978011 0.0480753 -0.00569785 -0.1924 -98.777 -15.5879 
0.209441 -0.0371325 0 0.0357897 -0.150031 0.32778 0.197762 0.474706 -0.174533 0.0710518 0.0296735 0.741 -0.146734 -0.00268885 0.167543 0.122074 0.00882905 -0.349066 0.0790145 0.518198 35.1666 288.143 -57.5753 0.101084 -0.0135691 0.0177349 -0.1924 -98.777 -15.5879 
0.241257 -0.0347259 0.000945759 0.0646515 -0.161271 0.349066 0.205048 0 -0.173082 0.0670795 0.0200464 0.664688 -0.113274 -0.0232914 0.0135381 0.00842958 -0.00228957 -0.349066 0 0.435657 31.2365 288.5 -57.4938 0.120302 -0.0317303 0.0386493 -0.1924 -98.777 -15.5879 
0.0461022 0.0179188 0.0992641 0.137825 -0.100716 0.349066 0 0.309181 -0.174533 0.0917455 0.121275 0.309195 -0.0866674 -0.039297 0.0845792 0 0.096467 -0.349066 0 0.175357 26.6685 286.73 -56.6813 0.0963892 0.0295541 0.0435193 -0.1924 -98.777 -15.5879 
-0.0112306 0.0547642 0.1749 0.0396474 -0.0893881 0.347219 0.133158 0 -0.174533 0.147221 0.00329074 0.404359 -0.091858 -0.0215564 0.133246 0 0.0868105 -0.335625 0.0630794 0 21.394 285.965 -58.227 0.0932135 0.0315861 0.0152966 -0.1924 -98.777 -15.5879 
-0.154496 0.0587501 0.241179 0.322073 -0.134259 0.317817 0.064285 0.0476961 -0.174533 0.160069 0 0 -0.0919574 -0.0871152 0 0.035617 0.0665099 -0.348397 0.0599057 0.0418536 10.5574 284.417 -58.6094 0.099949 0.0723252 0.0203538 -0.1924 -98.777 -15.5879 
-0.0932615 0.0956396 0.385615 0.0280459 -0.0654488 0.335932 0.0671601 0.0579183 -0.162566 0.145442 0.107101 0.0104728 -0.101543 -0.0698871 0.111873 0 0.0589702 -0.349025 0.0732084 0 0.632567 285.143 -58.2525 0.0770525 -0.004421 0.0236291 -0.1924 -98.777 -15.5879 
-0.00635946 0.183456 0.367701 0.0660956 -0.0718834 0.347437 0 0 -0.174533 0.249708 0.0740969 0 -0.0880575 -0.0987383 0.127094 0.14513 -0.0184205 -0.348447 0.0449321 0.006337 0.841235 281.13 -58.2997 0.0753556 -0.0163945 0.0378082 -0.1924 -98.777 -15.5879 
-0.00230236 0.137193 0.171937 0.211256 -0.113177 0.349066 0.0286271 0.0474083 -0.174533 0.255448 0.147494 0.000897213 -0.018387 -0.00127716 0.0463451 0.0765273 -0.039656 -0.349055 0.297036 0.117593 -3.78906 282.836 -56.8954 0.049164 0.0257961 0.047268 -0.1924 -98.777 -15.5879 
-0.0409565 0.120637 0.132347 0.302752 -0.121577 0.349066 0 0.13183 -0.174474 0.235566 0.173586 0.0122762 -0.0435648 0.0572182 0.029711 0.0982631 -0.0307991 -0.346614 0.410759 0.0853756 -3.7893 282.678 -56.4214 0.0486016 0.0289415 0.0538645 -0.1924 -98.777 -15.5879 
-0.1069 0.151249 0.34365 0.0483307 -0.153275 0.349066 0.027825 0.123048 -0.174533 0.174345 0.0998131 0.469021 -0.107107 0.0320454 0 0.30293 -0.146702 -0.349066 0.587823 0 -11.7267 284.27 -55.8637 0.0843489 -0.00919819 0.0890989 -0.1924 -98.777 -15.5879 
-0.0783771 0.104297 0.252692 0.000520475 -0.174533 0.349066 0.0704158 0 -0.174533 0.112735 0.0940839 0.347714 -0.131581 0.00273364 0 0 -0.152369 -0.348722 0.602468 0 -12.8291 285.424 -58.7392 0.116891 0.000877018 0.111677 -0.1924 -98.777 -15.5879 
-0.0810069 0.0997004 0.23013 0.102347 -0.17264 0.349066 0.0992408 0.132314 -0.174533 0.117623 0.00352034 0.492133 -0.138089 0.0368191 0.0422748 0.00735316 -0.147629 -0.311002 0.532556 0.0251317 -15.9793 284.532 -59.7602 0.126597 -0.0101863 0.0892739 -0.1924 -98.777 -15.5879 
-0.0190681 0.06397 0.223821 0 -0.174533 0.349066 0.255994 0 -0.146393 0.103585 0 0.43437 -0.108841 0.0332834 0.0296863 0.148551 -0.0509688 -0.349066 0.395463 0 -17.6527 283.076 -61.1139 0.105157 -0.0319877 0.0982211 -0.1924 -98.777 -15.5879 
-0.0703398 0.0706238 0.338041 0.0543938 -0.157168 0.349066 0.252904 0 -0.163502 0.0948726 0.0120615 0.332116 -0.174533 0.0209872 0.142695 0.131893 -0.0769406 -0.349066 0.428189 0 -22.9616 283.356 -62.3218 0.114617 -0.0507246 0.106022 -0.1924 -98.777 -15.5879 
-0.149039 0.0341219 0.367147 0.102238 -0.145794 0.347501 0 0.0154377 -0.165729 0.0744039 0 0.72131 -0.144749 -0.0277786 0.0620767 0.0111412 0.112022 -0.349066 0.182734 0 -24.1378 284.472 -61.343 0.1234 0.00759167 0.113174 -0.1924 -98.777 -15.5879 
-0.109458 0.00869562 0.246469 0.0019187 -0.169889 0.349066 0 0 -0.12461 0.0810165 0.0178165 0 -0.0784827 0.0148033 0 0 0.286279 -0.322263 0 0 -27.629 285.69 -61.8316 0.13622 0.0486738 0.0955819 -0.1924 -98.777 -15.5879 
-0.0991817 0.00891922 0.118085 0.0324036 -0.172508 0.329055 0 0.0472898 -0.122226 0.0489457 0.0650104 0 -0.0457043 -0.0107958 0 0 0.274566 -0.33637 0.0404568 0.0454494 -30.2528 286.853 -65.7072 0.132497 0.0842094 0.115908 -0.1924 -98.777 -15.5879 
-0.0926322 0.00454125 0.1291 0.0339787 -0.168098 0.330165 0.0515024 0.0676846 -0.121334 0.0512493 0.065359 0 -0.0316417 -0.0127503 0 0 0.26841 -0.336143 0.0376519 0.0477735 -30.2134 286.999 -65.5039 0.13389 0.0808737 0.116196 -0.1924 -98.777 -15.5879 
-0.0551819 -0.0495273 0.0531256 0.0806198 -0.15865 0.31416 0.0581907 0.0676846 -0.121334 0.0512493 0.065359 0 -0.0187865 -0.013763 0 0 0.276244 -0.349066 0.0420122 0 -30.2134 286.999 -65.5039 0.13389 0.0808737 0.116196 -0.1924 -98.777 -15.5879 
-0.0671311 -0.108781 0.0248609 0.022916 -0.174533 0.276615 0.0667609 0.0521256 -0.129108 0.0475367 0.068096 0 -0.00710155 -0.0433469 0 0 0.282652 -0.349066 0.0498653 0 -28.9606 287.327 -65.3272 0.137055 0.0837105 0.115415 -0.1924 -98.777 -15.5879 
-0.0797045 -0.137976 0.0225433 0.0046577 -0.174533 0.227635 0.0566538 0.0540538 -0.147769 0.0197408 0.0640529 0.105463 -0.00599391 -0.0686782 0.000931434 1.18061e-005 0.303213 -0.349066 0.012279 0 -28.8475 286.501 -65.281 0.137256 0.0802521 0.116555 -0.1924 -98.777 -15.5879 
-0.148938 -0.144154 0.00236857 0.00751619 -0.174533 0.175498 0.000474954 7.55794e-005 -0.148753 -0.0307476 0 0.140634 -0.0212825 -0.0973743 0.00427167 0 0.381229 -0.348914 0.0034159 0.028604 -27.8826 286.76 -62.4609 0.133848 0.122179 0.124641 -0.1924 -98.777 -15.5879 
-0.130092 -0.122726 0.0430326 0.0308133 -0.127214 0.214418 2.60841e-005 0.0279209 -0.118412 -0.0244051 0.000780767 0.135376 -7.47287e-005 -0.0839098 0.0011289 0.0144893 0.372617 -0.349066 0 0 -22.5469 287.48 -67.1802 0.108059 0.083436 0.0907014 -0.1924 -98.777 -15.5879 
-0.133837 -0.151372 0.0496325 0.00676512 -0.0873875 0.305195 4.32018e-007 0.216562 -0.0465672 -0.0545816 0.00534128 0.400165 0.0134596 -0.0910903 0.0495362 0.492038 0.429412 -0.349066 0 0 -11.8356 285.829 -64.895 0.0469009 0.0914814 0.0745457 -0.1924 -98.777 -15.5879 
-0.0794494 -0.180743 0.0270657 0 -0.0860347 0.290139 0.0894903 0.247359 -0.00780112 -0.0418187 0.0628763 0 0.0572866 -0.105116 0.0111785 0.397681 0.434845 -0.349066 0.0557132 0.083149 -12.3945 284.134 -65.0966 0.0193652 0.0776203 0.0737696 -0.1924 -98.777 -15.5879 
-0.127295 -0.20944 0 0.191203 -0.158066 0.238693 0.165507 0 -0.0233192 -0.0744969 0 0 -0.014279 -0.150085 0.0154801 0.546145 0.427007 -0.349066 0.0152711 0 -11.9382 282.401 -63.7233 0.0600354 0.0843963 0.0984069 -0.1924 -98.777 -15.5879 
-0.162978 -0.186043 0.00218649 0.172068 -0.160368 0.22037 0.174022 0 -0.0525128 -0.0591766 0.00916736 0 -0.0040563 -0.121591 0 0.341742 0.428701 -0.349066 0 0 -6.2708 282.282 -63.8676 0.0657519 0.0853014 0.100157 -0.1924 -98.777 -15.5879 
-0.174533 -0.207816 0 0.0120804 -0.13934 -0.018841 0.103445 0.0406634 -0.0131032 -0.18895 0.118706 0.0581062 0.261967 -0.243161 0 0 0.845165 -0.349066 0.000700642 0 -9.61074 287.065 -59.0138 0.0449694 0.253215 0.216547 -0.1924 -98.777 -15.5879 
-0.174533 -0.208446 0 0.0190867 -0.173242 -0.00551643 0.134047 0 -0.0467686 -0.185133 0.0207753 0.253613 0.154746 -0.244591 0 0.0252192 0.695012 -0.349066 3.32016e-005 0 -10.3994 286.51 -59.8004 0.0681098 0.162091 0.192913 -0.1924 -98.777 -15.5879 
-0.174533 -0.208089 5.97026e-005 0 -0.174533 0.0456809 0.247368 0 -0.0592179 -0.17454 0 0.276161 0.116699 -0.229498 0 0.0035011 0.654784 -0.349066 0 0 -10.3991 286.261 -60.1311 0.0714493 0.0799332 0.188516 -0.1924 -98.777 -15.5879 
-0.174533 -0.198619 0 0 -0.174533 0.138164 0.170483 0.212708 -0.102191 -0.152381 0.0367223 0.0463422 0.0781659 -0.205781 0 0.10717 0.588096 -0.349066 0 0 -9.91395 285.709 -60.3834 0.0870553 0.0311705 0.172011 -0.1924 -98.777 -15.5879 
-0.174533 -0.178603 0 0 -0.170315 0.14209 0.124372 0.151783 -0.117947 -0.136211 0 0.189122 0.073726 -0.177891 0 0 0.543807 -0.349065 0 0 -9.53025 285.719 -60.6722 0.0951352 -0.0309612 0.176785 -0.1924 -98.777 -15.5879 
-0.174533 -0.168153 0 0 -0.174523 0.141568 0.0449821 0.14904 -0.131796 -0.107805 0 0.226775 0.0236296 -0.140199 0.105581 0 0.507787 -0.349066 0 0 -9.86525 285.242 -60.65 0.0957613 -0.0808662 0.169441 -0.1924 -98.777 -15.5879 
-0.174533 -0.168124 0 0 -0.174523 0.141786 0 0.088765 -0.131801 -0.104196 0 0.226484 0.039648 -0.112937 0.105583 0 0.610633 -0.349066 0 0.328241 -9.86509 285.246 -60.6488 0.0958003 -0.0809226 0.169459 -0.1924 -98.777 -15.5879 
-0.173663 -0.164033 0 0 -0.174533 0.154565 0 0 -0.172997 -0.086589 0.130822 0.174278 0.063508 -0.0901975 0.0154315 0.15849 0.629302 -0.349066 0.00468925 0 -8.55813 285.255 -61.4551 0.0992349 -0.121764 0.177011 -0.1924 -98.777 -15.5879 
-0.174424 -0.147948 0 0 -0.174533 0.149674 0 0.017947 -0.165917 -0.0761112 0.173124 0.0710975 0.0870963 -0.0654985 0.00498657 0.211645 0.680831 -0.349066 0 0 -7.84367 285.075 -61.6493 0.0910468 -0.131277 0.173904 -0.1924 -98.777 -15.5879 
-0.165833 -0.134231 0.00957645 0.0322647 -0.156318 0.138802 0 0 -0.142172 -0.0567567 0.212892 0.168276 0.105493 -0.0565692 0 0.0808848 0.701475 -0.349066 0.00766299 0 -7.09666 285.6 -61.9282 0.0889343 -0.185029 0.167031 -0.1924 -98.777 -15.5879 
-0.174533 -0.143847 0 0 -0.17066 0.127564 0 0 -0.140443 -0.0459922 0.228833 0.144902 0.118381 -0.0500205 0 0.0275726 0.739756 -0.3475 0 0 -7.3269 285.292 -61.8603 0.0854132 -0.214335 0.164119 -0.1924 -98.777 -15.5879 
-0.174533 -0.0997127 0 0 -0.174533 0.151788 0 0.191102 -0.15814 -0.0325792 0.221782 0.179835 0.123251 -0.0390256 0 0 0.708373 -0.349066 0 0 -7.24373 283.163 -61.6765 0.0822745 -0.238303 0.157032 -0.1924 -98.777 -15.5879 
-0.174533 -0.0957488 0 0 -0.174533 0.163364 0 0 -0.15814 -0.0325792 0.221782 0.179835 0.123251 -0.0390256 0 0 0.708373 -0.349066 0 0 -7.24373 283.163 -61.6765 0.0822745 -0.238303 0.157032 -0.1924 -98.777 -15.5879 
-0.172684 -0.077771 0.0140195 0.0683235 -0.174533 0.192045 0.0375954 0 -0.148429 -0.0191345 0.192861 0.273098 0.104097 -0.0261288 0 0 0.642762 -0.342357 0 0.00752825 -7.17135 283.133 -61.6503 0.0813161 -0.291141 0.155607 -0.1924 -98.777 -15.5879 
-0.169417 -0.0493505 0 0.0822545 -0.174533 0.220607 0 0 -0.149423 -0.00350509 0.187628 0.221493 0.103177 -0.026404 0 0 0.644824 -0.301383 0 0 -7.02916 283.364 -61.7122 0.0828573 -0.292756 0.155787 -0.1924 -98.777 -15.5879 
-0.143025 -0.0633253 0 0 -0.174533 0.237283 0 0 -0.152264 0.00905707 0.167807 0.200828 0.115997 -0.014153 0 0 0.625514 -0.278446 0.0149624 0 -6.68303 283.432 -61.4657 0.0831965 -0.318769 0.151552 -0.1924 -98.777 -15.5879 
-0.173448 -0.0662526 0.00607967 0 -0.174533 0.24165 0 0 -0.174533 0.00900688 0.146289 0.344192 0.0931885 -0.0123791 0 0 0.620963 -0.318332 0.00189899 0 -6.46721 283.159 -61.7773 0.0920577 -0.332148 0.153128 -0.1924 -98.777 -15.5879 
-0.173843 -0.0987873 0 0 -0.174533 0.256173 0 0 -0.174457 0.0171479 0.138594 0.256041 0.0347854 -0.0307215 0.00425564 0.168073 0.508851 -0.348198 0.000205072 0.0781695 -6.76174 283.77 -61.8395 0.0917291 -0.329787 0.148943 -0.1924 -98.777 -15.5879 
-0.173857 -0.109401 0.0003876 0.00826621 -0.174533 0.232761 0 0 -0.174454 0.005245 0.137486 0 -0.00300585 -0.0470122 0 0.157669 0.427172 -0.349066 0.000205131 0 -6.75577 283.768 -61.8401 0.0917747 -0.329789 0.148972 -0.1924 -98.777 -15.5879 
-0.172468 -0.0947039 0.000531582 0 -0.174533 0.257416 0 0 -0.170589 0.0502994 0.168014 0 0.0174554 -0.0246679 0 0 0.403029 -0.347251 0 0.00484052 -5.14103 283.548 -61.4344 0.0779221 -0.300618 0.121837 -0.1924 -98.777 -15.5879 
-0.174533 -0.091878 0.0272054 0.127133 -0.174533 0.193791 0 0 -0.174533 0.0179538 0.166583 0 -0.026764 -0.0716317 0.0397343 0.0308621 0.347094 -0.349066 0 3.18359e-005 -4.75038 283.346 -61.408 0.0775016 -0.305917 0.12693 -0.1924 -98.777 -15.5879 
-0.167757 -0.0782195 0.0748076 0.241634 -0.173698 0.153974 0.0286438 0 -0.174533 -0.0230651 0.219687 0.0164066 0.0116252 -0.10846 0.017278 0 0.410513 -0.349066 0 0 -4.70392 283.39 -61.854 0.074996 -0.281792 0.117147 -0.1924 -98.777 -15.5879 
-0.127142 -0.0986953 0.126132 0 -0.16955 0.146308 0.0195123 0.02607 -0.172347 -0.0405153 0.166404 0 -0.0601424 -0.0447862 0.050162 0 0.259708 -0.340473 0.00540596 0.137624 -4.562 283.579 -62.3017 0.0916121 -0.28091 0.0999399 -0.1924 -98.777 -15.5879 
-0.0945406 -0.103299 0.117307 0.0227634 -0.173946 0.170611 0.0478519 0.215515 -0.167616 -0.0258217 0.117716 0.243929 -0.0549997 -0.0715642 0.0251668 0.148126 0.176113 -0.349066 0 0 -3.4687 284.193 -61.957 0.0964478 -0.272123 0.0864848 -0.1924 -98.777 -15.5879 
-0.0684764 -0.107144 0.0666004 0.207852 -0.173941 0.170343 0.0370115 0.0330053 -0.174533 -0.0335356 0.121458 0.0124488 -0.0729585 -0.110341 0 0.128053 0.125116 -0.349066 0.0188748 0 -3.75405 284.327 -61.8984 0.109711 -0.250799 0.0753479 -0.1924 -98.777 -15.5879 
-0.0864237 -0.0695444 0.085752 0.409268 -0.174346 0.223471 0 0 -0.174124 -0.0100481 0.0247113 0 -0.120338 -0.10961 0.00503111 0.0321834 0.0367707 -0.349066 0.126043 0 -3.29801 283.169 -61.8331 0.121653 -0.241068 0.053435 -0.1924 -98.777 -15.5879 
-0.0738672 -0.0591865 0.162563 0.200052 -0.174438 0.228607 0.0117518 0 -0.174496 -0.00580835 0 0.00307845 -0.152676 -0.137702 0 0.0191147 -0.00277009 -0.349066 0.0133512 0.154492 -3.68251 282.933 -61.819 0.140434 -0.226681 0.0386067 -0.1924 -98.777 -15.5879 
-0.0297265 -0.0541423 0.235732 0.0462717 -0.17205 0.204803 0.0747333 0 -0.17101 -0.0162458 0 0.00228405 -0.169813 -0.162227 0.0127791 0 -0.0255206 -0.349066 0.0438545 0.0129924 -3.71482 282.573 -61.7851 0.140156 -0.219164 0.0396064 -0.1924 -98.777 -15.5879 
-0.0127765 -0.0776204 0.223112 0.00172667 -0.174516 0.192129 0.100809 0.0748873 -0.170149 -0.0208521 0 0.0364033 -0.156623 -0.182101 0.0413087 0 -0.0424063 -0.349066 0.149873 0 -3.73426 282.501 -61.7889 0.139723 -0.184887 0.0393936 -0.1924 -98.777 -15.5879 
0.0334481 -0.0802418 0.225065 0.0261549 -0.143626 0.188977 0.110001 0.000154605 -0.169841 -0.0212143 0 0.0329516 -0.155713 -0.191457 0.0476305 0.0186201 -0.0420583 -0.349066 0.133072 0 -3.73683 282.497 -61.7756 0.139563 -0.184698 0.0394975 -0.1924 -98.777 -15.5879 
0.0992451 -0.108331 0.130663 0.0919699 -0.153386 0.201388 0.157255 0.123337 -0.171381 -0.00867483 0 0.0260835 -0.148433 -0.186238 0.0478157 0.0253786 -0.0543715 -0.349066 0.127719 0 -3.70769 282.411 -61.8044 0.142901 -0.175599 0.0350797 -0.1924 -98.777 -15.5879 
0.125279 -0.102356 0.134275 0.0478156 -0.148729 0.219314 0.186209 0.0787825 -0.169014 -0.00499206 0 0.083476 -0.148973 -0.180691 0.0589142 0.0166081 -0.0569243 -0.349066 0.120683 0 -3.68287 282.411 -61.8409 0.140756 -0.176913 0.0269225 -0.1924 -98.777 -15.5879 
0.119759 -0.0695303 0.179431 0.0458023 -0.159591 0.243206 0.269268 0.000445061 -0.170537 0.0123537 0 0.136993 -0.150986 -0.151871 0.054119 0.0185556 -0.0794889 -0.349066 0.0579591 0.0420769 -3.77603 281.928 -61.6725 0.136816 -0.185286 0.0160343 -0.1924 -98.777 -15.5879 
0.119759 -0.0695303 0.179431 0.0458023 -0.148488 0.250104 0.269268 0.000445061 -0.170537 0.0123537 0 0.136993 -0.150986 -0.144915 0.054119 0.0185556 -0.0794889 -0.349066 0.0579591 0.0420769 -3.77603 281.928 -61.6725 0.136816 -0.185286 0.0160343 -0.1924 -98.777 -15.5879 
0.138015 -0.0614549 0.161699 0.0308703 -0.153698 0.258388 0.292261 0.000609795 -0.16979 0.0204771 0.0172858 0.0908426 -0.155142 -0.135469 0.0511288 0 -0.0807531 -0.349066 0.0751257 0.0679096 -3.69356 281.854 -61.6866 0.141028 -0.185038 0.0172713 -0.1924 -98.777 -15.5879 
0.176698 -0.0683958 0.117506 0.0140329 -0.131772 0.266368 0.293986 0.0343493 -0.168646 0.0354325 0.0669601 0.140496 -0.150807 -0.135157 0.118787 0 -0.0830649 -0.349066 0.0997287 0.0869959 -3.63391 281.853 -61.6251 0.141387 -0.184325 0.0183578 -0.1924 -98.777 -15.5879 
0.19462 -0.0549323 0.097205 0.074547 -0.0972835 0.271679 0.40049 0 -0.127274 0.0427833 0.0529309 0.326555 -0.108183 -0.139449 0.156936 0 -0.0772093 -0.349066 0.231692 0.00905947 -3.84754 281.971 -61.19 0.144957 -0.17819 0.016324 -0.1924 -98.777 -15.5879 
0.208772 -0.0512065 0.0836779 0.0896029 0.0193515 0.272145 0.345324 0 -0.0903198 0.0428849 0.105681 0.262287 -0.084432 -0.135756 0.202853 0.114955 -0.0134984 -0.349066 0.330832 0 -4.1284 282.179 -61.2438 0.150525 -0.168506 0.0112402 -0.1924 -98.777 -15.5879 
0.208108 -0.0955111 0.013123 0.0318554 0.0175412 0.267494 0.388761 0.0461414 -0.119199 0.0621048 0.184988 0.193141 -0.0662661 -0.128785 0.140355 0 -9.38345e-005 -0.349066 0.0366933 1.11228 -3.76144 282.452 -61.4381 0.226148 -0.143049 -0.000342685 -0.1924 -98.777 -15.5879 
0.233334 -0.103543 0 0 0.083685 0.268532 0.371542 0 -0.0277505 0.0300865 0.291168 0 0.0370504 -0.172617 0.0327505 0 0.19188 -0.349066 0 0.50156 -3.5626 282.664 -61.032 0.224371 -0.132402 0.00022475 -0.1924 -98.777 -15.5879 
0.178737 -0.0738095 0.0731456 0 0.105473 0.268502 0.450974 0.00209649 0.0401927 0.0490727 0.303397 0.00215084 0.176932 -0.176169 0 0 0.327708 -0.349066 0.0639506 0.0428923 -3.63 282.48 -60.9288 0.233238 -0.127397 -0.0121104 -0.1924 -98.777 -15.5879 
0.0570113 -0.0783849 0.0284449 0.213289 -0.112924 0.269083 0.692841 0.00675193 0.0126911 0.0402135 0.223403 0.0387215 0.173035 -0.16031 0 0.037941 0.265645 -0.349066 0.340869 0 -3.29513 283.105 -61.2458 0.314869 -0.0651276 0.000175905 -0.1924 -98.777 -15.5879 
0.129436 -0.0880864 0.0107165 0.189101 -0.109934 0.263829 0.686525 0.0116194 0.0275134 0.0224511 0.341917 0.0468594 0.192321 -0.152938 0.0396546 0.257673 0.246871 -0.349066 0.47686 0.0020641 -2.75618 284.053 -60.7475 0.323692 -0.0725183 -0.000942516 -0.1924 -98.777 -15.5879 
0.148784 -0.0885265 0 0.101799 -0.0759074 0.26346 0.528773 0.0587096 0.0783602 0.01994 0 0.526017 0.185467 -0.136334 0.0135978 0.153309 0.203754 -0.349066 0.394321 0 -2.64178 284.612 -59.386 0.411304 -0.0659139 0.00194008 -0.1924 -98.777 -15.5879 
0.183165 -0.0885795 0.0402663 0.0207354 0.0255076 0.258485 0.577549 0.0079062 0.0782212 0.0120414 0.175431 0.0138767 0.170333 -0.156229 0.00447832 0.024465 0.23809 -0.349066 0.397802 0 -2.04157 283.812 -58.8146 0.414882 -0.0682368 0.00426928 -0.1924 -98.777 -15.5879 
0.208889 -0.0807844 0.0100813 0.0201615 -0.0127402 0.280856 0.684441 0 0.0480973 0.107809 0.198668 0.322202 0.128704 -0.133956 0.0621403 0.245979 0.315186 -0.349066 0.256664 0 -2.63311 284.508 -57.2619 0.460062 -0.0418957 -0.0219229 -0.1924 -98.777 -15.5879 
0.156231 -0.0761056 0.000901138 0.0183269 -0.0394142 0.295843 0.614252 0.0112906 -0.0422392 0.107496 0.232618 0.402809 0.105687 -0.142619 0 0.323192 0.36694 -0.349066 0.0598602 0 -2.65153 284.63 -57.445 0.553144 -0.0393829 -0.0233202 -0.1924 -98.777 -15.5879 
0.0907763 -0.0239799 0.0315174 0.0866239 -0.153154 0.334231 0.656661 0 -0.0595576 0.10775 0.0592933 0.293508 0.0577219 -0.135226 0 0.464633 0.294504 -0.349066 0.0244869 0 -2.56705 284.527 -56.8878 0.678574 -0.0392236 -0.0207963 -0.1924 -98.777 -15.5879 
0.0739858 0.00330219 0.0346513 0.156493 -0.148371 0.349066 0.712061 0 -0.00516943 0.116317 0.127756 0.255891 0.0882284 -0.128233 0.0687573 0.646071 0.313768 -0.349066 0.0838236 0 -2.56705 284.527 -56.8878 0.678574 -0.0392236 -0.0207963 -0.1924 -98.777 -15.5879 
0.0174097 0.0125473 0.0342563 0.0407599 -0.139367 0.349066 0.517295 0.164392 -0.0586551 0.130396 0.120792 0.174063 0.0433228 -0.117294 0.135853 0.363105 0.339385 -0.349066 0 0.194444 -2.67097 283.808 -57.7284 0.729434 -0.0208066 -0.00979169 -0.1924 -98.777 -15.5879 
0.0194387 0.0231912 0.0107308 0 -0.174533 0.349066 0.749499 0 0.0957935 0.153133 0.100451 0 0.102408 -0.115673 0.0828489 0 0.337535 -0.349066 0 0.132927 -2.53221 283.869 -57.8044 0.740714 -0.0210129 -0.00637497 -0.1924 -98.777 -15.5879 
0.026589 0.0418018 0.0192695 0.0102457 -0.162113 0.349066 0.652527 0 0.0678808 0.161299 0.0951154 0.0713673 0.0937595 -0.104959 0 0.00208888 0.33871 -0.349066 0.00575555 0.0301955 -3.27171 284.355 -58.0039 0.776877 -0.0265736 -0.00564635 -0.1924 -98.777 -15.5879 
0.0117779 0.0745277 0.0118088 0.121768 -0.163215 0.349066 0.603172 0 0.0122424 0.161307 0.16015 0.0128771 0.0182674 -0.104973 0.0123089 0.239331 0.352223 -0.349066 0.0308314 0 -4.10826 283.509 -57.9568 0.816046 -0.0225294 -0.00776208 -0.1924 -98.777 -15.5879 
-0.00123695 0.0857302 0.0136061 0.0956365 -0.171724 0.349066 0.548446 0 -0.00286114 0.162492 0.081648 0.00533329 0.0029167 -0.0888323 0.00527871 0.235247 0.362397 -0.349066 0.00246967 0.0421805 -4.15638 282.588 -58.3278 0.837697 -0.0223975 -0.00759043 -0.1924 -98.777 -15.5879 
-0.0412949 0.0646328 0.0120625 0.110051 -0.161231 0.349066 0.433987 0 -0.00187631 0.158079 0 0 0.0217097 -0.0606903 0 0.049137 0.341536 -0.349066 0 0 -4.30064 282.797 -58.2337 0.836499 -0.0137004 -0.00735092 -0.1924 -98.777 -15.5879 
-0.0566509 0.026307 0.0100745 0.0498435 -0.174148 0.346724 0.342361 0 -0.0538153 0.144557 0 0 0.00636853 -0.0655568 0.0233204 0 0.275374 -0.349066 0 0 -4.91616 282.816 -57.4264 0.818382 -0.0216092 -0.00024637 -0.1924 -98.777 -15.5879 
-0.0610059 0.0229541 0 0.113022 -0.168212 0.347419 0.321933 0 -0.0340883 0.145171 0.000785109 0 0.00413765 -0.0635392 0.0322985 0.0353375 0.271602 -0.349066 0 0 -4.9861 282.877 -56.1396 0.762094 -0.0211479 -0.0025428 -0.1924 -98.777 -15.5879 
-0.0901974 -0.0290257 0.00496064 0 -0.171675 0.34603 0.296033 0.486876 -0.0172293 0.130986 0.00555071 0 0.0043206 -0.0712562 0.0532166 0.0877561 0.285477 -0.349066 0 0 -6.07519 282.964 -55.1871 0.688862 -0.00749122 -0.0103919 -0.1924 -98.777 -15.5879 
-0.0735648 -0.0455229 0 0.0334409 -0.174533 0.347413 0.202608 0.293743 -0.0645346 0.130773 0.040257 0 -0.092563 -0.0734303 0.049525 0.203191 0.115238 -0.349066 0.0296665 0.507442 -6.39835 283.177 -54.8063 0.652868 -0.00483492 -0.00724568 -0.1924 -98.777 -15.5879 
-0.0560224 -0.00372042 0 0.0775622 -0.174533 0.349066 0.0346085 0.16347 -0.173478 0.137251 0.000144923 0.108658 -0.174533 -0.0398424 0.00271369 0.0958943 0.0124694 -0.349066 0 0.473588 -6.38422 283.546 -54.7239 0.663707 -0.00367401 -0.00853371 -0.1924 -98.777 -15.5879 
-0.0313688 0.0490633 0.0132106 0.207747 -0.172609 0.349066 0.00761566 0.0516602 -0.174533 0.147339 0.000142975 0 -0.174533 -0.00488216 2.20209e-006 0.0223816 -0.0118697 -0.349066 0 0.0888966 -6.32789 285.315 -53.0843 0.643912 -0.00922662 -0.00939506 -0.1924 -98.777 -15.5879 
-0.0900844 0.0595138 0.0452899 0.247703 -0.174533 0.349066 0.00473919 0.094122 -0.174533 0.178347 0.000155931 0 -0.174533 -0.00833579 1.78325e-006 0.0108725 0.00254073 -0.342933 0.000568406 0 -6.19006 284.712 -52.5596 0.609363 -0.00825153 -0.00798618 -0.1924 -98.777 -15.5879 
-0.174533 0.0842119 0.10344 0.354558 -0.173021 0.347415 0.0363606 0.234364 -0.172149 0.176391 0.00123436 0.0894778 -0.165129 -0.027272 0.000876019 0 -0.0158593 -0.34634 0.0651894 0 -6.48678 284.531 -52.7505 0.562986 -0.00462951 -0.0113644 -0.1924 -98.777 -15.5879 
-0.171452 0.0753388 0.0905784 0.412339 -0.170132 0.349066 0.0165239 0.236888 -0.174533 0.152222 0 0 -0.172175 -0.0211261 0.00330451 0 -0.0421651 -0.349066 0.0486422 0 -6.57797 285.174 -52.844 0.530332 -0.00740478 -0.0138411 -0.1924 -98.777 -15.5879 
-0.167789 0.0505224 0.0696319 0.410238 -0.165838 0.348264 0.000732863 0.149025 -0.172392 0.161281 0.0102668 0.0375603 -0.171512 -0.0238528 9.74016e-005 0.201505 -0.0189893 -0.349066 0 0.0938312 -6.33409 284.585 -53.9663 0.454311 -0.00153887 -0.005372 -0.1924 -98.777 -15.5879 
-0.0899016 0.00365286 0 0.284833 -0.174533 0.349066 0.0500529 0 -0.174533 0.160199 0 0.0100245 -0.171957 -0.0146007 4.01757e-005 0.0486822 -0.0609418 -0.349066 0 0 -6.18189 284.098 -53.9522 0.393519 -0.0018645 -0.00245178 -0.1924 -98.777 -15.5879 
-0.0731142 -0.000391125 0.0382182 0.132084 -0.16136 0.349066 0.0896288 0.0292633 -0.174533 0.149102 0 0 -0.149931 -0.0209144 0 0 -0.121697 -0.349066 0.0606297 0 -6.23709 284.13 -54.5639 0.329671 -0.00198626 -3.11545e-005 -0.1924 -98.777 -15.5879 
-0.0464221 0.00421412 0.0549002 0.104384 -0.167183 0.349066 0.162617 0.00616778 -0.174533 0.15411 0 0 -0.138507 -0.0130238 0.0409546 0 -0.101702 -0.320484 0.09409 0 -6.24227 284.13 -54.5608 0.263811 -0.00174481 -0.00013934 -0.1924 -98.777 -15.5879 
-0.0742323 0.00953248 0.0847434 0.187819 -0.133058 0.349066 0.00483775 0.149975 -0.171377 0.153108 0 0 -0.134018 -0.00664163 0.0135623 0 -0.0424461 -0.323632 0.0679729 0 -6.31082 284.117 -54.5824 0.212519 0.000461013 0.000406612 -0.1924 -98.777 -15.5879 
-0.0260989 -0.0227384 0.0592449 0.0580287 -0.174533 0.349066 0.0105341 0.225269 -0.174533 0.150152 0 0 -0.174021 -0.0289646 0.0410967 0 -0.081742 -0.342813 0.199989 0.118089 -7.20963 284.119 -55.1163 0.190331 -0.0231358 0.0024312 -0.1924 -98.777 -15.5879 
-0.0087092 -0.0282499 0.0489362 0.0932934 -0.163988 0.348149 0.0658754 0 -0.174533 0.161189 0 0 -0.132668 -0.00677434 0 0 -0.0401655 -0.346853 0.169879 0 -7.54214 284.173 -55.1606 0.166632 -0.0297224 0.000513714 -0.1924 -98.777 -15.5879 
0.012278 -0.00827129 0.0917683 0 -0.164975 0.34819 0.0682028 0 -0.174533 0.164349 0 0 -0.158031 0.0022816 0.0171175 0.115487 -0.0777185 -0.342134 0.256673 0 -7.56167 284.476 -55.0611 0.160006 -0.0409745 0.00361906 -0.1924 -98.777 -15.5879 
