-0.0252655 0.0988223 0 0.544417 -0.106575 0.286077 0 0 -0.173077 0.0333735 0.0621369 0.484667 0.022369 -0.144672 0 0.000402851 0.385365 -0.348958 0 0 -24.8545 267.569 -36.192 -0.0135752 0.0702159 -0.035338 0.0783997 -98.162 -19.083 
-0.0167116 0.0958129 0 0.513582 -0.132928 0.294625 0 0 -0.174216 0.0262467 0.0685985 0.792398 0.0394421 -0.146497 0 0.000103169 0.391581 -0.349066 0 0.329704 -24.843 267.555 -36.1849 -0.0135752 0.0702159 -0.035338 0.0783997 -98.162 -19.083 
-0.0157699 0.0984532 0 0.526115 -0.13381 0.297811 0 0 -0.174106 0.0249506 0.0776429 0.773609 0.0460663 -0.143591 0 0.000124922 0.376267 -0.349066 0 0.356234 -24.8175 267.517 -36.1721 -0.0135752 0.0702159 -0.035338 0.0783997 -98.162 -19.083 
-0.0136737 0.100371 0 0.520514 -0.134265 0.297567 0 0 -0.174108 0.0241936 0.078925 0.77439 0.0486253 -0.142164 0 0 0.377245 -0.349066 0 0.352538 -24.8194 267.519 -36.1725 -0.0135752 0.0702159 -0.035338 0.0783997 -98.162 -19.083 
0.00192965 0.10196 0 0.553293 -0.136207 0.296859 0 0 -0.174442 0.0212384 0.0774613 0.752918 0.0470523 -0.142899 0 0 0.382557 -0.349066 0 0.604138 -24.803 267.5 -36.1713 -0.0135752 0.0702159 -0.035338 0.0783997 -98.162 -19.083 
0.0113573 0.107091 0 0.527378 -0.1342 0.298524 0 0 -0.174533 0.0170342 0.0910636 0.822119 0.0454936 -0.144074 0 0 0.381246 -0.349066 0 0.343067 -24.7287 267.414 -36.1657 -0.0135752 0.0702159 -0.035338 0.0783997 -98.162 -19.083 
0.0132094 0.108098 0 0.450186 -0.127297 0.300064 0.00183302 0.00246571 -0.173963 0.0103142 0.0823569 0.731911 0.039074 -0.144799 0 0 0.379549 -0.349066 0.000836422 0 -24.8009 267.507 -36.181 -0.0135752 0.0702159 -0.035338 0.0783997 -98.162 -19.083 
0.0101029 0.106992 0 0.446893 -0.12724 0.301296 0.000627229 0.00183653 -0.174292 0.00947579 0.0860287 0.73648 0.0439156 -0.147997 0 0 0.379964 -0.349066 0.000627812 0 -24.8275 267.541 -36.1915 -0.0135752 0.0702159 -0.035338 0.0783997 -98.162 -19.083 
0.00434621 0.102913 0 0.448566 -0.125424 0.301451 0 0.00106009 -0.174533 0.00718414 0.0820885 0.768647 0.0378362 -0.138742 0 0 0.379392 -0.349066 0.000120781 0 -24.9022 267.644 -36.2359 -0.0135752 0.0702159 -0.035338 0.0783997 -98.162 -19.083 
-0.0148881 0.0824266 0 0.475149 -0.119923 0.299846 0 0.00142976 -0.174533 0.0112157 0.0900942 0.788835 0.0355925 -0.139374 0 0 0.372577 -0.348988 0 0 -25.2199 268.119 -36.4594 -0.0135752 0.0702159 -0.035338 0.0783997 -98.162 -19.083 
-0.0266701 0.072178 0 0.475167 -0.110786 0.311195 0 0 -0.174533 0.0176108 0.097938 0.775855 0.0386496 -0.152178 0 0 0.359963 -0.349066 0 0 -25.4212 268.424 -36.6358 -0.0135752 0.0702159 -0.035338 0.0783997 -98.162 -19.083 
-0.0182303 0.0682364 0 0.43019 -0.104334 0.310407 0 0 -0.174533 0.0252028 0.114858 0.729359 0.0409351 -0.155363 0 0 0.355126 -0.349066 0 0 -25.593 268.669 -36.8382 -0.0135752 0.0702159 -0.035338 0.0783997 -98.162 -19.083 
-0.022411 0.071539 0 0.438006 -0.109595 0.307987 0 0.143046 -0.174533 0.0257941 0.110391 0.693967 0.0411141 -0.15406 0 0 0.337428 -0.349066 0 0 -25.5251 268.573 -36.7554 -0.0135752 0.0702159 -0.035338 0.0783997 -98.162 -19.083 
-0.0190151 0.0706168 0 0.439982 -0.108318 0.30987 0 0.144208 -0.174533 0.0259702 0.109318 0.650846 0.0417094 -0.154779 0 0 0.340304 -0.349066 0 0 -25.5352 268.587 -36.7675 -0.0135752 0.0702159 -0.035338 0.0783997 -98.162 -19.083 
-0.0119189 0.0670817 0 0.453037 -0.0969659 0.306231 0 0.0401343 -0.174533 0.0310751 0.103615 0.690464 0.040065 -0.144969 0 0 0.322685 -0.349066 0 0 -26.0508 269.307 -37.5066 -0.0135752 0.0702159 -0.035338 0.0783997 -98.162 -19.083 
0.00380515 0.060702 0 0.461181 -0.0822744 0.31008 0.00167039 0.00826889 -0.174533 0.0222384 0.125345 0.788867 0.0643346 -0.122085 0.00592364 0 0.313983 -0.347401 0 0 -26.1337 269.424 -37.6287 -0.0135752 0.0702159 -0.035338 0.0783997 -98.162 -19.083 
0.0204387 0.0472417 0 0.483136 -0.0762537 0.317096 0 0 -0.174533 0.0216147 0.126552 1.19151 0.101204 -0.0907781 0 0.222782 0.344711 -0.348705 0 0 -26.2365 269.565 -37.785 -0.0135752 0.0702159 -0.035338 0.0783997 -98.162 -19.083 
0.087234 0.0140284 0 0.408393 -0.124692 0.325556 7.40495e-006 1.25704 -0.174533 0.0219382 0.151593 1.46161 0.155597 -0.0417857 0 0.9425 0.359553 -0.349066 0 0 -27.5853 271.259 -39.8521 -0.0135752 0.0702159 -0.035338 0.0783997 -98.162 -19.083 
0.144409 0.0284156 0 0.655395 -0.158844 0.320254 1.41919e-006 1.5708 -0.174533 0.035869 0.319845 1.56681 0.172459 -0.0702312 0.0452442 1.48538 0.411448 -0.349066 0 0 -28.7442 272.69 -41.7158 -0.0135752 0.0702159 -0.035338 0.0783997 -98.162 -19.083 
0.182903 -0.0598687 0.00229513 0.571963 -0.158549 0.348829 0.0622546 1.5708 -0.174533 0.0573216 0.518712 1.56915 0.183356 -0.102825 0 1.50648 0.419101 -0.347858 0 0.0025363 -30.8355 275.096 -45.0877 -0.0135752 0.0702159 -0.035338 0.0783997 -98.162 -19.083 
0.119134 -0.0951839 0.00196204 0.916795 -0.174055 0.33909 0.0470889 1.5708 -0.174533 0.0589745 1.08525 0.424268 0.188589 -0.102369 0 1.5708 0.423161 -0.349066 0 0.204151 -30.9004 276.365 -45.1674 -0.0136424 0.0705636 -0.0355129 0.0783997 -98.162 -19.083 
0.0628171 -0.100912 0 1.10317 -0.174533 0.345253 1.31086 1.5708 -0.174533 0.0488209 1.46789 0.310489 0.209305 -0.0634085 0.392863 1.56611 0.459734 -0.346678 0 0.601963 -31.0461 275.961 -45.4189 -0.0136105 0.0703982 -0.0354297 0.0783997 -98.162 -19.083 
0.11499 -0.134383 0 1.25781 -0.150601 0.349066 1.70313 1.5708 -0.174533 0.0810243 1.70699 0.356166 0.196058 0.00188666 0.782554 1.5708 0.244272 -0.346668 0.489584 1.13327 -29.0325 273.804 -41.4036 -0.0136045 0.0703673 -0.0354142 0.0783997 -98.162 -19.083 
0.104919 -0.133329 0 1.54719 -0.160087 0.282633 1.71203 1.55971 -0.129774 0.117751 1.56162 1.44566 0.197824 0.0154555 0.975364 1.21039 0.26514 -0.292419 0.667136 1.26346 -28.8768 273.653 -41.0686 -0.0136045 0.0703673 -0.0354142 0.0783997 -98.162 -19.083 
0.105194 -0.132152 0 1.56611 -0.168593 0.283107 1.7327 1.56599 -0.126181 0.120452 1.4701 1.43439 0.221237 0.0104276 1.04758 1.37146 -0.109131 -0.293816 1.58573 0.424917 -28.9194 273.255 -41.2064 -0.0135801 0.0702413 -0.0353507 0.0783997 -98.162 -19.083 
0.108225 -0.133258 0 1.56768 -0.16957 0.284811 1.73277 1.56747 -0.123877 0.130656 1.52439 1.51736 0.265193 0.0123383 1.24516 0.874963 -0.123644 -0.292702 1.58421 0.359242 -28.989 273.272 -41.3686 -0.0135775 0.0702279 -0.035344 0.0783997 -98.162 -19.083 
