-0.174533 0.173896 0.379029 0 -0.174533 0.341188 0.277183 0.0429734 -0.1089 0.0355364 0 0 0.0683417 -0.146291 0 0 0.404426 -0.349066 0 0 -24.8545 267.569 -36.192 -0.0135752 0.0702159 -0.035338 0.0783997 -98.162 -19.083 
-0.0515054 0.13872 0 0.255241 -0.174533 0.349066 0 0 -0.174533 0.0932275 0.0303045 0.0553898 0.0683417 -0.146291 0 0 0.404426 -0.349066 0 0 -24.5887 267.254 -36.0277 0.0191145 0.127817 -0.0699425 0.0783997 -98.162 -19.083 
-0.0515054 0.13872 0 0.255241 -0.174533 0.349066 0 0 -0.174533 0.0932275 0.0303045 0.0553898 0.0683417 -0.146291 0 0 0.404426 -0.349066 0 0 -24.4564 266.973 -35.9906 0.0191145 0.127817 -0.0699425 0.0783997 -98.162 -19.083 
-0.0515054 0.13872 0 0.255241 -0.174533 0.349066 0 0 -0.174533 0.0932275 0.0303045 0.0553898 0.0683417 -0.146291 0 0 0.404426 -0.349066 0 0 -24.1023 266.7 -36.0176 0.0191145 0.127817 -0.0699425 0.0783997 -98.162 -19.083 
-0.0515054 0.13872 0 0.255241 -0.174533 0.349066 0 0 -0.174533 0.0932275 0.0303045 0.0553898 0.0683417 -0.146291 0 0 0.404426 -0.349066 0 0 -23.9335 266.467 -36.1102 0.0191145 0.127817 -0.0699425 0.0783997 -98.162 -19.083 
-0.0515054 0.13872 0 0.255241 -0.174533 0.349066 0 0 -0.174533 0.0932275 0.0303045 0.0553898 0.0683417 -0.146291 0 0 0.402769 -0.349066 0 0 -23.7213 266.254 -36.0889 0.0191145 0.127817 -0.0699425 0.0783997 -98.162 -19.083 
-0.0515054 0.13872 0 0.255241 -0.174533 0.349066 0 0 -0.174533 0.0932275 0.0303045 0.0553898 0.0683417 -0.146291 0 0 0.373024 -0.349066 0 0 -23.676 266.065 -35.9429 0.0191145 0.127817 -0.0699425 0.0783997 -98.162 -19.083 
-0.0515054 0.13872 0 0.255241 -0.174533 0.349066 0 0 -0.174533 0.0932275 0.0303045 0.0553898 0.0683417 -0.146291 0 0 0.373024 -0.349066 0 0 -23.6328 265.992 -35.7174 0.0191145 0.127817 -0.0699425 0.0783997 -98.162 -19.083 
-0.0515054 0.13872 0 0.255241 -0.174533 0.349066 0 0 -0.174533 0.0932275 0.0303045 0.0553898 0.0683417 -0.146291 0 0 0.373024 -0.349066 0 0 -23.5869 265.838 -35.4555 0.0191145 0.127817 -0.0699425 0.0783997 -98.162 -19.083 
-0.0515054 0.13872 0 0.255241 -0.174533 0.349066 0 0 -0.174533 0.0932275 0.0303045 0.0553898 0.00824915 -0.129642 0 0 0.354489 -0.349066 0.0235264 0 -23.5996 265.696 -35.3192 0.0191145 0.127817 -0.0699425 0.0783997 -98.162 -19.083 
-0.0515054 0.13872 0 0.255241 -0.174533 0.349066 0 0 -0.174533 0.0932275 0.0303045 0.0553898 -0.0593702 -0.0935965 0.0855587 0 0.333951 -0.349066 0 0 -23.5542 265.592 -35.0006 0.0191145 0.127817 -0.0699425 0.0783997 -98.162 -19.083 
-0.0515054 0.13872 0 0.255241 -0.174533 0.349066 0 0 -0.174533 0.0932275 0.0303045 0.0553898 -0.0593702 -0.0935965 0.0855587 0 0.333951 -0.349066 0 0 -23.3848 265.522 -34.2351 0.0191145 0.127817 -0.0699425 0.0783997 -98.162 -19.083 
-0.0515054 0.13872 0 0.255241 -0.174533 0.349066 0 0 -0.174533 0.0932275 0.0303045 0.0553898 -0.0593702 -0.0935965 0.0855587 0 0.333951 -0.349066 0 0 -23.3249 265.473 -34.0707 0.0191145 0.127817 -0.0699425 0.0783997 -98.162 -19.083 
-0.0515054 0.13872 0 0.255241 -0.174533 0.349066 0 0 -0.174533 0.0932275 0.0303045 0.0553898 -0.0593702 -0.0935965 0.0855587 0 0.330258 -0.349066 0 0 -23.2548 265.454 -34.0369 0.0191145 0.127817 -0.0699425 0.0783997 -98.162 -19.083 
-0.0515054 0.13872 0 0.255241 -0.174533 0.349066 0 0 -0.174533 0.0932275 0.0303045 0.0553898 -0.0593702 -0.0935965 0.0855587 0 0.330258 -0.349066 0 0 -23.2636 265.415 -33.5113 0.0191145 0.127817 -0.0699425 0.0783997 -98.162 -19.083 
-0.0515054 0.13872 0 0.255241 -0.174533 0.349066 0 0.624606 -0.174533 0.0932275 0.0303045 0.0553898 -0.0928774 -0.0680927 0.291542 0 0.330258 -0.349066 0 0 -23.2633 265.382 -33.3992 0.0191145 0.127817 -0.0699425 0.0783997 -98.162 -19.083 
-0.0515054 0.13872 0 0.255241 -0.174533 0.349066 0 1.17296 -0.174533 0.0932275 0.0303045 0.0553898 -0.174533 0.0105181 0.640672 0 0.330258 -0.349066 0 0 -23.1804 265.366 -33.1419 0.0191145 0.127817 -0.0699425 0.0783997 -98.162 -19.083 
-0.0897979 0.0803114 0.0281137 0.584639 -0.174533 0.349066 0.48149 1.39265 -0.174533 0.0219467 0.612336 0.619254 -0.0269348 0.0145409 0.585725 0.808012 0.447547 -0.349066 0.0570934 0.374395 -22.8981 265.373 -32.6687 -0.0550381 0.11287 -0.0188241 0.0783997 -98.162 -19.083 
-0.0897979 0.0803114 0.0281137 0.584639 -0.174171 0.349066 0.851254 1.5708 -0.174533 0.109941 1.02641 0.846366 0.107445 0.141264 0.601389 1.38534 0.293301 -0.28818 0.582278 0.714279 -22.8315 265.386 -32.2067 -0.0550381 0.11287 -0.0188241 0.0783997 -98.162 -19.083 
-0.174533 0.149005 0.353872 0.515287 -0.174533 0.349066 1.04472 1.35642 -0.174533 0.211491 1.39684 0.151988 0.136179 0.143832 0.992612 1.03851 0.373697 -0.226178 0.601374 0.710558 -22.5119 265.52 -31.6671 -0.0740095 0.114274 -0.0249182 0.0783997 -98.162 -19.083 
-0.078749 0.159582 0.2919 0.703591 -0.174533 0.349066 1.33123 1.26107 -0.174533 0.227311 1.53988 0 0.0353957 0.211877 1.29424 0.884185 0.376552 -0.112145 0.962686 0.164896 -22.3 265.974 -31.1315 -0.0740095 0.114274 -0.0249182 0.0783997 -98.162 -19.083 
-0.174533 0.133537 0.362991 1.15727 -0.174533 0.349066 1.657 1.5708 -0.174533 0.250873 1.74533 0 0.00669829 0.349066 1.74533 0 0.39249 -0.0248024 1.15083 0 -22.0122 266.402 -30.6062 -0.0740095 0.114274 -0.0249182 0.0783997 -98.162 -19.083 
0.0361285 0.00459889 0 1.5708 -0.174533 0.349066 1.74533 1.5708 -0.174533 0.149361 1.74533 1.10976 0.109634 0.349066 1.74533 0.0488561 0.468537 0.0982769 1.25424 0.00711284 -21.9944 266.745 -27.3359 -0.0740095 0.114274 -0.0249182 0.0783997 -98.162 -19.083 
0.0361285 0.00459889 0 1.5708 -0.174533 0.349066 1.74533 1.5708 -0.174533 0.149182 1.74533 1.50802 0.264697 0.349066 1.74533 0.347433 0.442221 0.349066 1.58301 0.0531706 -22.0778 267.032 -26.4407 -0.0740095 0.114274 -0.0249182 0.0783997 -98.162 -19.083 
0.240012 0.021969 0.213781 1.39876 0.41048 0.26503 1.74533 1.53367 0.410562 0.211918 1.74533 1.5708 0.476107 0.298943 1.74533 1.5708 0.442765 0.349066 1.74533 0.693328 -22.338 267.214 -26.4032 -0.109327 0.00904014 0.0217141 0.0783997 -98.162 -19.083 
0.235377 -0.00282472 0.286034 1.41388 0.49741 0.264449 1.74533 1.5708 0.714184 0.296482 1.74533 1.5708 0.523575 0.349066 1.74533 1.5708 0.428295 0.349066 1.74533 1.16649 -22.3781 267.283 -26.402 -0.109327 0.00904014 0.0217141 0.0783997 -98.162 -19.083 
0.312124 0.0405996 0.366892 1.52535 0.64112 0.226568 1.74533 1.5708 0.782674 0.248535 1.74533 1.5708 0.605528 0.349066 1.74533 1.5708 0.621337 0.349066 1.74533 0.818659 -22.6505 267.341 -26.4373 -0.109327 0.00904014 0.0217141 0.0783997 -98.162 -19.083 
0.129156 0.0920141 0.7897 1.13825 0.821336 0.0538868 1.74042 1.52006 0.819212 0.252354 1.74533 1.55419 0.837762 0.274873 1.74533 1.5708 0.748181 0.349066 1.69498 1.5708 -22.907 267.371 -27.6591 -0.109327 0.00904014 0.0217141 0.0783997 -98.162 -19.083 
0.129156 0.0920141 0.7897 1.13825 0.856811 0.0672388 1.74533 1.5708 0.92852 0.349066 1.74533 1.5708 1.00547 0.349066 1.74533 1.5708 0.997757 0.349066 1.74533 1.54618 -22.8977 267.431 -29.2418 -0.109327 0.00904014 0.0217141 0.0783997 -98.162 -19.083 
0.129156 0.0920141 0.7897 1.13825 1.03691 0.233083 1.74533 1.5708 0.994067 0.349066 1.74533 1.35708 1.0465 0.349066 1.74533 1.52078 1.26683 0.349066 1.74533 1.5708 -25.4453 267.424 -29.3889 -0.109327 0.00904014 0.0217141 0.0783997 -98.162 -19.083 
0.116308 0.0754166 0.936179 0.760881 1.25465 0.159828 1.74533 1.5708 1.22693 0.162183 1.74533 1.09472 1.30982 0.27055 1.74533 1.5708 1.53546 0.348157 1.74533 1.5708 -27.1012 266.995 -28.9755 -0.228136 0.01148 0.130559 0.0783997 -98.162 -19.083 
0.116308 0.0754166 0.936179 0.760881 1.46479 0.349066 1.74533 1.5708 1.28135 0.2476 1.74533 1.07812 1.5708 0.349066 1.74533 1.5708 1.49307 0.349066 1.74533 1.5708 -27.6593 266.26 -28.5414 -0.228136 0.01148 0.130559 0.0783997 -98.162 -19.083 
0.116308 0.0754166 0.936179 0.760881 1.4608 0.349066 1.74533 1.5708 1.35235 0.349066 1.74533 1.54101 1.5708 0.349066 1.74533 1.46408 1.5708 0.349066 1.74533 1.06342 -27.6724 265.851 -28.4051 -0.318273 0.0452893 0.236463 0.0783997 -98.162 -19.083 
-0.174533 -0.0965459 1.09496 0.756906 1.51978 0.349066 1.74533 1.5708 1.35235 0.349066 1.74533 1.54101 1.5708 0.312674 1.74533 1.5708 1.5708 0.349066 1.74533 0.798717 -27.576 264.996 -28.3289 -0.322555 0.0461605 0.341788 0.0783997 -98.162 -19.083 
-0.168153 -0.0785982 1.11415 0.666639 1.51658 0.349066 1.74533 1.5708 1.42391 0.349066 1.74533 1.5708 1.5708 0.349066 1.74533 1.5708 1.5708 0.349066 1.74533 0.892197 -27.5313 264.294 -28.1524 -0.322555 0.0461605 0.341788 0.0783997 -98.162 -19.083 
-0.168153 -0.0785982 1.11415 0.666639 1.5708 0.187935 1.74533 1.5708 1.42391 0.349066 1.74533 1.5708 1.5708 0.349066 1.74533 1.52724 1.5708 -0.220732 1.74533 0.720909 -27.3421 263.495 -27.9147 -0.322555 0.0461605 0.341788 0.0783997 -98.162 -19.083 
-0.174533 -0.105717 1.14667 0.288897 1.5708 0.216808 1.74533 1.5708 1.45885 0.349066 1.73675 1.5708 1.5708 0.349066 1.74533 1.5079 1.5708 0.0907699 1.74533 1.12171 -27.342 263.003 -27.2908 -0.322555 0.0461605 0.341788 0.0783997 -98.162 -19.083 
-0.174533 -0.105717 1.14667 0.288897 1.50333 0.230068 1.74533 1.40841 1.52024 0.349066 1.74533 1.5708 1.5708 0.334521 1.74533 1.02728 1.5708 0.133965 1.74533 0.991048 -27.4746 262.635 -26.7122 -0.322555 0.0461605 0.341788 0.0783997 -98.162 -19.083 
-0.174533 -0.20944 0.893219 1.25175 1.49183 0.172965 1.74533 1.5708 1.52813 0.238894 1.74533 1.5708 1.55843 0.349066 1.74533 1.5708 1.5708 -0.337604 1.74533 1.18402 -28.1635 262.233 -26.098 -0.322555 0.0461605 0.341788 0.0783997 -98.162 -19.083 
-0.174533 -0.20944 0.843052 1.49281 1.37583 0.349066 1.74533 1.5708 1.27062 0.349066 1.74533 1.5708 1.5708 0.349066 1.74533 1.5708 1.5708 0.305569 1.74533 1.4688 -26.6446 262.103 -26.7354 -0.322555 0.0461605 0.341788 0.0783997 -98.162 -19.083 
-0.174533 -0.20944 0.861342 1.5708 1.32988 0.300425 1.74533 1.5708 1.14532 0.196957 1.74533 1.55207 1.5708 0.268243 1.74533 1.5708 1.46691 0.349066 1.74533 1.45637 -25.4094 262.026 -26.8974 -0.316699 -0.0962018 0.392103 0.0783997 -98.162 -19.083 
-0.174533 -0.196891 0.751393 1.4187 1.1569 0.349066 1.48258 1.5708 0.880202 0.349066 1.74533 1.5708 1.5708 0.324527 1.74533 1.5708 1.13328 0.349066 1.74533 1.50618 -24.6774 262.166 -26.8084 -0.316699 -0.0962018 0.392103 0.0783997 -98.162 -19.083 
