-0.015721 0.156049 0.00935094 0.519565 -0.0435132 0.22455 0.0104418 0.0599006 -0.142292 0.000548473 0.0918439 0.0739522 -0.062014 -0.152802 0.154644 0.266081 0.404696 -0.348905 0 0.00796377 -24.8545 267.569 -36.192 -0.0135752 0.0702159 -0.035338 0.0783997 -98.162 -19.083 
0.00544399 0.121524 0.0118383 0.540418 -0.0887161 0.252253 0.0198081 0.107694 -0.164817 0.0206748 0.0697372 0.0704695 -0.073207 -0.147665 0.201088 0.274181 0.375565 -0.349066 0.0131262 0.0254235 -24.5887 267.254 -36.0277 -0.0135752 0.0702159 -0.035338 0.0783997 -98.162 -19.083 
-0.00389443 0.122701 0.0210342 0.612486 -0.12411 0.280434 0.0534966 0.145256 -0.174533 0.0370354 0.0814538 0.0981558 -0.0710277 -0.116259 0.210431 0.334773 0.382305 -0.347953 0.0631022 0.220862 -24.4564 266.973 -35.9906 -0.0135752 0.0702159 -0.035338 0.0783997 -98.162 -19.083 
0.00137946 0.130088 0.0392072 0.49243 -0.133636 0.302862 0.0152405 0.13915 -0.174533 0.0437435 0.0485862 0.129182 -0.0785868 -0.0976449 0.196384 0.337499 0.366608 -0.349066 0.0443795 0.147192 -24.1023 266.7 -36.0176 -0.0135752 0.0702159 -0.035338 0.0783997 -98.162 -19.083 
-0.0335942 0.124034 0.0528617 0.503857 -0.147439 0.305394 0.0201124 0.142706 -0.173831 0.0408638 0.0500912 0.132003 -0.0928942 -0.103025 0.20126 0.334151 0.377276 -0.349066 0.0669979 0.20661 -23.9335 266.467 -36.1102 -0.0135752 0.0702159 -0.035338 0.0783997 -98.162 -19.083 
-0.058729 0.11797 0.0393988 0.525785 -0.152703 0.311804 0.014092 0.13446 -0.174502 0.0355634 0.0380815 0.124582 -0.0822522 -0.10392 0.191029 0.303168 0.36227 -0.349066 0.0445456 0.199545 -23.7213 266.254 -36.0889 -0.0135752 0.0702159 -0.035338 0.0783997 -98.162 -19.083 
-0.0641794 0.109647 0.0106926 0.518769 -0.158569 0.315403 0.0197365 0.148375 -0.174533 0.0400242 0.0322903 0.126735 -0.0762728 -0.109689 0.186891 0.247256 0.349472 -0.349066 0.0295604 0.155575 -23.676 266.065 -35.9429 -0.0135752 0.0702159 -0.035338 0.0783997 -98.162 -19.083 
-0.0695901 0.106109 0 0.522184 -0.156581 0.314253 0.0166508 0.109192 -0.174533 0.048264 0.0268015 0.101142 -0.0776793 -0.111949 0.187688 0.24048 0.32935 -0.349066 0.000748977 0.101898 -23.6328 265.992 -35.7174 -0.0135752 0.0702159 -0.035338 0.0783997 -98.162 -19.083 
-0.0742351 0.106671 0 0.511418 -0.15841 0.316938 0.0167102 0.108458 -0.174533 0.044208 0.01968 0.1079 -0.0750787 -0.115049 0.190062 0.244786 0.326129 -0.349066 0 0.0823188 -23.5869 265.838 -35.4555 -0.0135752 0.0702159 -0.035338 0.0783997 -98.162 -19.083 
-0.0652372 0.119926 0 0.514999 -0.167805 0.315539 0.0174243 0.129187 -0.174171 0.0447123 0.00897483 0.106559 -0.0756001 -0.11092 0.18927 0.246043 0.333218 -0.349066 0.00309859 0.0712067 -23.5996 265.696 -35.3192 -0.0135752 0.0702159 -0.035338 0.0783997 -98.162 -19.083 
-0.0647041 0.118131 0.000688644 0.497729 -0.174533 0.320837 0.0141419 0.125869 -0.173355 0.0433458 0.008835 0.108171 -0.0646565 -0.114851 0.152147 0.242028 0.310882 -0.349066 0.00224958 0.0131923 -23.5542 265.592 -35.0006 -0.0135752 0.0702159 -0.035338 0.0783997 -98.162 -19.083 
-0.0587378 0.115965 0 0.507812 -0.174533 0.326826 0.0121377 0.104548 -0.174533 0.0365656 0 0.0871226 -0.0591981 -0.116993 0.140135 0.20998 0.315933 -0.349066 0 0.00152034 -23.3848 265.522 -34.2351 -0.0135752 0.0702159 -0.035338 0.0783997 -98.162 -19.083 
-0.0579136 0.116217 0 0.487692 -0.1742 0.336466 0.00562742 0.0991703 -0.174533 0.0302619 0 0.0745029 -0.0655591 -0.115079 0.131326 0.209869 0.306607 -0.349066 0 0.105841 -23.3249 265.473 -34.0707 -0.0135752 0.0702159 -0.035338 0.0783997 -98.162 -19.083 
-0.0560074 0.118362 0 0.480292 -0.174533 0.343838 2.8995e-006 0.0911246 -0.174533 0.0283315 0 0.066579 -0.0658577 -0.110484 0.116827 0.178814 0.272654 -0.349066 0 0.0671534 -23.2548 265.454 -34.0369 -0.0135752 0.0702159 -0.035338 0.0783997 -98.162 -19.083 
-0.0561405 0.114308 0 0.447536 -0.174533 0.347609 1.38514e-005 0.0695682 -0.174533 0.0320193 0 0.0560953 -0.0568144 -0.101932 0.10201 0.157551 0.260972 -0.349066 0 0.0424758 -23.2636 265.415 -33.5113 -0.0135752 0.0702159 -0.035338 0.0783997 -98.162 -19.083 
-0.0594834 0.117275 0.00202041 0.478899 -0.167767 0.347437 0.00768007 0.0757715 -0.143229 0.0459005 0.00522142 0.0794946 -0.0515553 -0.0798708 0.152055 0.158248 0.275277 -0.345499 0.0118085 0.0441271 -23.2633 265.382 -33.3992 -0.0135752 0.0702159 -0.035338 0.0783997 -98.162 -19.083 
-0.0657133 0.151917 0.0623372 0.573677 -0.146999 0.349066 0.0517862 0.0122457 -0.14096 0.0892018 0.111735 0.962145 -0.0451258 -0.0557323 0.263975 0.156299 0.29266 -0.347556 0.0315632 0.086351 -23.1804 265.366 -33.1419 -0.0135752 0.0702159 -0.035338 0.0783997 -98.162 -19.083 
-0.086747 0.14132 0.270989 0.196709 -0.0949573 0.348967 0.5318 0.761811 -0.137176 0.197041 0.453969 1.20157 -0.128763 0.0215232 0.717906 0.45335 0.201943 -0.287434 0.228576 0.599225 -22.8981 265.373 -32.6687 -0.0135752 0.0702159 -0.035338 0.0783997 -98.162 -19.083 
-0.0034736 0.187082 0.244354 0.470848 -0.101076 0.327971 0.817056 1.44809 -0.110912 0.107018 0.790062 1.24224 -0.114363 0.113555 1.07667 0.589112 0.141011 -0.244407 0.319299 1.16123 -22.8315 265.386 -32.2067 -0.0135752 0.0702159 -0.035338 0.0783997 -98.162 -19.083 
0.0827571 0.12384 0.195993 0.675572 -0.133868 0.32813 0.997964 1.46591 -0.0981154 0.104996 1.14676 1.07015 0.0646536 0.151033 1.09319 0.677546 0.174136 -0.273045 0.642647 1.51553 -22.5119 265.52 -31.6671 -0.0135752 0.0702159 -0.035338 0.0783997 -98.162 -19.083 
-0.0524408 0.0831934 0.212105 0.752041 -0.15881 0.334311 1.22892 1.47282 -0.115834 0.110015 1.37048 1.28983 0.0387947 0.145873 1.25078 0.791305 0.220377 -0.254174 1.06079 1.48666 -22.3 265.974 -31.1315 -0.0135752 0.0702159 -0.035338 0.0783997 -98.162 -19.083 
-0.0396503 0.0711769 0.160838 0.856003 -0.155031 0.320874 1.4164 1.55994 -0.0286054 0.235764 1.57743 1.45944 0.0823113 0.194689 1.42421 0.96176 0.311754 -0.231461 1.23364 1.55731 -22.0122 266.402 -30.6062 -0.0135752 0.0702159 -0.035338 0.0783997 -98.162 -19.083 
-0.0491044 0.116818 0.248569 1.14834 -0.156211 0.313795 1.61534 1.56961 -0.000298109 0.29462 1.72667 1.52183 0.113493 0.246149 1.48176 1.08072 0.357351 -0.251473 1.34078 1.5502 -21.9944 266.745 -27.3359 -0.0135752 0.0702159 -0.035338 0.0783997 -98.162 -19.083 
0.0706372 0.192674 0.333443 1.18977 -0.174518 0.347959 1.74509 1.5708 -0.0102241 0.307734 1.72116 1.56148 0.137727 0.247813 1.59067 0.879952 0.372287 -0.277052 1.41722 1.57064 -22.0778 267.032 -26.4407 -0.0135752 0.0702159 -0.035338 0.0783997 -98.162 -19.083 
0.423988 0.0906882 0.114717 1.36223 -0.0655168 0.346871 1.74533 1.40544 0.329827 0.330951 1.74523 1.50824 0.290922 0.167216 1.71956 1.50103 0.453505 -0.0741284 1.70521 1.53323 -22.338 267.214 -26.4032 -0.0135752 0.0702159 -0.035338 0.0783997 -98.162 -19.083 
0.444412 0.094093 0.136804 1.40708 0.10584 0.309088 1.74533 1.56771 0.578299 0.343956 1.73866 1.56804 0.315988 0.220535 1.74533 1.5708 0.475147 -0.0212147 1.73894 1.53146 -22.3781 267.283 -26.402 -0.0135752 0.0702159 -0.035338 0.0783997 -98.162 -19.083 
0.451384 0.0349174 0.165792 1.3134 0.450024 0.343639 1.74533 1.56983 0.669684 0.26308 1.74521 1.5708 0.262858 0.338441 1.7094 1.5708 0.594614 0.116726 1.74516 1.4991 -22.6505 267.341 -26.4373 -0.0135752 0.0702159 -0.035338 0.0783997 -98.162 -19.083 
0.497456 0.023534 0.0974581 1.49558 0.65496 0.238645 1.72719 1.51053 0.711533 0.333336 1.74514 1.5708 0.650038 0.30615 1.74533 1.50197 0.961775 -0.0731927 1.69984 1.52225 -22.907 267.371 -27.6591 -0.0135752 0.0702159 -0.035338 0.0783997 -98.162 -19.083 
0.482294 0.0839888 0.275981 1.54729 0.779409 0.255656 1.74533 1.5708 0.830337 0.348264 1.65649 1.5708 0.899034 0.299939 1.74489 1.5708 1.04226 0.200899 1.74533 1.57055 -22.8977 267.431 -29.2418 -0.0135752 0.0702159 -0.035338 0.0783997 -98.162 -19.083 
0.50331 -0.00336673 0.255543 1.56808 0.940431 0.202641 1.74533 1.56511 0.892325 0.318818 1.74533 1.5708 0.97323 0.311577 1.74321 1.5708 1.12109 0.232157 1.74533 1.55999 -25.4453 267.424 -29.3889 -0.0135752 0.0702159 -0.035338 0.0783997 -98.162 -19.083 
0.411333 -0.0775589 0.367099 1.54013 1.12036 0.228469 1.74533 1.50981 0.977578 0.319044 1.74533 1.5708 1.21392 0.342673 1.74041 1.5708 1.1927 0.3171 1.74528 1.5708 -27.1012 266.995 -28.9755 -0.0135752 0.0702159 -0.035338 0.0783997 -98.162 -19.083 
0.466309 0.00736559 0.452113 1.5708 1.19512 0.277439 1.7397 1.36769 1.12468 0.349066 1.74385 1.56958 1.45021 0.210455 1.72986 1.50441 1.33204 0.247474 1.7246 1.56769 -27.6593 266.26 -28.5414 -0.0135752 0.0702159 -0.035338 0.0783997 -98.162 -19.083 
0.421948 -0.00472905 0.508527 1.54803 1.18817 0.236417 1.73593 1.4932 1.17628 0.337658 1.74533 1.5708 1.56398 0.157324 1.74114 1.51577 1.33565 0.21191 1.73818 1.56153 -27.6724 265.851 -28.4051 -0.0135752 0.0702159 -0.035338 0.0783997 -98.162 -19.083 
0.374218 -0.039738 0.507662 1.52119 1.33442 0.207373 1.74531 1.55678 1.34068 0.293519 1.74533 1.56975 1.56064 0.274624 1.74533 1.26911 1.44945 0.225652 1.74533 1.56784 -27.576 264.996 -28.3289 -0.0135752 0.0702159 -0.035338 0.0783997 -98.162 -19.083 
0.346186 -0.0591052 0.641414 1.48777 1.42739 0.245427 1.74533 1.5708 1.53913 0.306333 1.7448 1.57026 1.52996 0.279572 1.74533 1.38279 1.5708 0.173439 1.74417 1.00959 -27.5313 264.294 -28.1524 -0.0135752 0.0702159 -0.035338 0.0783997 -98.162 -19.083 
0.251956 -0.0392622 0.666781 1.50657 1.43271 0.259413 1.74533 1.5396 1.5706 0.300088 1.74533 1.57051 1.5667 0.304332 1.74533 1.4593 1.5708 0.206082 1.74518 1.20326 -27.3421 263.495 -27.9147 -0.0135752 0.0702159 -0.035338 0.0783997 -98.162 -19.083 
0.288847 -0.00710307 0.620979 1.5628 1.52961 0.265872 1.74533 1.5672 1.56596 0.32734 1.74533 1.57078 1.53357 0.276341 1.74533 1.54356 1.56665 0.180707 1.74533 1.3625 -27.342 263.003 -27.2908 -0.0135752 0.0702159 -0.035338 0.0783997 -98.162 -19.083 
0.303935 0.0692737 0.620694 1.54788 1.53534 0.198976 1.74481 1.28234 1.56792 0.309589 1.74533 1.56385 1.5534 0.300141 1.74372 1.51391 1.56507 0.250364 1.74397 1.4149 -27.4746 262.635 -26.7122 -0.0135752 0.0702159 -0.035338 0.0783997 -98.162 -19.083 
0.283074 0.0830286 0.627199 1.53267 1.56948 0.227414 1.74533 1.22272 1.57079 0.305512 1.74533 1.5379 1.53411 0.342569 1.74533 1.56853 1.57065 0.168398 1.74533 1.43269 -28.1635 262.233 -26.098 -0.0135752 0.0702159 -0.035338 0.0783997 -98.162 -19.083 
0.194022 0.00822013 0.595727 1.57064 1.54775 0.294063 1.7381 1.45848 1.52781 0.345423 1.74533 1.39423 1.4385 0.319199 1.74324 1.57046 1.5704 0.191987 1.74482 1.52856 -26.6446 262.103 -26.7354 -0.0135752 0.0702159 -0.035338 0.0783997 -98.162 -19.083 
0.197754 0.0176018 0.201094 1.57075 1.1882 0.161111 1.74533 1.57026 1.14314 0.34898 1.68197 1.36122 1.16739 0.284671 1.74533 1.5707 1.5708 0.233915 1.70283 1.56963 -25.4094 262.026 -26.8974 -0.0135752 0.0702159 -0.035338 0.0783997 -98.162 -19.083 
0.365385 0.105378 0.240712 1.4843 0.678698 0.204386 1.72256 1.53267 0.817243 0.298843 1.74375 1.46841 0.860627 0.260833 1.72765 1.55518 1.56017 0.106889 1.6806 1.26098 -24.6774 262.166 -26.8084 -0.0135752 0.0702159 -0.035338 0.0783997 -98.162 -19.083 
0.238548 0.15225 0.331671 1.5293 0.464432 0.248319 1.61567 1.51369 0.687914 0.333655 1.71855 1.49767 0.772567 0.257897 1.74481 1.50237 1.56369 0.242241 1.74298 1.52458 -23.9111 263.031 -25.9663 -0.0135752 0.0702159 -0.035338 0.0783997 -98.162 -19.083 
0.0831672 0.118262 0.253204 1.5687 0.0598381 0.247548 1.73878 1.57007 0.449603 0.3319 1.74533 1.56967 0.312034 0.256478 1.74533 1.56872 1.31092 0.349066 1.41595 1.30944 -23.4498 263.989 -25.2689 -0.0135752 0.0702159 -0.035338 0.0783997 -98.162 -19.083 
0.0159554 0.0971174 0.225989 1.56756 -0.0244157 0.246859 1.74533 1.5708 0.382953 0.290855 1.74163 1.34675 0.210567 0.265711 1.74533 1.5708 1.1237 0.349066 1.72582 1.43448 -23.298 264.731 -25.0287 -0.0135752 0.0702159 -0.035338 0.0783997 -98.162 -19.083 
-0.0473737 0.0762485 0.343565 1.5708 -0.0542322 0.276843 1.74533 1.5708 0.460418 0.269773 1.74533 1.28134 0.110673 0.273917 1.74533 1.5708 0.895569 0.349066 1.74533 1.45133 -22.7179 265.842 -23.6148 -0.0135752 0.0702159 -0.035338 0.0783997 -98.162 -19.083 
0.153573 0.101567 0.187783 1.56838 -0.0056268 0.345562 1.73843 1.48517 0.308807 0.287404 1.73777 1.52832 0.0587227 0.290576 1.73266 1.54063 0.627251 0.293522 1.58842 1.53832 -22.433 266.861 -22.4361 -0.0135752 0.0702159 -0.035338 0.0783997 -98.162 -19.083 
0.093879 0.168492 0.301564 1.56899 -0.0605785 0.349066 1.74088 1.54758 0.220539 0.322043 1.65739 1.47393 -0.138186 0.167539 1.68602 1.4637 0.338449 0.27246 1.71131 1.5708 -22.0944 267.812 -20.9195 -0.0135752 0.0702159 -0.035338 0.0783997 -98.162 -19.083 
0.169971 0.131396 0.14042 1.56204 -0.130457 0.334281 1.74533 1.5708 0.0630425 0.348759 1.73011 1.5329 -0.124711 0.196807 1.67561 1.5708 0.18447 0.315623 1.73698 1.43362 -21.1857 269.579 -21.4711 -0.0135752 0.0702159 -0.035338 0.0783997 -98.162 -19.083 
0.0615899 0.0659285 0.0730027 1.43796 -0.134337 0.335736 1.74532 1.50372 -0.107201 0.338634 1.70013 0.592199 -0.134135 0.21331 1.52467 1.49551 0.0416369 0.278758 1.73434 1.54839 -20.3577 271.513 -21.4306 -0.0135752 0.0702159 -0.035338 0.0783997 -98.162 -19.083 
0.0690082 0.0295484 0.0810338 0.976797 -0.0819331 0.349066 1.74396 1.57078 -0.171359 0.272437 1.68611 0.33982 -0.174522 0.220193 1.49541 1.56981 -0.0181088 0.151214 1.74533 1.56736 -20.1792 272.571 -22.1071 -0.0135752 0.0702159 -0.035338 0.0783997 -98.162 -19.083 
0.0886387 0.004757 0.068642 0.867124 -0.10904 0.343335 1.55626 1.47409 -0.163933 0.20989 1.68617 0.180246 -0.174532 0.250547 1.49457 1.56264 -0.0841929 0.0801765 1.71235 1.54223 -19.8987 273.123 -22.1112 -0.0135752 0.0702159 -0.035338 0.0783997 -98.162 -19.083 
0.154397 0.0568724 0.108598 0.850337 -0.174533 0.347727 1.55033 1.55931 -0.173337 0.178245 1.32486 0.354556 -0.152556 0.197227 1.42323 1.5708 -0.0563896 0.0492445 1.67381 1.37525 -19.3101 273.983 -22.3303 -0.0135752 0.0702159 -0.035338 0.0783997 -98.162 -19.083 
0.191347 0.170519 0.129659 0.631357 -0.174184 0.344466 1.0965 1.4909 -0.155328 0.127251 1.09202 0.693905 -0.171245 0.136526 0.870974 1.55744 -0.1014 0.098486 1.61257 1.48358 -18.9698 274.241 -22.4734 -0.0135752 0.0702159 -0.035338 0.0783997 -98.162 -19.083 
0.132952 0.157171 0.316668 0.277328 -0.174533 0.29603 0.865282 1.53122 -0.154801 0.17154 0.652923 1.35786 -0.123417 0.102853 0.325212 1.33619 -0.147662 0.0964063 1.00931 1.06521 -18.7071 274.439 -22.68 -0.0135752 0.0702159 -0.035338 0.0783997 -98.162 -19.083 
0.131637 0.165801 0.315666 0.247993 -0.121347 0.273542 0.39982 1.5708 -0.173038 0.219882 0.410366 1.5708 -0.174533 0.121799 0.324999 1.08424 -0.174533 -0.0453013 0.911627 0.61423 -18.4231 274.598 -22.7974 -0.0135752 0.0702159 -0.035338 0.0783997 -98.162 -19.083 
0.143933 0.179357 0.301003 0.262593 -0.167062 0.282446 0.380978 1.2824 -0.174533 0.226733 0.376156 1.50284 -0.173387 0.091073 0.218873 0.937346 -0.174533 -0.155114 0.945176 0.307775 -18.1366 274.768 -22.8533 -0.0135752 0.0702159 -0.035338 0.0783997 -98.162 -19.083 
0.114435 0.193686 0.331939 0.249271 -0.173594 0.308177 0.347816 1.19582 -0.174533 0.197805 0.2895 1.47033 -0.173593 0.072794 0.215233 0.844037 -0.174263 -0.206969 0.921365 0.173445 -18.0602 274.821 -22.8529 -0.0135752 0.0702159 -0.035338 0.0783997 -98.162 -19.083 
0.142102 0.200028 0.211828 0.529859 -0.163363 0.318924 0.304836 1.15369 -0.172107 0.216966 0.296908 1.39769 -0.151967 0.0522048 0.257932 0.683792 -0.151803 -0.259027 0.832116 0.190108 -17.6654 274.897 -22.9844 -0.0135752 0.0702159 -0.035338 0.0783997 -98.162 -19.083 
0.109581 0.207584 0.240516 0.514712 -0.151638 0.328384 0.322191 1.08874 -0.173621 0.209944 0.237429 1.10794 -0.148007 0.0442075 0.272218 0.724908 -0.137036 -0.268641 0.855329 0.212662 -16.964 274.93 -23.1363 -0.0135752 0.0702159 -0.035338 0.0783997 -98.162 -19.083 
0.124838 0.212488 0.216302 0.502024 -0.161139 0.348302 0.341443 0.891883 -0.171967 0.175499 0.158577 0.713733 -0.152597 0.0200856 0.284678 0.692512 -0.122796 -0.325516 0.827105 0.189162 -16.4664 274.936 -23.5221 -0.0135752 0.0702159 -0.035338 0.0783997 -98.162 -19.083 
0.14126 0.24316 0.210042 0.540972 -0.162708 0.338156 0.340443 0.578409 -0.174533 0.166281 0.143956 0.68395 -0.145674 0.010449 0.291307 0.720826 -0.0668045 -0.347209 0.73808 0.143948 -16.1736 274.884 -23.8352 -0.0135752 0.0702159 -0.035338 0.0783997 -98.162 -19.083 
0.195323 0.26149 0.185961 0.581199 -0.168439 0.348783 0.319113 0.510667 -0.174515 0.160375 0.139014 0.481871 -0.145956 0.00781645 0.287874 0.625681 -0.0545978 -0.349066 0.720225 0.121228 -16.0554 274.764 -23.9751 -0.0135752 0.0702159 -0.035338 0.0783997 -98.162 -19.083 
0.203207 0.258979 0.191013 0.545943 -0.174315 0.348964 0.323908 0.423102 -0.174473 0.161743 0.12686 0.413491 -0.148857 0.00365833 0.267964 0.579286 -0.040664 -0.349049 0.712327 0.105151 -15.9626 274.617 -24.0026 -0.0135752 0.0702159 -0.035338 0.0783997 -98.162 -19.083 
0.21359 0.254983 0.199013 0.543881 -0.174357 0.349066 0.330085 0.434145 -0.173561 0.152069 0.0849154 0.391633 -0.148958 -0.00511874 0.250807 0.628879 -0.0399151 -0.348902 0.699375 0.0802747 -15.8484 274.05 -24.3345 -0.0135752 0.0702159 -0.035338 0.0783997 -98.162 -19.083 
0.206113 0.244761 0.177239 0.577395 -0.174533 0.349066 0.338783 0.493589 -0.174533 0.148086 0.0964846 0.349826 -0.148383 -0.023681 0.257504 0.592422 -0.026512 -0.349066 0.668869 0.0508927 -15.7773 273.719 -24.4498 -0.0135752 0.0702159 -0.035338 0.0783997 -98.162 -19.083 
