-0.120915 -0.0429984 0.00368811 0.418582 -0.0101311 0.348697 0.145029 0.699561 -0.00305656 0.0949564 0.0628059 0.00207972 0.151144 -0.00548997 0.0155565 0.00149748 0.511295 -0.347365 0.0125146 0.0150748 -76.212 317.421 -54.3637 -0.109101 0.148423 -0.215617 1.07771 -99.33 -11.5041 
-0.160247 -0.0253717 0.000170534 0.576587 0.00307592 0.349066 0.144667 0.848217 0.0126259 0.0919493 0.111322 0 0.163197 -0.019078 0.0144076 0.0169645 0.523994 -0.348876 0.000312155 0.0099939 -76.4067 317.618 -54.5062 -0.109802 0.165206 -0.216032 1.07771 -99.33 -11.5041 
-0.167461 -0.0104023 8.83952e-006 0.561355 -0.0199418 0.349066 0.167672 0.885215 0.0211426 0.10716 0.0989243 0 0.136834 -0.00499025 0.00797563 0 0.504115 -0.349034 0 0.00756189 -75.8658 318.27 -54.9893 -0.0968897 0.157623 -0.22477 1.07771 -99.33 -11.5041 
-0.171086 -0.0306121 0.000140321 0.553975 -0.0209512 0.349066 0.172899 0.927355 0.0254251 0.105678 0.102677 0.00869078 0.146614 -0.0075683 0.00959355 0.00110093 0.511999 -0.348462 0 0.0106198 -76.1394 318.52 -55.1917 -0.0996742 0.161186 -0.225364 1.07771 -99.33 -11.5041 
-0.173579 -0.0409794 0.00376342 0.509754 -0.00982305 0.349066 0.144458 0.915239 0.0270007 0.10973 0.107654 0.00493875 0.160093 -0.00782576 0.0136824 0.000479629 0.501734 -0.348636 0.000843994 0.00681431 -76.2541 318.741 -55.6329 -0.102761 0.166646 -0.228851 1.07771 -99.33 -11.5041 
-0.167483 -0.0326155 0.0073238 0.48519 -0.0400942 0.349066 0.162232 0.754057 0.0351114 0.107494 0.0846548 0.0073951 0.158153 -0.00792427 0.013635 0.00318625 0.496179 -0.348606 0.000309477 0.00285044 -76.2124 319.364 -55.6783 -0.0967982 0.158533 -0.228077 1.07771 -99.33 -11.5041 
-0.148546 -0.0112909 0.0217084 0.413844 -0.114765 0.349066 0.227011 0.637209 0.00363537 0.103295 0.122733 0.066134 0.19284 -0.00135058 0.0226395 0.000564703 0.563638 -0.347848 0.0270792 0.0129978 -74.5039 320.593 -56.7697 -0.083293 0.168521 -0.237963 1.07771 -99.33 -11.5041 
-0.0919939 -0.0129618 0.0377739 0.300412 -0.143502 0.349066 0.365973 0.521166 -0.0541203 0.122596 0.229933 0.0398348 0.144765 -0.0216117 0.125454 0.0477668 0.732522 -0.348133 0.0105773 0.0482543 -75.3573 321.752 -57.9605 -0.0699883 0.13044 -0.258733 1.07771 -99.33 -11.5041 
-0.100421 -0.017912 0.0183886 0.318524 -0.163009 0.347963 0.275189 0.464391 -0.0961068 0.0877281 0.219328 0.0720113 0.19786 -0.0564948 0.135087 0.0705574 0.850998 -0.348818 0.105016 0.0524846 -76.2531 322.337 -59.3828 -0.027863 0.134599 -0.26069 1.07771 -99.33 -11.5041 
-0.0417115 -0.036853 0.00392722 0.260231 -0.164841 0.349066 0.25646 0.429927 -0.108274 0.041465 0.194112 0.0950917 0.284513 -0.11381 0.220024 0.119606 0.839022 -0.348848 0.411236 0.0234628 -76.1951 321.286 -58.7249 -0.00932609 0.103158 -0.264941 1.07771 -99.33 -11.5041 
-0.0156633 -0.0284411 0.0341156 0.37377 -0.153543 0.349066 0.158759 0.457728 -0.090874 0.0288024 0.285665 0.335642 0.463217 -0.190427 0.258664 0.355944 0.885342 -0.331904 0.354354 0.103913 -76.7136 320.314 -60.8734 0.0222191 0.0401951 -0.270008 1.07771 -99.33 -11.5041 
-0.0976526 0.203084 0.311505 0.576308 -0.0989308 0.290454 0.239474 0.104598 -0.0371457 0.166013 0.753606 0.947847 1.00121 -0.248703 0 0.0678346 1.12971 -0.349066 0.10855 0.046391 -66.9084 313.333 -61.6972 0.025269 -0.101796 -0.293207 1.07771 -99.33 -11.5041 
-0.120043 0.267717 0.384174 0.695702 -0.138079 0.226746 0.195163 0.0930457 0.0992184 0.25313 0.861378 1.24398 1.0351 -0.232911 0 0.0606266 1.14703 -0.312928 0.0751636 0.113709 -70.7983 314.18 -59.2798 0.11389 -0.155411 -0.289211 1.07771 -99.33 -11.5041 
-0.135154 0.242472 0.5028 0.599928 -0.0518602 0.143664 0.272384 0.0882064 0.152674 0.269767 1.52086 1.38256 1.09685 -0.253001 0 0.0438137 1.13362 -0.32295 0.651333 0.815239 -71.9185 316.562 -65.2766 0.0711772 -0.137482 -0.232342 1.07771 -99.33 -11.5041 
-0.129478 0.160006 0.44883 0.657562 -0.0435059 0.224218 0.262593 0.143519 0.2005 0.221299 1.26711 1.32769 1.2026 -0.17629 0.0714062 0.464527 1.1957 -0.324747 1.14005 1.13683 -74.6909 323.011 -64.9467 0.0199283 -0.0345821 -0.241716 1.07771 -99.33 -11.5041 
-0.0604707 0.255093 0.764686 0.642267 0.197173 0.147823 0.637829 0.105796 0.32385 0.309906 1.09822 1.48071 1.22119 -0.227205 0.075381 0.787718 0.919341 -0.332727 1.16881 1.10681 -74.0208 326.227 -62.8037 -0.0664153 -0.129014 -0.227451 1.07771 -99.33 -11.5041 
0.0546259 0.243376 0.637275 0.503089 0.3097 0.256862 0.904637 0.446063 0.46876 0.255042 0.983318 1.52773 0.8423 0.0188489 0.177986 1.06137 0.818155 -0.002239 1.27134 0.986519 -74.6667 333.483 -70.2236 0.0358994 -0.0284894 -0.389709 1.07771 -99.33 -11.5041 
0.0252056 0.283244 0.610949 0.34754 0.396997 0.216341 0.809556 0.501933 0.277155 0.186038 1.34666 1.5441 0.807036 0.00126051 0.311323 1.22271 0.837865 0.0693438 1.39507 0.970348 -75.7749 334.493 -68.6685 -0.0016991 0.0223965 -0.397552 1.07771 -99.33 -11.5041 
0.153694 0.289807 0.55164 0.178781 0.474197 0.181005 0.904013 0.608852 0.22788 0.110292 1.44726 1.5171 0.751421 -0.0547491 0.295654 1.38356 0.778206 0.0210623 1.57053 1.2569 -72.0473 334.311 -69.4526 -0.0433173 0.0195132 -0.412022 1.07771 -99.33 -11.5041 
0.0550321 0.264943 0.440452 0.292655 0.371467 0.21688 0.96518 1.221 0.255488 0.102539 1.29191 1.52812 0.65191 -0.103904 0.381423 1.56074 0.923843 0.0817179 1.74533 1.33902 -74.6048 338.292 -66.1455 -0.0591692 0.0936411 -0.428869 1.07771 -99.33 -11.5041 
0.0150281 0.219982 0.444097 0.565008 0.37805 0.225218 1.01249 1.45301 0.248977 0.078494 0.998951 1.53254 0.588242 -0.139921 0.350449 1.55271 0.824644 0.107068 1.74533 1.37885 -73.1097 338.144 -65.0105 -0.10016 0.0780557 -0.444533 1.07771 -99.33 -11.5041 
-0.0267561 0.20432 0.421731 0.635282 0.285806 0.248631 0.920721 1.44094 0.203003 0.0767127 0.914626 1.40175 0.584559 -0.171376 0.360061 1.56567 0.764022 0.0929988 1.74515 1.48618 -72.5233 337.022 -62.701 -0.125733 0.123255 -0.424843 1.07771 -99.33 -11.5041 
-0.0277223 0.220594 0.367975 0.488738 0.26674 0.274375 0.851491 1.39168 0.170527 0.101989 0.906654 1.51827 0.557884 -0.214163 0.250135 1.54855 0.456475 0.0814087 1.74531 1.52512 -72.5084 336.337 -62.448 -0.148437 0.102847 -0.446855 1.07771 -99.33 -11.5041 
0.0216128 0.199086 0.221482 0.405013 0.206039 0.25785 0.906 1.50427 0.189512 0.135868 0.951872 1.55375 0.526996 -0.234068 0.353149 1.56937 0.537051 0.0520003 1.74533 1.53751 -72.8983 336.884 -62.2293 -0.155297 0.110004 -0.450783 1.07771 -99.33 -11.5041 
0.0208855 0.19925 0.157816 0.394044 0.186655 0.25245 0.919584 1.5708 0.19287 0.115706 0.63542 1.56285 0.533353 -0.277262 0.264743 1.5708 0.543903 0.0492925 1.70046 1.5708 -73.9631 339.248 -62.6295 -0.164172 0.119295 -0.461403 1.07771 -99.33 -11.5041 
0.0339566 0.165447 0.131587 0.333626 0.17234 0.269643 0.891186 1.5708 0.189911 0.0926671 0.633836 1.56568 0.537028 -0.280831 0.331016 1.57078 0.535838 0.0161583 1.66276 1.57034 -73.5122 338.864 -61.745 -0.174452 0.123191 -0.442973 1.07771 -99.33 -11.5041 
0.0158706 0.135687 0.113815 0.316723 0.0666299 0.281489 0.650845 1.5708 0.164608 0.0694751 0.642103 1.5678 0.569128 -0.305501 0.314603 1.57024 0.519446 0.0285458 1.67138 1.54104 -73.1471 338.39 -62.7665 -0.150578 0.131798 -0.44749 1.07771 -99.33 -11.5041 
-0.00268232 0.156946 0.110066 0.331577 0.0849192 0.284771 0.502099 1.5708 0.142455 0.060176 0.652235 1.55811 0.605874 -0.307151 0.309272 1.5708 0.495042 0.0170273 1.68234 1.52372 -73.3908 337.671 -62.2739 -0.146634 0.153145 -0.459516 1.07771 -99.33 -11.5041 
-0.0392321 0.156266 0.123951 0.332421 0.0793889 0.267773 0.487758 1.48455 0.199906 0.0624981 0.625851 1.559 0.642838 -0.300541 0.294079 1.56297 0.517434 0.0106429 1.67891 1.49626 -72.4781 336.534 -62.9863 -0.138864 0.16118 -0.483431 1.07771 -99.33 -11.5041 
-0.106309 0.160002 0.138925 0.264258 -0.00378417 0.260108 0.401222 1.5708 0.185989 0.0767277 0.647644 1.5708 0.665308 -0.307112 0.322927 1.5708 0.507447 0.036742 1.74349 1.54936 -73.8039 335.203 -64.6572 -0.0829769 0.19136 -0.512066 1.07771 -99.33 -11.5041 
-0.114831 0.179369 0.12716 0.265943 -0.0177838 0.271255 0.390218 0.945078 0.239132 0.0349208 0.663183 1.57056 0.676732 -0.323621 0.269426 1.56535 0.542031 0.0557605 1.74521 1.48713 -74.2461 334.093 -65.1868 -0.0518194 0.199839 -0.516443 1.07771 -99.33 -11.5041 
-0.093877 0.166374 0.11913 0.208778 0.00664862 0.293812 0.341047 0.921431 0.278325 0.0192425 0.665696 1.5708 0.640043 -0.318842 0.568164 1.1307 0.539672 0.0670303 1.74525 1.54835 -73.8199 332.805 -65.3094 -0.0251688 0.20144 -0.521414 1.07771 -99.33 -11.5041 
-0.156333 0.0592764 0.12385 0.161318 -0.0550697 0.191509 0.194224 0.615231 0.125218 0.0462941 0.74187 1.22887 0.200259 -0.331721 1.17715 1.18809 0.707526 -0.082163 1.68137 1.51835 -81.096 331.394 -65.347 0.0898006 0.172006 -0.402655 1.07771 -99.33 -11.5041 
-0.153862 0.0454133 0.146996 0.238217 -0.0614795 0.207612 0.211406 0.438131 0.199443 0.00638154 0.792836 1.02924 0.372184 -0.303389 1.09735 1.27532 0.701009 -0.122428 1.68859 1.54163 -81.02 329.925 -65.4661 0.0484433 0.123782 -0.365645 1.07771 -99.33 -11.5041 
-0.00493522 -0.0865097 0.0702048 0.112361 0.338322 0.0311922 0.236878 0.260658 0.19567 0.172621 1.29593 1.28396 0.660717 -0.236837 1.04987 1.17444 0.686322 -0.194401 1.69947 1.56049 -84.353 333.68 -66.8318 -0.0475793 0.0795979 -0.361202 1.07771 -99.33 -11.5041 
0.0176236 -0.0773195 0.214392 0.152938 0.261756 0.0704035 0.268638 0.522515 0.0830174 0.203293 1.14649 1.17266 0.769668 -0.221201 1.15829 1.19362 0.548401 -0.191311 1.66771 1.45556 -84.8446 335.434 -65.849 0.039971 0.0261395 -0.331155 1.07771 -99.33 -11.5041 
0.177351 -0.0676737 0.0906528 0.125418 0.336424 0.211373 0.722807 0.396667 0.217803 0.28269 1.41968 0.550622 1.06816 -0.288644 1.04608 1.39121 0.459745 -0.0861351 1.56444 1.36676 -85.6108 336.903 -67.9873 0.122616 0.0220378 -0.335979 1.07771 -99.33 -11.5041 
0.21512 -0.0842313 0.125944 0.0644123 0.535483 0.182245 0.858905 0.604738 0.275912 0.255946 1.55855 0.517095 0.953234 -0.239498 1.25392 1.3324 0.559251 -0.096168 1.44878 1.46442 -85.5003 336.946 -72.4279 0.139977 0.00750151 -0.340373 1.07771 -99.33 -11.5041 
0.181506 -0.0930622 0.123145 0.0577865 0.607062 0.177331 0.859566 0.387104 0.297667 0.256501 1.65307 0.505314 0.921971 -0.241054 1.3599 1.35541 0.549807 -0.0944187 1.45048 1.47182 -86.4237 336.873 -72.578 0.136615 0.0186188 -0.357614 1.07771 -99.33 -11.5041 
0.0810846 -0.123573 0.347193 0.0491617 0.623473 0.111141 0.827659 0.400245 0.249063 0.222276 1.54687 1.13088 0.654873 -0.151004 1.529 1.27455 0.596507 -0.0661155 1.56384 1.50114 -88.7904 343.131 -74.8709 0.137048 0.0440868 -0.323569 1.07771 -99.33 -11.5041 
