-0.14192 0.0294474 0.0132672 0.837494 0.119735 0.153244 0.0065897 0.616007 0.191779 -0.0436206 0.00546092 0 0.13867 -0.136088 0.606713 0 0.823154 -0.349066 0 1.5708 -15.2074 273.33 -45.1107 -0.142692 0.247568 0.00747821 -11.9981 -98.483 -12.535 
-0.127722 0.195881 0.181545 0.696926 -0.096698 0.303078 0.324043 0 -0.000265557 0.0200615 0.0284755 1.34791 0.187767 -0.0114743 0.0332418 0.379824 0.538615 -0.348347 0.0111774 0 -16.2466 272.309 -44.8763 -0.0310094 0.169592 -0.100175 -11.9981 -98.483 -12.535 
-0.0848922 0.200457 0.219432 0.337935 -0.131233 0.297585 0.323143 0 -0.0227944 0.00393865 0 1.35154 0.208373 -0.0150576 0 0.0860479 0.50239 -0.349066 0.0071946 0 -16.9728 272.728 -45.172 -0.00989486 0.155214 -0.107433 -11.9981 -98.483 -12.535 
-0.0822785 0.193779 0.243921 0.225614 -0.136288 0.30231 0.288795 0.0462075 -0.0411615 0.00826349 0.0207777 1.05986 0.20013 -0.0237199 0 0.000445073 0.493045 -0.348685 0.00876404 0 -16.102 272.783 -45.653 0.000341422 0.151115 -0.109945 -11.9981 -98.483 -12.535 
-0.0800343 0.167568 0.219105 0.222366 -0.159478 0.324813 0.284683 0.0180034 -0.0578965 0.0380767 0.0648794 0.762797 0.149048 -0.0112811 0.0294476 0.00047385 0.493788 -0.349066 0 0 -15.9668 272.673 -47.0395 0.0139934 0.153502 -0.120741 -11.9981 -98.483 -12.535 
-0.10236 0.167124 0.275691 0.185257 -0.161258 0.324634 0.288209 0.0178875 -0.0564659 0.0470281 0.0881438 0.626783 0.154158 -0.0120936 0 0 0.508995 -0.349066 0 0 -15.9675 272.672 -47.0452 0.0143693 0.148816 -0.120778 -11.9981 -98.483 -12.535 
-0.133877 0.165009 0.284851 0.236 -0.161258 0.336073 0.288209 0.0178875 -0.058967 0.0481672 0.104432 0.579159 0.154158 -0.0120936 0 0 0.522256 -0.349066 0.0738289 0 -15.9675 272.672 -47.0452 0.0143693 0.148816 -0.120778 -11.9981 -98.483 -12.535 
-0.16815 0.160153 0.216205 0.312654 -0.164538 0.327771 0.326498 0 -0.0571438 0.0481621 0.172067 0.282597 0.168066 -0.0121193 0.0421521 0 0.624753 -0.341159 0 0 -15.9668 272.719 -47.045 0.0143628 0.148828 -0.120759 -11.9981 -98.483 -12.535 
-0.140276 0.175893 0.220771 0.196207 -0.0897663 0.324917 0.274081 0.079975 -0.057488 0.053732 0.156696 0.379437 0.177246 -0.01094 0.0343919 0.295805 0.67914 -0.348991 0.0677434 0 -15.8201 273.027 -47.2266 0.00977255 0.0366915 -0.121036 -11.9981 -98.483 -12.535 
-0.170592 0.187224 0.27677 0.0442927 -0.0950795 0.320109 0.378037 0 -0.0272733 0.0476667 0.190045 0.595483 0.227707 -0.0215839 0.076112 0.0356337 0.721314 -0.349066 0.185781 0.0249107 -15.1962 272.895 -47.1922 0.0050353 -0.0217031 -0.12047 -11.9981 -98.483 -12.535 
-0.174533 0.166911 0.29953 0 -0.138755 0.320118 0.437828 0.07824 -0.0141197 0.0495334 0.0988423 0.779812 0.221083 -0.00452559 0.0844625 0.0083917 0.856114 -0.347696 0.0544626 0.102282 -13.8619 273.156 -46.983 0.0414387 -0.0981461 -0.132695 -11.9981 -98.483 -12.535 
-0.174533 0.117506 0.276893 0.181259 -0.162894 0.298154 0.570178 0.0465362 -0.00183257 0.0772334 0.124142 0.7011 0.198581 -0.00444097 0.289717 0 0.893884 -0.349066 0 0.0643049 -14.0381 273.219 -47.1122 0.0555848 -0.194534 -0.134962 -11.9981 -98.483 -12.535 
-0.174533 0.0544879 0.207486 0 -0.174533 0.265184 0.474425 0.283191 0.0219277 0.0391881 0.17431 0.680262 0.278386 -0.0245468 0.109902 0 1.00546 -0.306385 0 0 -13.946 271.725 -47.2382 0.0531391 -0.20025 -0.132587 -11.9981 -98.483 -12.535 
-0.173201 0.0394983 0.215359 0 -0.174165 0.152112 0.429115 0.0291777 -0.0322536 -0.0222187 0.286425 0.653363 0.295938 -0.103174 0.0572545 0 1.08339 -0.294767 0 0 -12.256 272.312 -47.5342 0.0793318 -0.239896 -0.107924 -11.9981 -98.483 -12.535 
-0.174533 0.00496269 0.0782919 0.273645 -0.174533 0.10752 0.310194 0.0430443 -0.0525357 -0.0492676 0.438686 0.317035 0.355447 -0.117364 0.054603 0.123086 1.14549 -0.231708 0.00161124 0.0102361 -11.2897 271.055 -47.1183 0.0806896 -0.252954 -0.11064 -11.9981 -98.483 -12.535 
-0.174533 -0.0186938 0 0.30777 -0.174533 0.10752 0.310194 0.0430443 -0.0401313 -0.0653257 0.446795 0.317035 0.394488 -0.111957 0.0655049 0 1.1447 -0.150211 0 0.000612952 -11.2897 271.055 -47.1183 0.0806896 -0.252954 -0.11064 -11.9981 -98.483 -12.535 
-0.174533 -0.052146 0 0.231145 -0.146266 0.127307 0.182363 0.267912 0.0148063 -0.068362 0.291255 0.443226 0.459805 -0.0747519 0 0 1.07795 -0.128733 0 0.081749 -11.7427 270.807 -48.1295 0.069373 -0.270323 -0.119378 -11.9981 -98.483 -12.535 
-0.174533 -0.18264 0 0 -0.174533 -0.0815667 0.0694032 1.5708 -0.174533 0.0262114 0.427531 0 0.527378 -0.0876315 0 0 1.26071 -0.0540093 0 0.473924 -15.2598 279.156 -51.2979 0.0365378 -0.280051 -0.0555382 -11.9981 -98.483 -12.535 
-0.155666 -0.20944 0.110605 0 -0.121917 -0.0637028 0.293455 1.30738 -0.128756 0.117149 0.559446 0.482273 0.587212 -0.0933952 0.00385288 0 1.34789 0.0848411 0 0 -14.3933 278.842 -49.9097 -0.0199688 -0.352613 -0.0573652 -11.9981 -98.483 -12.535 
-0.173363 -0.20944 0.113824 0 -0.141976 -0.0691406 0.37773 1.24047 -0.0977446 0.114247 0.60028 0.473451 0.594538 -0.0660494 0.0023657 0 1.35338 0.173266 0 0 -14.9276 278.813 -49.8398 -0.0233929 -0.353992 -0.0544944 -11.9981 -98.483 -12.535 
-0.147371 -0.207067 0.163214 0.0297562 -0.0297148 -0.0636517 0.469582 1.32016 -0.00357061 0.126331 0.592164 0.280436 0.654475 -0.117422 0 0.0698221 1.37428 0.206952 0.147623 0.000801871 -14.5204 278.999 -46.5129 -0.0702773 -0.439181 -0.0790719 -11.9981 -98.483 -12.535 
-0.174533 -0.203924 0 0.720076 0.115628 0.0126515 0.421795 1.5708 0.104999 0.0594098 0.675055 0.434807 0.796685 -0.0490108 0.0118028 0.363492 1.52701 0.258816 0.0112368 0 -12.4959 271.245 -44.4382 -0.114313 -0.558985 -0.135788 -11.9981 -98.483 -12.535 
-0.174533 -0.20944 0 0.761698 0.0717955 0.0317638 0.831041 1.5708 0.10973 -0.0811625 0.604287 0.683601 0.866687 -0.0981305 0.00522288 0.983105 1.56955 0.349066 0.0213249 0 -14.4616 270.763 -44.6896 -0.0999251 -0.599937 -0.170456 -11.9981 -98.483 -12.535 
-0.0994447 -0.204988 0.155783 0.300524 -0.0842297 0.154909 1.195 1.20028 0.257302 -0.255335 0.705403 0 0.863028 -0.239789 0 0.789419 1.56366 0.320495 0.202298 0 -13.5809 273.271 -43.3563 -0.148809 -0.650166 -0.147577 -11.9981 -98.483 -12.535 
-0.120252 -0.195547 0.274494 0.0786337 -0.166158 0.349066 1.37973 1.29552 0.274935 -0.277259 0.680296 0 0.999441 -0.280576 0.00207856 0 1.5708 0.289154 0.150897 0 -12.7832 272.095 -44.0307 -0.121945 -0.700724 -0.194356 -11.9981 -98.483 -12.535 
-0.174533 -0.20944 0.313064 0.00744083 -0.163971 0.349066 1.40611 1.43404 0.359707 -0.325394 0.437362 0.0901987 1.03151 -0.323457 0.0074208 0 1.5708 0.124971 0.18136 0 -15.0985 271.871 -45.2076 -0.123427 -0.702586 -0.17995 -11.9981 -98.483 -12.535 
-0.174533 -0.20944 0.181888 0 -0.174533 0.349066 1.39947 1.5708 0.447163 -0.32558 0 0.382287 0.928274 -0.332535 0 0.0366744 1.5531 0.107147 0 0 -13.9059 273.152 -46.358 -0.0603984 -0.737206 -0.18983 -11.9981 -98.483 -12.535 
-0.139416 -0.20617 0.0597298 0.0458764 -0.174533 0.349066 1.37562 1.55179 0.380019 -0.333987 0.0199807 0 0.819496 -0.349066 0 0 1.43469 0.0688419 0 0 -13.2423 271.88 -47.3405 0.0138049 -0.817365 -0.203268 -11.9981 -98.483 -12.535 
-0.173473 -0.20944 0 0 -0.174533 0.269327 1.5105 1.5708 0.345905 -0.316161 0 0 0.825072 -0.349066 0.0691113 0.0132436 1.45402 -0.0911351 0.00400178 0.000933643 -12.3057 272.052 -47.9393 0.0265883 -0.82485 -0.15925 -11.9981 -98.483 -12.535 
-0.174533 -0.20267 0 0.000226245 -0.172984 0.253974 1.6497 1.5708 0.295855 -0.250316 0.0416421 0.343419 0.829188 -0.340621 0.0312052 0 1.45721 -0.0389848 0 0.00169114 -12.0271 270.45 -47.094 0.0405152 -0.87282 -0.165563 -11.9981 -98.483 -12.535 
-0.174533 -0.172201 0.0104259 0 -0.174533 0.263323 1.72717 1.5708 0.248026 -0.215744 0.0103324 0.451402 0.812828 -0.349066 0 0 1.43589 -0.0158264 0 1.37342e-005 -13.0835 270.245 -47.3888 0.0608779 -0.914564 -0.185215 -11.9981 -98.483 -12.535 
-0.174533 -0.18605 1.10534e-007 0 -0.174533 0.240334 1.73117 1.5708 0.243368 -0.205465 0 0.448607 0.811134 -0.349066 0 0 1.44051 0.0635246 0 9.38562e-006 -13.1076 270.251 -47.3922 0.0607348 -0.91473 -0.185213 -11.9981 -98.483 -12.535 
-0.156273 -0.176259 0 0 -0.169863 0.318683 1.74533 1.55215 0.172897 -0.205659 0 0.902954 0.771247 -0.349066 0.000948108 0 1.36204 0.124212 0.00458389 0 -14.6309 269.66 -46.7864 0.081742 -0.946264 -0.191806 -11.9981 -98.483 -12.535 
-0.147723 -0.162217 0 0 -0.16893 0.330962 1.74533 1.55115 0.153662 -0.189429 0 0.7708 0.725252 -0.332567 0 0.0110613 1.33077 0.184626 0.00215088 0 -13.2552 268.447 -45.9384 0.116568 -0.988663 -0.200824 -11.9981 -98.483 -12.535 
-0.147723 -0.162217 0 0 -0.16893 0.330962 1.74533 1.55115 0.122614 -0.189429 0 0.827715 0.719276 -0.275325 0.0260669 0.0110613 1.3396 0.255959 0.00215088 0 -13.2552 268.447 -45.9384 0.116568 -0.988663 -0.200824 -11.9981 -98.483 -12.535 
-0.174533 -0.165147 0 0.0642635 -0.149352 0.344521 1.74299 1.5634 0.103398 -0.191766 0 0.939715 0.706543 -0.215566 0.0436448 0 1.31556 0.326982 0 0 -13.8115 268.728 -44.4158 0.131964 -1.01436 -0.213944 -11.9981 -98.483 -12.535 
-0.174533 -0.159755 0 0.0649201 -0.142407 0.349066 1.74317 1.56245 0.0963197 -0.185502 0 1.01333 0.712806 -0.184512 0.072131 0.0300332 1.30566 0.349066 0 0 -13.7287 268.801 -44.3381 0.131411 -1.01577 -0.210325 -11.9981 -98.483 -12.535 
-0.174533 -0.15635 0 0.0544418 -0.144231 0.349066 1.74301 1.56579 0.0793306 -0.166574 0 0.903273 0.714235 -0.157214 0.078268 0 1.30511 0.349066 0 0 -13.3194 268.765 -44.5417 0.134104 -1.02335 -0.195179 -11.9981 -98.483 -12.535 
-0.16733 -0.151864 0.0218559 0.0159869 -0.12276 0.334112 1.74163 1.52093 0.0810608 -0.201822 0.0241517 0.923838 0.699477 -0.153931 0.154764 0 1.31197 0.349066 0 0.000408151 -13.4305 273.258 -44.562 0.126241 -1.0293 -0.201808 -11.9981 -98.483 -12.535 
-0.174346 -0.133477 0.0530802 0.084575 -0.174533 0.268131 1.74533 1.23595 -0.0141837 -0.241246 0.514987 0.1342 0.60544 -0.124249 0.44092 0.039407 1.34983 0.349066 0.00116369 0 -13.0792 274.6 -41.9497 0.122799 -1.02256 -0.198938 -11.9981 -98.483 -12.535 
-0.174533 -0.0387577 0.249356 0 -0.174533 0.269577 1.73326 1.5708 -0.0733057 -0.208292 0.525143 0.878085 0.520073 -0.179092 0.539083 0.145527 1.38456 0.349066 0 0 -7.97533 277.531 -35.4341 0.138247 -1.09495 -0.205198 -11.9981 -98.483 -12.535 
0.150627 -0.0333598 0.0048327 0.39216 -0.148228 0.307889 1.73199 1.53753 -0.099216 -0.294526 0.752792 1.33177 0.599726 -0.200969 0.621639 0.316293 1.52539 0.281665 0.00478593 0 -5.41691 281.35 -30.0215 0.0980609 -1.19735 -0.247053 -11.9981 -98.483 -12.535 
0.512975 0.0296054 0 0.198623 -0.174533 0.318035 1.74533 0.971018 -0.135157 -0.349066 0.831938 0.308606 0.51379 -0.344765 0.736684 0.0371204 1.48467 0.096273 0 0 -3.6963 281.787 -32.214 0.0949157 -1.42412 -0.269011 -11.9981 -98.483 -12.535 
0.526305 0.175918 0.0970192 0.49322 -0.174533 0.241196 1.74533 0.89064 -0.156756 -0.349066 0.719636 0.627395 0.519377 -0.330327 0.742031 0 1.47036 0.284553 0 0 -2.80406 281.428 -32.7321 0.108317 -1.45673 -0.256627 -11.9981 -98.483 -12.535 
0.551001 0.315432 0.383005 0.358818 -0.174533 0.122188 1.72929 0.839483 -0.147611 -0.349066 0.580092 0.210165 0.441202 -0.341994 0.833321 0 1.48296 0.209209 0.00226967 0 -1.29667 279.572 -33.0132 0.0625943 -1.56723 -0.236157 -11.9981 -98.483 -12.535 
0.608287 0.349066 0.374862 0.406417 -0.174533 0.119025 1.72642 0.718175 -0.0726364 -0.349066 0.503211 0 0.541998 -0.272531 0.54283 0.290704 1.44699 0.0799882 0.00334678 0 -1.36825 278.968 -35.326 0.0394869 -1.61418 -0.245732 -11.9981 -98.483 -12.535 
0.566355 0.349066 0.414324 0.294531 -0.174533 0.0635987 1.73247 0.726557 -0.040889 -0.349066 0.449816 0.0775077 0.564936 -0.278079 0.544631 0.204796 1.43256 0.1219 0.0296439 0 -0.91644 279.758 -34.785 0.0298132 -1.61758 -0.249328 -11.9981 -98.483 -12.535 
0.64163 0.322368 0.271143 0.051864 -0.173768 0.127161 1.73955 0.793038 0.005462 -0.331088 0.442846 0.316328 0.624962 -0.332736 0.530015 0.0401194 1.42393 0.100319 0.038097 0 -1.15013 280.727 -34.2359 0.0213961 -1.67413 -0.303837 -11.9981 -98.483 -12.535 
0.6929 0.264967 0.282006 0 -0.174533 0.112212 1.73226 0.463693 -0.0675762 -0.349066 0.480454 0.15413 0.536541 -0.348854 0.710738 0 1.43606 0.011408 0.125984 0.049757 -2.74514 279.262 -33.9499 0.0257095 -1.7455 -0.295864 -11.9981 -98.483 -12.535 
0.804762 0.18948 0.157298 0 -0.174533 0.140136 1.74358 0 -0.00609002 -0.331516 0.270879 1.02402 0.520622 -0.347879 0.612531 0 1.45592 -0.168477 0 0 -4.56268 279.258 -32.8203 0.0574841 -1.78598 -0.31656 -11.9981 -98.483 -12.535 
0.780527 0.179271 0.261028 0.00565095 -0.174533 0.180322 1.74533 0 -0.0104925 -0.296458 0.211884 0.351224 0.450826 -0.349066 0.288565 0 1.29085 -0.349066 0 0 -2.303 277.701 -34.1247 0.0937289 -1.82473 -0.311818 -11.9981 -98.483 -12.535 
0.792023 0.198687 0.257483 0 -0.170916 0.176688 1.74533 0 0.0365053 -0.258724 0.102889 0.0503607 0.357369 -0.349066 0.108913 0.172264 1.19491 -0.349066 0 0 -2.09319 276.636 -34.1118 0.123008 -1.80509 -0.306971 -11.9981 -98.483 -12.535 
0.955691 0.164045 0 0.0194718 -0.173487 0.21464 1.74533 0.0739231 -0.0146452 -0.209691 0 0.166045 0.129113 -0.349066 0.120031 0.167766 1.02021 -0.34838 0.0095822 0.852582 -5.23927 273.352 -33.0832 0.152488 -1.84093 -0.299136 -11.9981 -98.483 -12.535 
0.827363 0.293241 0.171876 0.479944 -0.108226 0.176344 1.57954 0.83415 0.0277342 -0.157378 0.14334 0.146262 0.120842 -0.349066 0 0.000888312 0.978805 -0.349066 0 1.23269 -3.96254 269.401 -33.8286 0.144728 -1.77281 -0.349922 -11.9981 -98.483 -12.535 
