-0.00699816 -0.0560869 0 0.0550327 -0.170682 0.349066 0.231253 0.418163 -0.170864 0.0535481 0.0598697 0.245733 -0.0300592 -0.0619719 0 0 0.129244 -0.349066 0.385905 0 -8.99288 299.982 -30.8567 0.0422117 0.0465794 0.0370994 -0.600901 -98.221 -18.7674 
-0.0619422 -0.034633 0.0079034 0.229846 -0.142433 0.346175 0.118691 0.31989 -0.167448 0.0395563 0.0296752 0.105305 -0.0400497 -0.0681825 0 0 0.234426 -0.349066 0.000813823 0 -10.0057 299.223 -35.8684 0.0582087 0.0443313 0.0216788 -0.600901 -98.221 -18.7674 
-0.0675014 0.00745392 0.0389974 0.371298 -0.114263 0.349066 0.0614545 0.288032 -0.16922 0.0343648 0.109418 0.117241 0.0129535 -0.066335 0.0102577 0.0314351 0.207151 -0.349066 0 0 -8.76327 298.954 -36.3173 0.0567758 0.0365838 0.0238426 -0.600901 -98.221 -18.7674 
-0.0700699 0.00370519 0.0398607 0.444774 -0.104374 0.349066 0.0563717 0.253305 -0.153337 0.0309229 0.106372 0.162011 0.0142009 -0.06336 0.0394654 0.00482574 0.233953 -0.349066 0 0.0245361 -8.60896 299.062 -36.4854 0.0569379 0.0385218 0.0276645 -0.600901 -98.221 -18.7674 
-0.0700699 0.00370519 0.0398607 0.444774 -0.104374 0.349066 0.0563717 0.253305 -0.145115 0.0375664 0.106372 0.162011 0.006817 -0.0532452 0.0394654 0.00482574 0.262812 -0.349066 0 0 -8.60896 299.062 -36.4854 0.0569379 0.0385218 0.0276645 -0.600901 -98.221 -18.7674 
-0.0605231 -0.00146052 0.0398607 0.385973 -0.104374 0.349066 0.0563717 0.253305 -0.145115 0.0534768 0.106372 0.162011 0.0153824 -0.0496008 0 0.00482574 0.269259 -0.349066 0.0204849 0 -8.60896 299.062 -36.4854 0.0569379 0.0385218 0.0276645 -0.600901 -98.221 -18.7674 
-0.0430618 -0.00637785 0.0398607 0.328197 -0.104374 0.349066 0.0563717 0.253305 -0.145115 0.0635038 0.106372 0.162011 0.0153824 -0.0496008 0 0.00482574 0.269259 -0.349066 0.0204849 0 -8.60896 299.062 -36.4854 0.0569379 0.0385218 0.0276645 -0.600901 -98.221 -18.7674 
-0.0150146 -0.00637785 0.0398607 0.267978 -0.104374 0.349066 0.0563717 0.253305 -0.145115 0.0635038 0.106372 0.162011 0.0233101 -0.0496008 0 0.00482574 0.269259 -0.349066 0.0204849 0 -8.60896 299.062 -36.4854 0.0569379 0.0385218 0.0276645 -0.600901 -98.221 -18.7674 
0.00615861 0.00154478 0.0481183 0.245578 -0.104501 0.349066 0.0562654 0.25368 -0.137385 0.0638007 0.106661 0.163278 0.0235884 -0.0399342 0.0318451 0.00582377 0.272525 -0.349066 0.00658766 0 -8.61183 299.059 -36.4897 0.0569008 0.0384814 0.0275522 -0.600901 -98.221 -18.7674 
0.0391881 0.0101357 0.0411315 0.245578 -0.104501 0.349066 0.0778803 0.25368 -0.138903 0.0638007 0.112315 0.280656 0.0267186 -0.0227228 0.012664 0.151389 0.278175 -0.349066 0.00658766 0 -8.61183 299.059 -36.4897 0.0569008 0.0384814 0.0275522 -0.600901 -98.221 -18.7674 
0.0509306 0.0240423 0.0463023 0.321381 -0.091836 0.349066 0.0654124 0.287422 -0.143495 0.0726368 0.17993 0.442772 0.0184527 0.000395043 0.0121139 0.480212 0.284827 -0.347897 0.000555681 0.0801763 -8.61709 299.015 -36.4906 0.0566893 0.0385771 0.0274294 -0.600901 -98.221 -18.7674 
0.0710171 0.0288784 0.0508447 0.329263 -0.0925362 0.349066 0.0874432 0.387135 -0.14193 0.0798112 0.17993 0.632523 0.00990422 0.0171362 0.0451934 0.68281 0.284827 -0.347897 0.000555681 0.0801763 -8.61709 299.015 -36.4906 0.0566893 0.0385771 0.0274294 -0.600901 -98.221 -18.7674 
0.0716354 0.0288784 0.0537479 0.473436 -0.0904131 0.349066 0.0578783 0.942657 -0.144545 0.0851515 0.148595 1.34959 -0.013141 0.0406326 0.125175 0.949058 0.275451 -0.344477 0.000555681 0.0801763 -8.61709 299.015 -36.4906 0.0566893 0.0385771 0.0274294 -0.600901 -98.221 -18.7674 
0.0980229 0.0213896 0.0313857 0.540992 -0.096421 0.349066 0.0703767 1.49782 -0.170256 0.0851515 0.26096 1.5708 -0.040308 0.05306 0.27304 1.24795 0.253912 -0.31962 0.000555681 0.354222 -8.61709 299.015 -36.4906 0.0566893 0.0385771 0.0274294 -0.600901 -98.221 -18.7674 
0.135398 0.00879086 0.0315331 0.522404 -0.105968 0.349066 0.194267 1.5708 -0.173922 0.082193 0.38834 1.5708 -0.0291971 0.0585089 0.375927 1.36534 0.253341 -0.317738 0.000554907 0.419882 -8.6253 299.014 -36.4893 0.0568337 0.0386007 0.0274575 -0.600901 -98.221 -18.7674 
0.16624 -0.00536214 0.0126695 0.623549 -0.0799382 0.349066 0.194267 1.5708 -0.174533 0.082193 0.535826 1.5708 -0.0158599 0.0702698 0.509789 1.27022 0.253341 -0.317738 0.000554907 0.612649 -8.6253 299.014 -36.4893 0.0568337 0.0386007 0.0274575 -0.600901 -98.221 -18.7674 
0.165013 -0.00730109 0.026005 0.993901 -0.1272 0.349066 0.480287 1.5708 -0.174533 0.0858351 0.712337 1.5708 -0.0158015 0.0702108 0.696656 0.878529 0.18464 -0.32283 0.000333692 1.34203 -8.75671 299.018 -36.4885 0.0468428 0.0392361 0.0268721 -0.600901 -98.221 -18.7674 
0.179432 -0.0482474 0.00419895 0.987197 -0.174533 0.346871 0.683838 1.5708 -0.174533 0.0790232 0.806529 1.5708 -0.0131181 0.0894076 0.74461 0.604437 0.188424 -0.326671 0 1.57045 -9.09579 298.886 -36.2613 0.0451322 0.0630977 0.0292492 -0.600901 -98.221 -18.7674 
0.188162 -0.0569024 0 0.990549 -0.174533 0.349066 0.719912 1.5708 -0.174533 0.0959516 0.920352 1.5708 -0.0431988 0.0823089 0.868063 0.607998 0.180422 -0.326251 0 1.57045 -9.14316 298.869 -36.2771 0.0455552 0.0633948 0.0292351 -0.600901 -98.221 -18.7674 
0.229326 -0.0579052 0.000263826 0.95688 -0.172867 0.348859 0.815047 1.5708 -0.174533 0.0948887 1.00328 1.5708 -0.0454212 0.075987 0.886041 0.977909 0.168385 -0.299962 0.0427868 1.5708 -9.17175 298.993 -36.3451 0.0466677 0.064696 0.0287955 -0.600901 -98.221 -18.7674 
0.229614 -0.0601025 0 0.803748 -0.17333 0.349066 0.972382 1.5708 -0.174533 0.0939789 0.996333 1.5708 -0.073664 0.0798633 0.987599 0.982646 0.203363 -0.261613 0 1.5708 -9.12358 298.906 -36.4352 0.0476334 0.063477 0.028275 -0.600901 -98.221 -18.7674 
0.224863 -0.0615357 0 0.698759 -0.174533 0.349053 1.06028 1.5708 -0.172357 0.0972736 0.985864 1.5708 -0.0829591 0.120397 1.08687 0.590138 0.249694 -0.204642 0 1.5656 -9.02014 299.156 -36.7803 0.0387443 0.0729575 0.0291163 -0.600901 -98.221 -18.7674 
0.225576 -0.0616131 0 0.693266 -0.174533 0.349054 1.05477 1.5708 -0.172329 0.0966782 0.986709 1.5708 -0.0832748 0.134354 1.12105 0.597858 0.244226 -0.1735 0.075194 1.56554 -9.03273 299.153 -36.7978 0.0381815 0.0733776 0.0291552 -0.600901 -98.221 -18.7674 
0.218964 -0.0779976 0 0.661458 -0.166423 0.349062 1.0316 1.5708 -0.172225 0.106525 0.985056 1.5708 -0.0813946 0.134944 1.12865 0.625532 0.258471 -0.17311 0.0391426 1.56661 -9.04226 299.136 -36.8265 0.0383854 0.072253 0.0288034 -0.600901 -98.221 -18.7674 
0.218964 -0.0779976 0 0.661458 -0.166423 0.349062 1.0316 1.5708 -0.172225 0.106525 0.985056 1.5708 -0.0813946 0.134944 1.12865 0.625532 0.258471 -0.17311 0.0391426 1.56661 -9.04226 299.136 -36.8265 0.0383854 0.072253 0.0288034 -0.600901 -98.221 -18.7674 
0.255321 -0.112325 0.00015132 0.386584 -0.173354 0.349066 0.887399 1.5708 -0.145823 0.153203 0.766776 1.5708 -0.143849 0.112481 0.979643 0.794979 0.102489 -0.231623 0.498695 1.27958 -8.98584 298.926 -36.6778 0.0237597 0.0668844 0.0342909 -0.600901 -98.221 -18.7674 
0.279424 -0.112547 0.000105406 0.32017 -0.167207 0.34262 0.688491 1.5708 -0.170108 0.157289 0.759258 1.38391 -0.174533 0.0797601 0.951855 0.420828 0.0941472 -0.261279 0.443674 1.22532 -8.98064 298.924 -36.6541 0.0236067 0.0669115 0.0340342 -0.600901 -98.221 -18.7674 
0.305658 -0.0939043 0.00457719 0.211268 -0.160972 0.331466 0.503319 1.5708 -0.164933 0.146831 0.647032 1.24121 -0.174533 0.0515393 0.952727 0.280644 0.109371 -0.290261 0.364276 1.01038 -8.80692 299 -36.8336 0.0190453 0.054332 0.0334227 -0.600901 -98.221 -18.7674 
0.339702 -0.0982993 0 0 -0.131112 0.336181 0.30769 1.5708 -0.162772 0.124104 0.514901 1.39964 -0.164709 0.0214284 0.797681 0.180397 0.150071 -0.315612 0.119804 1.12695 -8.64729 299.292 -37.0764 0.0245148 0.0387376 0.0317334 -0.600901 -98.221 -18.7674 
0.343607 -0.0854048 0 0 -0.132774 0.312717 0.233751 1.5708 -0.172177 0.0920821 0.514654 1.04621 -0.164912 -0.00658155 0.762199 0.37774 0.168049 -0.323879 0.0429201 1.16321 -8.7591 299.245 -37.1104 0.0265648 0.0383761 0.0310711 -0.600901 -98.221 -18.7674 
0.335466 -0.0801921 0 0 -0.164911 0.291425 0.260327 1.15144 -0.170659 0.0662999 0.502831 0.687845 -0.167095 -0.0160338 0.637686 0.626133 0.18507 -0.336114 0.0365987 0.856917 -8.6917 299.241 -37.1093 0.026496 0.0355392 0.0312322 -0.600901 -98.221 -18.7674 
0.306534 -0.0802958 0.00101374 0 -0.173827 0.271366 0.263882 0.854368 -0.173617 0.0426883 0.46407 0.393211 -0.171196 -0.0273891 0.521689 0.568159 0.199308 -0.338297 0.0839866 0.677036 -8.6735 299.316 -36.4547 0.0347932 0.0520285 0.0321018 -0.600901 -98.221 -18.7674 
0.306534 -0.0802958 0.00101374 0 -0.167027 0.265743 0.313766 0.542186 -0.173617 0.0312941 0.479657 0.232382 -0.16488 -0.0469442 0.542365 0.248601 0.204455 -0.338297 0.189683 0.264295 -8.6735 299.316 -36.4547 0.0347932 0.0520285 0.0321018 -0.600901 -98.221 -18.7674 
0.306304 -0.0801821 0.000959427 0 -0.144816 0.265772 0.307465 0.556229 -0.173615 0.0289803 0.479681 0.232346 -0.147956 -0.0657246 0.537564 0.147329 0.217629 -0.347638 0.231384 0.063396 -8.67371 299.321 -36.4521 0.0348691 0.0522342 0.0320608 -0.600901 -98.221 -18.7674 
0.298263 -0.0738141 0 0 -0.135291 0.279701 0.346581 0.353576 -0.173614 0.0319899 0.481627 0.23747 -0.131435 -0.0709609 0.526269 0.147369 0.239846 -0.349066 0.215953 0 -8.70188 299.377 -36.3473 0.0352589 0.0533234 0.0296038 -0.600901 -98.221 -18.7674 
0.298301 -0.0741083 0 0 -0.138215 0.295512 0.407119 0.168118 -0.172164 0.0313124 0.47752 0.224074 -0.116788 -0.0724261 0.505881 0.12886 0.254028 -0.349066 0.204041 0 -8.69745 299.371 -36.3259 0.0352384 0.0535701 0.0299202 -0.600901 -98.221 -18.7674 
0.2981 -0.0671022 0 0 -0.140012 0.317277 0.395067 0.169662 -0.159903 0.0366489 0.455731 0.0722956 -0.0957113 -0.0698779 0.463414 0.0637113 0.256453 -0.349066 0.181898 0.00928934 -8.61423 299.491 -36.4107 0.0368814 0.053671 0.0283231 -0.600901 -98.221 -18.7674 
0.293136 -0.0432255 3.0334e-005 0 -0.139214 0.344563 0.366787 0.151795 -0.163994 0.0552783 0.458711 0 -0.0719112 -0.0627653 0.400514 0 0.264666 -0.349066 0.0877992 0.057576 -7.93654 299.558 -36.3112 0.0390386 0.0462465 0.0209 -0.600901 -98.221 -18.7674 
0.281644 -0.0405778 0 0 -0.138869 0.344196 0.341857 0.125792 -0.157754 0.0512851 0.412217 0.000936969 -0.0399926 -0.0704361 0.282415 0.119825 0.2774 -0.349066 0.044381 0 -7.75597 299.468 -36.5154 0.038727 0.0455795 0.0204702 -0.600901 -98.221 -18.7674 
0.274633 -0.0405986 0 0 -0.126067 0.333481 0.324411 0.0376284 -0.14882 0.038147 0.356243 0.000933023 -0.0109016 -0.0807439 0.245649 0 0.313127 -0.349066 0.000637873 0 -7.7548 299.467 -36.5154 0.0387308 0.0455746 0.0204712 -0.600901 -98.221 -18.7674 
0.240141 -0.0341444 0.00276749 0.0129593 -0.116296 0.316204 0.300713 0 -0.148462 0.0345154 0.295664 0.000954086 0.0275848 -0.0858775 0.146303 0 0.361782 -0.349066 0.000691984 0.00248032 -7.48113 299.409 -36.3962 0.0419359 0.057764 0.0202194 -0.600901 -98.221 -18.7674 
0.192726 -0.0337167 0.00414455 0.00130103 -0.0975544 0.318303 0.240788 0 -0.142247 0.0375976 0.249943 9.57839e-005 0.0518318 -0.076398 0.0665044 0 0.379316 -0.349066 7.05602e-005 0.00232187 -6.69432 299.554 -36.5935 0.0457017 0.0706391 0.0162559 -0.600901 -98.221 -18.7674 
0.191127 -0.0412396 0 0.034152 -0.0706839 0.317332 0.169017 0.0111004 -0.126455 0.0281171 0.211855 0 0.06852 -0.0680365 0.0256934 0 0.367582 -0.349042 0.00130616 0.00035505 -6.56467 299.571 -36.6345 0.0477827 0.0716637 0.018352 -0.600901 -98.221 -18.7674 
