0.300449 0.102907 0.0095002 0.174741 0.0221032 0.344248 0.0174657 0.0972697 -0.174226 0.0761938 0.108553 0 -0.0869542 -0.0582759 0.253493 0 0.0734657 -0.349066 0 0 -30.9682 282.501 -45.056 0.109617 -0.0627147 0.0423011 6.1348 -98.415 -16.6348 
0.301364 0.0552519 0.00829582 0.0966727 -0.0305619 0.349066 0.0429617 0.0218518 -0.164285 0.0999191 0.15804 0 -0.0501102 -0.0462233 0.0296077 0 0.0783576 -0.349066 0 0 -31.0408 282.528 -45.1413 0.11098 -0.0604822 0.0411507 6.1348 -98.415 -16.6348 
0.271684 0.0601203 0.00293443 0.108275 -0.0516142 0.348488 0.0441051 0.259241 -0.166759 0.108291 0.160545 5.21311e-005 -0.0723007 -0.0346907 0.0425547 0 0.0911863 -0.349066 0 0 -31.0548 282.545 -45.0892 0.112234 -0.0594056 0.0402701 6.1348 -98.415 -16.6348 
0.269574 0.0814218 0.0365194 0.299784 -0.0562034 0.349066 0.0393317 0.109998 -0.171475 0.123646 0.134167 1.89007e-005 -0.0657401 -0.0364238 0 0 0.113901 -0.349066 0 0.0420876 -31.1033 282.673 -44.9697 0.118135 -0.058617 0.0396529 6.1348 -98.415 -16.6348 
0.291524 0.0945713 0.0932906 0.169957 -0.0661502 0.349066 0.00409955 0.593953 -0.174443 0.126754 0.0634161 0.428666 -0.0770495 -0.0354655 0.0202262 0.0439606 0.0973981 -0.349066 0 0 -30.9725 282.66 -44.8959 0.122215 -0.0599278 0.042017 6.1348 -98.415 -16.6348 
0.370693 0.0793616 0 0.0664704 -0.113071 0.349066 0.0407518 0.723083 -0.174533 0.117222 0.0670444 0.0958705 -0.0955939 -0.0263534 0.00181488 0.0680013 0.0355236 -0.349066 0.01221 0 -30.8572 282.81 -45.0203 0.123684 -0.0579761 0.0436439 6.1348 -98.415 -16.6348 
0.368208 0.0850416 0.00115627 0.0776123 -0.14612 0.349066 0.0474774 0.580238 -0.174533 0.126895 0 0.00622107 -0.0982606 -0.032361 0 0 -0.0369118 -0.349066 0.00801399 0 -30.7209 282.767 -44.9642 0.12594 -0.0552789 0.0465118 6.1348 -98.415 -16.6348 
0.391226 0.0996809 0.0181322 0 -0.158316 0.349066 0 0.514829 -0.174533 0.141789 0 0.00467974 -0.144766 -0.0539923 0.0189081 0 -0.0443701 -0.349066 0.0971471 0 -30.1157 282.988 -44.9301 0.126065 -0.044583 0.0577672 6.1348 -98.415 -16.6348 
0.399338 0.112501 0 0.0490586 -0.174533 0.34906 0.0387262 0.633419 -0.174533 0.187263 0.000226533 0.0130687 -0.166843 -0.0493247 0.0492666 0 0.0552343 -0.349066 0 0.0435576 -29.6703 283.789 -44.842 0.121983 -0.0339446 0.0774287 6.1348 -98.415 -16.6348 
0.383134 0.118527 0.0465024 0.0213076 -0.173809 0.349066 0.0404362 0.466125 -0.174533 0.207621 2.48872e-005 0.00185022 -0.174533 -0.0402956 0.0524916 0.025495 0.085643 -0.348176 0.0265671 0 -29.1326 283.85 -45.1839 0.121122 -0.025544 0.0838524 6.1348 -98.415 -16.6348 
0.415347 0.109629 0.0106025 0.10246 -0.17374 0.349066 0.0377557 0.531468 -0.174533 0.187295 1.4435e-005 0.00227759 -0.174533 -0.0102247 0.0797898 0 0.0708287 -0.348323 0 0 -29.2581 283.891 -45.3601 0.12087 -0.0226013 0.0834672 6.1348 -98.415 -16.6348 
0.595702 0.155223 0.0339313 0.0669116 -0.174533 0.349066 0.156916 0.375727 -0.174533 0.149549 0.0109672 0.250223 -0.166126 0.0237252 0.161225 0.032095 -0.0215488 -0.347048 0.0603911 0.488156 -29.2572 283.707 -46.1297 0.101837 -0.0725353 0.076752 6.1348 -98.415 -16.6348 
0.522201 0.189008 0.406766 0.137523 -0.149904 0.34879 0.165138 0.214068 -0.174502 0.24483 0.129288 1.184 -0.174533 0.0208289 0.104684 0.246974 -0.110472 -0.349066 0.126138 0.52292 -28.8825 283.638 -46.276 0.105384 -0.0795385 0.0703285 6.1348 -98.415 -16.6348 
0.447581 0.126128 0.470056 0.391852 -0.166576 0.349066 0.235308 0.151954 -0.174533 0.27857 0.215187 1.40891 -0.174533 0.0041626 0.142475 0.16863 -0.0489231 -0.343336 0.0318422 0.108147 -27.9653 284.223 -45.5076 0.110299 -0.0801099 0.0949998 6.1348 -98.415 -16.6348 
0.50062 0.0302209 0.258901 0.974937 -0.173632 0.347535 0.117119 0.574175 -0.174533 0.322615 0.442341 1.30012 -0.129476 0.0626759 0.027274 0.0834314 -0.0293044 -0.280909 0 0.195491 -26.7583 284.754 -46.1563 0.110967 -0.0541231 0.0930533 6.1348 -98.415 -16.6348 
0.592995 -0.0178148 0.300121 1.0956 -0.174533 0.349066 0.0402126 0.610194 -0.153319 0.337244 0.47317 1.5708 -0.147359 0.0168512 0.0267893 0.327956 -0.00867315 -0.254718 0.0307824 0.156405 -27.2761 284.121 -46.4559 0.0913334 -0.0481683 0.0986675 6.1348 -98.415 -16.6348 
0.966829 -0.109384 0.166548 0.176525 -0.174533 0.349066 0 1.39234 -0.174533 0.349066 0.596343 1.5708 -0.160417 -0.0376747 0.0382346 0.351032 0.0161315 -0.244544 0.0550064 0.218488 -28.1039 283.707 -46.5572 0.0883818 -0.0280939 0.0983712 6.1348 -98.415 -16.6348 
1.06658 -0.0753657 0.223771 0.0833146 -0.174366 0.349066 0.17804 1.19296 -0.174533 0.329767 0.59175 1.5708 -0.167712 -0.0103932 0.150017 0.309657 0.089935 -0.30679 0 0.106983 -28.0989 283.904 -46.6155 0.0849433 -0.0195657 0.107092 6.1348 -98.415 -16.6348 
1.23925 -0.128206 0.0265307 0 -0.174533 0.349066 0.187996 1.24207 -0.174533 0.334082 0.643115 1.38854 -0.174533 0.0902974 0.103809 0.629011 0.0260877 -0.349066 0.0451662 0 -28.6861 284.171 -47.2666 0.0835948 -0.0236425 0.109 6.1348 -98.415 -16.6348 
1.37689 -0.0622759 0.00748068 0 -0.174533 0.349066 0.521816 0.379427 -0.174533 0.345858 0.874068 1.48852 -0.1598 0.0603721 0.257681 0.6453 -0.0197286 -0.347882 0.173139 0 -28.6081 286.259 -46.5993 0.0755038 -0.0298918 0.115553 6.1348 -98.415 -16.6348 
1.40053 -0.0993431 0 0 -0.133857 0.349066 0.57585 0.400698 -0.174533 0.349066 1.21856 1.55206 -0.161197 0.0633701 0.258969 0.85312 -0.125551 -0.329597 0.382674 0 -29.0274 286.006 -46.5678 0.0656902 -0.0545091 0.124789 6.1348 -98.415 -16.6348 
1.37731 -0.131328 0.0176276 0.105243 -0.102363 0.332727 0.511884 0.0914226 -0.173625 0.349003 1.46677 1.12208 -0.174533 0.0874618 0.541954 0 -0.129177 -0.322275 0.304187 0 -28.9878 286.529 -46.6975 0.0696359 -0.0750311 0.127015 6.1348 -98.415 -16.6348 
1.31348 -0.166582 0.00847701 0 -0.0801782 0.346448 0.329227 0.540041 -0.174533 0.349066 1.55725 1.33329 -0.142142 0.123304 0.623297 0.294735 -0.143379 -0.339671 0.396641 0 -29.0235 286.363 -46.8578 0.0700724 -0.0749401 0.121289 6.1348 -98.415 -16.6348 
1.39021 -0.139024 0.0109497 0 -0.0242936 0.349066 0.225718 1.18674 -0.174533 0.349066 1.74307 0.903044 -0.142214 0.164718 0.679922 0.176259 -0.174533 -0.300851 0.451158 0.00733571 -28.8311 286.041 -47.4065 0.0706042 -0.0795396 0.129894 6.1348 -98.415 -16.6348 
1.43027 -0.157116 0 0.0648627 -0.0346048 0.349066 0.28484 1.07922 -0.174533 0.349066 1.74478 0.806272 -0.131252 0.179871 0.713649 0.733837 -0.118429 -0.314738 0.369357 0.151368 -28.7991 285.729 -47.6052 0.0679775 -0.0713634 0.12686 6.1348 -98.415 -16.6348 
1.39988 -0.156666 0 0.0822343 0.0850711 0.349066 0.28062 0.961965 -0.154448 0.349066 1.74494 0.541916 -0.15053 0.182342 0.737479 0.714066 -0.11067 -0.296854 0.394994 0.0970219 -28.9177 285.838 -47.7535 0.0740836 -0.0772224 0.124918 6.1348 -98.415 -16.6348 
1.41916 -0.157067 0 0.0128144 0.121467 0.349066 0.167649 1.01038 -0.0756553 0.349066 1.74533 0.7306 -0.158144 0.167843 0.767123 0.559593 -0.107746 -0.264066 0.405192 0.0393763 -28.8474 285.794 -47.7387 0.0738626 -0.0776388 0.125532 6.1348 -98.415 -16.6348 
1.43201 -0.119014 0 0 0.191893 0.308414 0 1.15718 -0.174533 0.349066 1.74533 0.348775 -0.166607 0.141166 0.89509 0.378463 -0.159092 -0.214584 0.398071 0.136875 -28.712 286.401 -47.2604 0.0894514 -0.0626557 0.127431 6.1348 -98.415 -16.6348 
1.53262 -0.0626655 0.000300912 0 0.249501 0.297379 0 0.5591 -0.174533 0.349066 1.74533 0.214969 -0.172796 0.145924 0.96749 0.395724 -0.174533 -0.248753 0.353838 0.0816462 -28.6619 286.362 -47.189 0.0878706 -0.0649448 0.128673 6.1348 -98.415 -16.6348 
1.51405 -0.063952 0 0 0.255234 0.302079 0 0.568405 -0.174533 0.349066 1.74533 0.213611 -0.172487 0.0675086 0.948214 0.172832 -0.127203 -0.248871 0.350751 0.0741582 -28.6639 286.359 -47.1884 0.0878397 -0.0648852 0.128543 6.1348 -98.415 -16.6348 
1.52525 -0.0603908 0 0 0.187271 0.323422 0.0146589 0.256442 -0.174533 0.348567 1.67451 0.246489 -0.151603 0.0369271 0.805255 0.0394298 -0.115979 -0.312491 0.315138 0.0412629 -29.3473 286.609 -46.8869 0.0855924 -0.0716044 0.122041 6.1348 -98.415 -16.6348 
1.16282 -0.177008 0.0311511 0.202601 0.148649 0.349066 0.0491109 0 -0.174533 0.349066 1.16967 0.0178847 -0.124681 0.0227241 0.504644 0.443912 -0.0129288 -0.349066 0.249976 0 -27.5841 286.256 -46.9152 0.070766 -0.0620005 0.127114 6.1348 -98.415 -16.6348 
1.0049 -0.163766 0 0.0401049 0.132708 0.348999 0.0327499 0.645185 -0.174533 0.341387 0.801985 0 -0.0513271 0.0199067 0.285306 0.0798351 -0.046515 -0.304685 0.294028 0.0649194 -27.8615 286.552 -47.1928 0.0772868 -0.0575518 0.135876 6.1348 -98.415 -16.6348 
0.859581 -0.170599 0 0.0666083 0.0944422 0.349066 0.0593336 0.517867 -0.173136 0.304407 0.50633 0 -0.0810346 0.0088413 0.264279 0.288332 -0.126543 -0.303919 0.358757 0.00600332 -26.9481 287.066 -47.3399 0.0726151 -0.0678405 0.148748 6.1348 -98.415 -16.6348 
0.855964 -0.151563 0 0.000730823 -0.0231963 0.348579 0.0635812 0.650869 -0.17255 0.282398 0.312863 0.078036 -0.0981597 0.0200724 0.279688 0.0582728 -0.103996 -0.308464 0.327292 0.088247 -26.6718 287.693 -47.2835 0.0772611 -0.0605221 0.143106 6.1348 -98.415 -16.6348 
0.833007 -0.0543363 0.0884623 0.00171688 -0.0688277 0.335287 0.0168043 0.75612 -0.174493 0.235976 0.362246 0.0437799 -0.104389 -0.00222207 0.297685 0.000993147 -0.129029 -0.336568 0.260805 0.00550092 -26.7615 287.516 -46.458 0.0725029 -0.0682717 0.142046 6.1348 -98.415 -16.6348 
0.840622 -0.0518286 0.0494804 0 -0.0688672 0.348728 0.0605415 0.262158 -0.174533 0.172597 0.377942 0 -0.135161 -0.00159238 0.272631 0.000853545 -0.0997023 -0.334771 0.24889 0.032626 -26.7325 287.499 -46.3989 0.0728405 -0.0680565 0.142443 6.1348 -98.415 -16.6348 
0.81781 -0.0606018 0.00939761 0.00161327 -0.12735 0.348851 0.192486 0.173958 -0.174533 0.168719 0.31824 0.151984 -0.162871 0.00582248 0.291082 0 -0.0514089 -0.345815 0.276529 0.0276776 -26.7614 287.452 -46.3972 0.0737413 -0.0657298 0.144688 6.1348 -98.415 -16.6348 
0.819482 -0.0594872 0.00553003 0.0011176 -0.154855 0.348962 0.304067 0.287319 -0.174533 0.163436 0.316228 0.152757 -0.164016 0.00740433 0.292914 0 -0.0186449 -0.347497 0.122211 0.0233848 -26.771 287.513 -46.3707 0.074782 -0.0655397 0.14514 6.1348 -98.415 -16.6348 
0.7808 -0.0694533 0.00189686 0.0139051 -0.174533 0.349064 0.31225 0.137357 -0.174533 0.184252 0.239859 0.169937 -0.159335 0.00548641 0.245951 0 0.000954624 -0.347786 0.09584 0.00608859 -26.579 287.468 -46.1104 0.0729569 -0.0680777 0.147678 6.1348 -98.415 -16.6348 
0.756143 -0.054042 0 0 -0.174533 0.344599 0.320036 0 -0.174533 0.158389 0.217788 0 -0.167615 -0.0170148 0.259992 0 -0.0316974 -0.348308 0.108689 0.00693797 -26.3894 287.414 -46.1373 0.0725924 -0.0856253 0.147604 6.1348 -98.415 -16.6348 
0.722937 -0.0250717 0 8.8878e-005 -0.174533 0.346416 0.275102 0.0450108 -0.167313 0.126751 0.219852 0 -0.148525 -0.00387208 0.216665 0.0644004 -0.0804951 -0.348221 0.116015 0.450671 -26.6752 287.019 -45.3617 0.0719882 -0.0870377 0.142665 6.1348 -98.415 -16.6348 
0.584503 -0.026368 0 9.70251e-005 -0.174533 0.339308 0.353573 0 -0.174533 0.109913 0.243345 0 -0.174533 -0.00261923 0.305906 0.0749346 0.000391187 -0.348342 0.0230264 0.119129 -26.7787 287.396 -44.9234 0.0796552 -0.0828671 0.148878 6.1348 -98.415 -16.6348 
0.497798 -0.0401366 0.00036885 0 -0.174533 0.340406 0.300176 0.0231582 -0.174533 0.0967507 0.181758 0.169175 -0.164151 0.010643 0.228502 0.0692514 0.0199862 -0.348898 0.047641 0.059933 -26.7712 287.429 -44.9257 0.0797288 -0.0825935 0.148179 6.1348 -98.415 -16.6348 
0.469126 -0.0332074 0 0.0241921 -0.174533 0.333885 0.264998 0 -0.174533 0.0958791 0.202413 0.0807956 -0.172986 -0.011607 0.23099 0 0.0246918 -0.348853 0 0.0564362 -26.4435 287.454 -45.0753 0.0775323 -0.0804534 0.148568 6.1348 -98.415 -16.6348 
0.422098 -0.0380865 0 0 -0.174533 0.322652 0.29374 0.0166541 -0.157488 0.0810568 0.186943 0.129398 -0.170938 -0.030645 0.164829 0.0635242 0.0777032 -0.349066 0 0 -26.3631 287.993 -45.2107 0.0753207 -0.0839784 0.14726 6.1348 -98.415 -16.6348 
0.325794 -0.0427936 0.0141865 0 -0.164079 0.309822 0.231905 0 -0.14818 0.0733598 0.156729 0.0614242 -0.174533 -0.088434 0.150379 0.039704 0.0992096 -0.349066 0 0.198766 -26.377 288.025 -45.1848 0.0757629 -0.0725443 0.149912 6.1348 -98.415 -16.6348 
0.285388 -0.0328204 0.00303112 0.000616594 -0.164796 0.298645 0.23098 0 -0.157546 0.0761263 0.168088 0.0752363 -0.174533 -0.0901064 0.196808 0 0.0923934 -0.349066 0 0.227647 -26.4582 288.031 -45.1457 0.0769335 -0.0714676 0.148266 6.1348 -98.415 -16.6348 
0.253436 -0.0323209 0.00139333 0.000571538 -0.161424 0.303035 0.230148 0 -0.157573 0.0735263 0.162645 0.072235 -0.174533 -0.0824475 0.254875 0 0.107757 -0.348875 0 0.125274 -26.4705 288.093 -45.1612 0.0769967 -0.0710637 0.14621 6.1348 -98.415 -16.6348 
0.238115 -0.040221 0 8.36223e-005 -0.105196 0.297514 0.102322 0.00133044 -0.151928 0.0500968 0.064483 0.144825 -0.164328 -0.100839 0.252606 0 0.106427 -0.349066 0 0.000343198 -26.1202 288.05 -45.3086 0.076581 -0.0717264 0.147224 6.1348 -98.415 -16.6348 
0.202692 -0.0466908 0 7.01341e-005 -0.092689 0.298565 0.12594 0.00244931 -0.159614 0.0448064 0.0638204 0.100328 -0.174533 -0.112136 0.206336 0 0.115319 -0.349066 0 0.000343577 -26.1053 288.041 -45.3128 0.0762419 -0.0720989 0.147154 6.1348 -98.415 -16.6348 
0.132479 -0.0280028 0.0276056 9.37004e-005 -0.105049 0.281392 0.167702 0.00280963 -0.158789 0.0523599 0.0329291 0.0256521 -0.151193 -0.114204 0.18567 0 0.0950792 -0.349066 0.0405219 0.00031289 -26.0736 287.933 -45.2735 0.0738033 -0.0760126 0.144415 6.1348 -98.415 -16.6348 
0.121652 -0.0499838 1.91242e-005 0.0141189 -0.121544 0.259794 0.139379 0 -0.174533 0.0461762 0.019307 0.00317721 -0.155999 -0.100189 0.168347 0 0.0789588 -0.349066 0.00905346 0 -25.7984 287.705 -45.5764 0.0698305 -0.0717865 0.144127 6.1348 -98.415 -16.6348 
0.0731191 -0.0439192 1.04865e-005 0.00457558 -0.143516 0.241803 0.00257797 0 -0.174533 0.0364556 0.00631221 0.0249957 -0.115118 -0.0915001 0.115444 0.00388913 0.0468858 -0.349066 0.0110806 0 -25.8639 287.203 -45.6497 0.0659718 -0.0524727 0.133183 6.1348 -98.415 -16.6348 
0.0873415 -0.0442607 0.000582876 0 -0.174533 0.260155 0.00217351 0 -0.174533 0.0433747 0.0130603 0 -0.134152 -0.0640572 0.102739 0.213493 0.0438208 -0.349066 0 0.0598573 -25.8901 287.455 -45.6385 0.0641693 -0.0525128 0.10844 6.1348 -98.415 -16.6348 
0.0897345 -0.0586114 0 0 -0.174533 0.264845 0 0 -0.174533 0.0313185 0.00311934 0 -0.150226 -0.0630367 0.132016 0.0741002 0.0652668 -0.349066 0 0 -25.9111 287.621 -45.7815 0.0668426 -0.0530379 0.106126 6.1348 -98.415 -16.6348 
0.0968424 -0.0552329 0 0 -0.174533 0.267192 0 0 -0.174533 0.0361027 0.00319011 0 -0.138869 -0.0697838 0.12107 0.0169558 0.061627 -0.349066 0 0 -25.9757 287.765 -45.733 0.0678297 -0.0580913 0.104386 6.1348 -98.415 -16.6348 
0.0961182 -0.057939 0 0 -0.174533 0.263987 0.00011298 0 -0.174533 0.0451042 0.00247225 0 -0.117818 -0.0682165 0.0831352 0.00846905 0.0729593 -0.349066 0 0 -25.9573 287.782 -45.7101 0.0665611 -0.058483 0.105066 6.1348 -98.415 -16.6348 
0.0933825 -0.0475386 0.0154066 0 -0.174533 0.26025 0.000117207 0 -0.174533 0.0593666 0.00241848 0 -0.114712 -0.0677364 0.075897 0.0106713 0.0606317 -0.349066 0 0 -25.9616 287.704 -45.7113 0.0661999 -0.0579714 0.105032 6.1348 -98.415 -16.6348 
0.0948586 -0.0314203 0.0031182 0.00624591 -0.174533 0.276451 0.0184033 0 -0.174533 0.076895 0 0 -0.103464 -0.0545828 0.0351386 0.00609775 0.06386 -0.349066 0 0 -25.9534 287.548 -45.6902 0.0613902 -0.0616787 0.0978375 6.1348 -98.415 -16.6348 
0.0948586 -0.0314203 0.0031182 0.00624591 -0.174533 0.276451 0.0184033 0 -0.174533 0.076895 0 0 -0.0984804 -0.0545828 0.0351386 0.00609775 0.0579891 -0.349066 0.0163898 0 -25.9534 287.548 -45.6902 0.0613902 -0.0616787 0.0978375 6.1348 -98.415 -16.6348 
