0.283205 0.175786 2.27457e-005 0.00380442 -0.0570772 0.343554 0 0.000664135 -0.0433088 0.268003 0.000163913 0.00503841 -0.0575669 0.00589586 0.000787409 0.00181372 0.2053 -0.349066 0.000273858 0 -49.9784 308.506 -31.662 0.00481263 -0.0763666 0.044254 12.3806 -98.599 -11.1776 
0.355742 0.182456 0.00641861 0 -0.0839671 0.347895 0.00216568 0 -0.0637666 0.251473 0 0.00282277 -0.0740969 -0.0421328 8.20504e-005 6.86423e-005 0.400142 -0.349066 0 0.00669771 -52.3336 312.529 -33.562 0.0368505 -0.0162098 0.0274909 12.3806 -98.599 -11.1776 
0.479402 0.173987 0.0012371 0 -0.0712373 0.349066 0.0235297 0.000654089 -0.035875 0.228118 0 0.0214971 -0.0646883 -0.0803051 0 0 0.483178 -0.349066 0 0 -53.8422 315.472 -33.6363 0.0490895 -0.00466521 0.0172158 12.3806 -98.599 -11.1776 
0.535155 0.179893 0.0104854 0.000129277 -0.0688059 0.34891 0.0360015 0.00162964 -0.0384229 0.224703 0 0.0162864 -0.0626026 -0.0920308 0.00094247 0.00551452 0.44748 -0.349066 0 0.00475374 -53.882 316.111 -33.3446 0.0724468 -0.0155325 0.00785817 12.3806 -98.599 -11.1776 
0.474095 0.170924 0.0165282 0.0117637 -0.0677923 0.348904 0.0263902 0.00934973 -0.0262322 0.20149 0 0.0138178 -0.0398616 -0.0746992 0 0.0115264 0.441065 -0.349066 0 0.00946224 -55.0896 316.201 -33.5721 0.0846602 0.00995641 0.00789013 12.3806 -98.599 -11.1776 
0.459436 0.157075 0.00602546 0 -0.0661833 0.349066 0.0158813 0.00499089 -0.0302908 0.197384 0 0.0130848 -0.0156653 -0.060311 0 0.0155676 0.431814 -0.349066 0 0.0089603 -55.1089 315.858 -33.744 0.0809203 0.00927347 0.0158997 12.3806 -98.599 -11.1776 
0.443501 0.149357 0.00554833 0 -0.0523222 0.349066 0.0158204 0 -0.0284778 0.18756 0 0.0111802 0.0026959 -0.0690956 0 0.013435 0.440092 -0.349066 0 0.00835307 -54.6699 315.903 -34.4403 0.0754922 -0.00292819 0.0212019 12.3806 -98.599 -11.1776 
0.44275 0.143377 0 0.00214511 -0.052507 0.348099 0.0147879 0.000959692 -0.0281891 0.185206 0.00185202 0.0116008 0.0154813 -0.0664303 0.00430238 0.0116875 0.448131 -0.349066 8.38868e-005 0 -54.6971 315.769 -34.4896 0.0659712 -0.00191997 0.026035 12.3806 -98.599 -11.1776 
0.445966 0.142154 0 0 -0.0528187 0.349066 0.00822617 0.000361873 -0.0291495 0.184183 0.00103434 0.0114234 0.0170041 -0.0650586 0.00237347 0.011539 0.444188 -0.349066 0 0 -54.7712 315.804 -34.5396 0.0653919 -0.00680017 0.0284877 12.3806 -98.599 -11.1776 
0.447816 0.147413 0 0 -0.0503573 0.349066 0.0051803 0.000321621 -0.0336312 0.188564 0.000982791 0.0116544 0.020648 -0.0622978 0.0018503 0.00695147 0.449365 -0.349066 0 0 -54.7569 315.848 -34.4653 0.0603814 -0.00504082 0.0273575 12.3806 -98.599 -11.1776 
0.457897 0.141855 0 0 -0.0437944 0.349066 0.00505626 0.000173049 -0.0335365 0.190008 0.000528794 0.0114888 0.0195291 -0.0582739 0.00180599 0.00678502 0.453451 -0.349066 0 0 -54.8998 316.069 -34.6045 0.0580367 -0.00422075 0.0307522 12.3806 -98.599 -11.1776 
0.454067 0.136875 0 0 -0.0345285 0.349066 0.000980083 0 -0.0268538 0.185238 0 0.0104261 0.0333714 -0.0577194 0 0 0.461748 -0.349066 0 0 -54.3751 316.461 -35.0375 0.0376703 0.00985131 0.0334056 12.3806 -98.599 -11.1776 
0.475541 0.127826 0 0 -0.0247173 0.349066 0 0 -0.0456069 0.166006 0 0 0.0265751 -0.0361212 0 0 0.487071 -0.349066 0 0 -53.8223 316.164 -35.1209 0.0284333 0.0245386 0.0476444 12.3806 -98.599 -11.1776 
0.466222 0.124648 0.0438522 0.11603 -0.0392167 0.345223 0.0886024 0.0491148 -0.0659284 0.189785 0.0481156 0 0.0928336 0.0167451 0.0227467 0.0277302 0.485049 -0.338413 0 0.00215241 -54.9907 316.828 -36.0168 -0.0116358 0.0523552 0.0619094 12.3806 -98.599 -11.1776 
0.413817 0.0589216 0.189836 0.293842 0.120808 0.349066 0.0523745 0.0635224 -0.00204013 0.207201 0 0.0824484 0.139718 -0.0898651 0.147573 0.0176101 0.550659 -0.304634 0.109997 1.15223e-005 -56.1081 319.643 -43.1735 -0.106139 0.111262 0.139225 12.3806 -98.599 -11.1776 
0.380294 0.0495898 0.299791 0.380836 0.21407 0.344145 0.0336732 0.063599 -0.0278816 0.229357 0 0.0933909 0.0739919 -0.0828861 0.0805138 0.0244772 0.482795 -0.349066 0.0462587 0.023033 -53.0595 318.221 -42.7001 -0.0845099 0.0921148 0.168484 12.3806 -98.599 -11.1776 
0.447733 0.00400789 0.405511 0.456196 0.304513 0.320564 0.327226 0.0034705 -0.0284753 0.275268 0.0831725 0.0568003 0.0552055 -0.0762478 0.04011 0.151305 0.228907 -0.333101 0 0.0914988 -54.4978 318.666 -45.1446 -0.0321643 0.0223654 0.152518 12.3806 -98.599 -11.1776 
0.290935 -0.0913408 0.602245 0.306753 0.3537 0.316046 0.448456 0.00342721 0.00106062 0.246302 0.114999 0 0.134336 -0.0463286 0.0417304 0.171002 0.180202 -0.349066 0.182032 0.0569641 -54.562 323.859 -46.4446 -0.0332028 0.039694 0.165882 12.3806 -98.599 -11.1776 
0.345601 -0.0843484 0.592501 0.342976 0.488752 0.324264 0.474379 0.0345234 0.0254046 0.232899 0.134315 0.00217945 0.120206 -0.0583351 0.0810364 0.22101 0.191398 -0.341962 0.203746 0.14156 -55.4558 324.66 -45.3923 -0.0271813 0.00910062 0.145862 12.3806 -98.599 -11.1776 
0.277788 -0.0697768 0.6637 0.312708 0.549273 0.320886 0.539695 0.0320502 -0.0529007 0.220101 0.103857 0 0.100944 -0.0448853 0 0.000515968 0.112011 -0.348295 0.178265 0.134728 -55.3232 323.97 -45.941 0.0166687 -0.0280285 0.126587 12.3806 -98.599 -11.1776 
0.26685 -0.0881679 0.591894 0.338204 0.632702 0.33542 0.555736 0.0246665 -0.0377779 0.244269 0.0798717 0.00794117 0.132654 -0.0729433 0 0.00375722 0.154149 -0.349066 0.247889 0.0291362 -55.6724 324.475 -45.3681 0.0142764 -0.0373121 0.113865 12.3806 -98.599 -11.1776 
0.322961 -0.0939833 0.616843 0.377732 0.630188 0.336504 0.580216 0.0190804 -0.0637101 0.249283 0.1071 0.00655335 0.0869442 -0.0748726 0 0 0.0713391 -0.349066 0.298435 0.0258164 -56.0831 325.987 -44.2027 0.0317783 -0.0565806 0.125102 12.3806 -98.599 -11.1776 
0.331834 -0.136797 0.63466 0.326934 0.623634 0.344345 0.609291 0.0208314 -0.138879 0.22247 0.0668474 0.0039503 0.0365159 -0.068909 0.00157465 0 0.0679659 -0.349066 0.293117 0.0285576 -55.3301 324.877 -44.4837 0.0785027 -0.0479284 0.151035 12.3806 -98.599 -11.1776 
0.351376 -0.161593 0.568287 0.347423 0.645427 0.349066 0.445301 0.0136481 -0.150092 0.212194 0 0.00102683 0.00774762 -0.084482 0.00135843 0 0.0385563 -0.349066 0.261157 0.0246364 -53.2451 324.755 -44.85 0.122832 0.015515 0.169548 12.3806 -98.599 -11.1776 
0.352466 -0.161837 0.56655 0.34746 0.648822 0.349066 0.445197 0.0135785 -0.150217 0.212363 0 0.0010216 0.00681821 -0.0854935 0.00356659 0.00515915 0.0387814 -0.349066 0.261084 0.0228542 -53.2622 324.77 -44.8218 0.122272 0.01456 0.168608 12.3806 -98.599 -11.1776 
0.339908 -0.162815 0.5807 0.357221 0.633563 0.349066 0.449761 0.027188 -0.150568 0.212151 0 0.0568634 0.00316505 -0.0875776 0 0.0192889 0.0428912 -0.349066 0.258255 0.0274842 -53.1921 324.762 -44.8658 0.122979 0.0133966 0.168017 12.3806 -98.599 -11.1776 
0.353273 -0.164932 0.604759 0.337669 0.638481 0.349066 0.47596 0.025426 -0.153927 0.208601 0 0.0181576 -0.00334586 -0.0854802 0 0.0150189 0.0300986 -0.349066 0.257757 0.0309982 -53.0607 324.546 -44.8695 0.118471 0.0189426 0.175648 12.3806 -98.599 -11.1776 
0.425683 -0.160018 0.585851 0.353459 0.53138 0.346879 0.567185 0.00664487 -0.0937464 0.180872 0.00628552 0 -0.0479456 -0.0568378 0 0.00543228 0.0507266 -0.349066 0.279523 0.010066 -53.2721 325.657 -43.9457 0.100539 0.00410306 0.176112 12.3806 -98.599 -11.1776 
0.48427 -0.203004 0.534245 0.357123 0.377059 0.348871 0.578102 4.69317e-005 -0.0915925 0.197967 0 0 -0.0496275 0.00834466 0.0562975 0.000169833 0.0429103 -0.348691 0.23933 0 -55.6451 327.986 -43.4726 0.115593 -0.0304273 0.157527 12.3806 -98.599 -11.1776 
0.543649 -0.20944 0.477772 0.263424 0.345786 0.349042 0.442232 0 -0.0985601 0.227916 0 0 -0.0829153 0.0650232 0.00791458 0 -0.00625117 -0.339525 0.365038 0 -55.1344 328.299 -43.5055 0.137011 -0.0981164 0.123212 12.3806 -98.599 -11.1776 
0.597508 -0.20944 0.356672 0.31325 0.170153 0.349066 0.37559 0 -0.0852657 0.210912 0.0181866 6.97127e-005 -0.0882657 0.0547244 0.0106916 0.00141295 0.00264136 -0.324184 0.408438 0 -53.8319 327.898 -43.718 0.126279 -0.124041 0.113653 12.3806 -98.599 -11.1776 
0.588217 -0.208165 0.382111 0.25743 0.0659943 0.349066 0.355638 0 -0.129665 0.155004 0.00811617 0 -0.0888947 0.00947808 0.0168412 0.019086 -0.0321235 -0.330986 0.361971 0.000902292 -55.1885 326.893 -44.255 0.123605 -0.179891 0.115502 12.3806 -98.599 -11.1776 
0.795138 -0.20944 0.0620596 0.138505 -0.0380044 0.349066 0.258244 0 -0.174533 0.15998 0 0 -0.0865632 0.0351749 0 0 -0.0558079 -0.342598 0.267109 0 -52.0931 325.028 -42.9775 0.135596 -0.186446 0.0937741 12.3806 -98.599 -11.1776 
0.806377 -0.207945 0 0.11779 -0.129976 0.336834 0.26549 0.0195126 -0.174533 0.165147 0 0.000278862 -0.0863468 0.0414462 0.059155 0 -0.128278 -0.344833 0.254281 0 -51.9839 324.147 -42.6871 0.136351 -0.164116 0.0893109 12.3806 -98.599 -11.1776 
0.828979 -0.209097 0 0.0108931 -0.115317 0.328325 0.231755 0.00243005 -0.174533 0.168305 0 0 -0.0731609 0.0448941 0.0281327 0 -0.164353 -0.349066 0.265615 0 -50.6157 323.607 -43.3997 0.131675 -0.151027 0.0948396 12.3806 -98.599 -11.1776 
0.801588 -0.208937 0 0.00903119 -0.104642 0.327277 0.143177 0 -0.174533 0.17366 0 0 -0.0610432 0.0543198 0 0 -0.174533 -0.349066 0.203217 0 -50.6628 323.713 -46.5808 0.139589 -0.12746 0.102563 12.3806 -98.599 -11.1776 
0.828055 -0.20944 0 0 -0.107247 0.341491 0.17165 0 -0.174533 0.171661 0 0 -0.073032 0.0450544 0 0 -0.174533 -0.349066 0.180541 0 -49.1985 323.764 -47.4102 0.148401 -0.144364 0.109331 12.3806 -98.599 -11.1776 
0.848464 -0.158781 0 0 -0.110913 0.349066 0.151618 0 -0.141947 0.166389 0 0 -0.0981602 0.0196656 0.0172243 0.00887352 -0.174533 -0.343971 0.213868 0 -49.5187 323.609 -47.6746 0.156743 -0.152591 0.118089 12.3806 -98.599 -11.1776 
0.854319 -0.127515 0 0 -0.130066 0.349066 0.0720612 0 -0.15382 0.175226 0 0 -0.149131 0.00161311 0.00435361 0.0011829 -0.174533 -0.344034 0.242445 0 -49.2135 322.108 -47.9413 0.175556 -0.164628 0.124484 12.3806 -98.599 -11.1776 
0.867356 -0.12416 0 0 -0.163114 0.349066 0.0488289 0 -0.154191 0.180169 0 0 -0.173672 -0.0114985 0.00070985 6.62484e-005 -0.174533 -0.349066 0.236791 0 -49.1317 322.496 -48.1947 0.180493 -0.16472 0.123108 12.3806 -98.599 -11.1776 
0.848268 -0.0857959 0 0 -0.163109 0.349066 0.0427972 0 -0.174533 0.187978 0 0 -0.174533 -0.0225713 0 0 -0.174533 -0.349066 0.235734 0 -49.5313 322.003 -47.2268 0.183542 -0.146177 0.107882 12.3806 -98.599 -11.1776 
0.850222 -0.0860912 0 0.000800585 -0.15234 0.349066 0.105302 0 -0.174533 0.200852 0 0.0139548 -0.171579 -0.0384867 0.0203754 0 -0.174533 -0.349066 0.258872 0 -48.5501 320.625 -47.3389 0.178698 -0.158954 0.0929193 12.3806 -98.599 -11.1776 
0.87684 -0.0776161 0 0 -0.170935 0.349066 0.112567 0 -0.174533 0.180336 0 0 -0.173372 -0.0619099 0.00323895 0 -0.174533 -0.349066 0.281405 0 -48.1631 320.18 -47.9577 0.17857 -0.137814 0.093207 12.3806 -98.599 -11.1776 
0.936698 -0.0676847 0 0 -0.174533 0.349066 0.124054 0 -0.174533 0.15461 0 0 -0.174533 -0.0807872 0 0 -0.174533 -0.349066 0.323496 0 -46.9516 320.872 -46.0199 0.175133 -0.107686 0.0944917 12.3806 -98.599 -11.1776 
0.947943 -0.0646824 0.0337886 0 -0.174533 0.348964 0.120008 0 -0.168585 0.155719 0.0196284 0.000686947 -0.168359 -0.0762736 0.0273696 0.0610519 -0.14259 -0.349066 0.334285 0.00109992 -46.7483 321.305 -45.8921 0.184214 -0.0771295 0.0997056 12.3806 -98.599 -11.1776 
0.986397 -0.0322872 0.09144 0.00348322 -0.174533 0.349066 0.196996 0 -0.174533 0.188672 0 0.00140749 -0.138582 -0.0614114 0 0.111824 -0.167069 -0.349066 0.28698 0.027691 -46.6414 322.628 -42.7975 0.202531 -0.0567874 0.107974 12.3806 -98.599 -11.1776 
0.980574 -0.0681069 0.0942922 0 -0.174533 0.349066 0.251255 0 -0.174533 0.177028 0 0.000720299 -0.145617 -0.0295342 0 0.0965158 -0.174533 -0.349066 0.27585 0 -45.8994 323.077 -41.9441 0.204539 -0.0287829 0.136248 12.3806 -98.599 -11.1776 
1.01059 -0.0734265 0.146416 0 -0.115182 0.317356 0.141977 0 -0.174533 0.145391 0 0.00122756 -0.174533 -0.0382484 0 0.109156 -0.138502 -0.349066 0.0639769 0 -44.5874 324.386 -45.6877 0.193468 -0.0530839 0.192755 12.3806 -98.599 -11.1776 
1.01871 -0.177953 0.212064 0 -0.123314 0.283344 0.00487411 0 -0.174533 0.21908 0.00535345 0 -0.174533 -0.00644671 0 0.0807115 -0.174533 -0.349066 0.1303 0 -43.8719 323.923 -41.6035 0.224816 0.0281498 0.246898 12.3806 -98.599 -11.1776 
1.05149 -0.206891 0.18767 0 -0.126117 0.280247 0 0.0223597 -0.104098 0.22319 0 0 -0.174533 -0.0274307 0.0279421 0.104758 -0.14749 -0.31769 0.17571 0 -46.2234 326.154 -40.4046 0.219752 0.0373851 0.288446 12.3806 -98.599 -11.1776 
1.01708 -0.20944 0.187226 0 -0.119689 0.271702 0 0 -0.1041 0.208179 0 0 -0.0883671 -0.00390619 0.025649 0.200298 -0.162657 -0.322795 0.143026 0.0993187 -44.2847 326.368 -40.8584 0.211771 0.0264809 0.300896 12.3806 -98.599 -11.1776 
1.04335 -0.202129 0.227853 0.028751 -0.166911 0.27405 0.00850497 0 -0.0931391 0.217484 0.00177578 0 -0.017999 -0.0204212 0.0214092 0.221648 -0.17312 -0.325882 0.125913 0.113385 -43.8761 326.347 -40.5513 0.208613 0.00797604 0.295474 12.3806 -98.599 -11.1776 
1.04058 -0.20944 0.229121 0.000424057 -0.174533 0.270097 0 0 -0.0962245 0.219966 0.00103546 0 -0.0231397 -0.0348127 0.0207634 0.220269 -0.173709 -0.325549 0.123815 0.121767 -44.1874 326.128 -40.0037 0.217436 0.00690942 0.293489 12.3806 -98.599 -11.1776 
1.06184 -0.20944 0.219933 0.00270582 -0.17198 0.253437 0.00605835 0.00400486 -0.0887144 0.225143 0.0299491 0 -0.0292106 -0.0284055 0.0354837 0.254134 -0.155057 -0.326492 0.133879 0.135106 -44.434 326.361 -40.0714 0.217749 -0.00254047 0.290105 12.3806 -98.599 -11.1776 
1.05254 -0.207032 0.230093 0.00833407 -0.168828 0.253305 0 0.00668998 -0.0822075 0.215709 0.0297938 0.0118872 -0.0382391 -0.0290062 0.0390077 0.210317 -0.123247 -0.323501 0.139811 0.120034 -44.7985 326.447 -39.1682 0.213762 0.00858606 0.282552 12.3806 -98.599 -11.1776 
1.02586 -0.20744 0.24244 0.0420069 -0.169733 0.257285 0 0.0419547 -0.0782286 0.222617 0.0379586 0.0474658 -0.0274566 -0.0358914 0.0540996 0.213735 -0.121346 -0.323217 0.135405 0.144096 -44.8498 326.411 -39.379 0.223042 0.0157521 0.275818 12.3806 -98.599 -11.1776 
1.00821 -0.20887 0.238826 0.0419578 -0.173167 0.251918 0 0.0279543 -0.0465413 0.218187 0.0479575 0.0512013 -0.016149 -0.0458761 0.0518539 0.22348 -0.103973 -0.321191 0.143748 0.1358 -45.0242 326.77 -38.6861 0.224895 0.0318855 0.285172 12.3806 -98.599 -11.1776 
0.999345 -0.209221 0.245386 0.05195 -0.173181 0.249252 0.00956852 0.0284585 -0.0389538 0.217635 0.0195229 0.050599 -0.0178065 -0.0455228 0.0513113 0.220976 -0.0953477 -0.321482 0.176853 0.13433 -45.0593 326.713 -38.5981 0.22319 0.0294231 0.286634 12.3806 -98.599 -11.1776 
1.00027 -0.209221 0.246123 0.0521061 -0.173177 0.249837 0.00959727 0.0284121 -0.0388321 0.218053 0.0140822 0.054686 -0.0173355 -0.0458088 0.0510568 0.2208 -0.0859335 -0.323028 0.177168 0.134734 -45.0599 326.69 -38.6039 0.222932 0.0297179 0.286956 12.3806 -98.599 -11.1776 
1.01084 -0.209224 0.2452 0.0720605 -0.171855 0.253758 0.00873935 0.0279826 -0.0382902 0.220348 0.010499 0.0533025 -0.0108114 -0.0461886 0.0304612 0.208876 -0.0872728 -0.340606 0.178124 0.132951 -45.2506 326.909 -38.692 0.221286 0.0327372 0.286224 12.3806 -98.599 -11.1776 
0.997095 -0.209227 0.250712 0.0760578 -0.174533 0.258179 0.000607687 0.00286366 -0.0469539 0.210987 0.00792015 0.0884196 -0.00162451 -0.0293474 0.0709464 0.230844 -0.0874509 -0.349066 0.158835 0.143258 -45.1428 328.145 -37.5177 0.208629 0.0378785 0.269938 12.3806 -98.599 -11.1776 
1.01596 -0.20944 0.253596 0.0911999 -0.174533 0.25474 0 0.00158069 -0.0507663 0.225425 0.01368 0.0884334 -0.00494672 -0.0352347 0.0672573 0.243216 -0.0868766 -0.349066 0.164537 0.157746 -45.6971 328.069 -37.4275 0.206806 0.000169873 0.258003 12.3806 -98.599 -11.1776 
0.986729 -0.182559 0.268554 0.183493 -0.171951 0.251593 0.00254223 0.0202765 -0.0594354 0.218913 0.0136165 0.093141 -0.00990141 -0.0375698 0.0730071 0.222345 -0.0798816 -0.336339 0.176259 0.185036 -46.2662 329.341 -36.9801 0.202772 -0.0316448 0.24869 12.3806 -98.599 -11.1776 
0.885754 -0.205779 0.192217 0.231792 -0.15896 0.229926 0.00460985 0.0332493 -0.0689346 0.210314 0.0987488 0.064588 -0.0297464 -0.0132149 0.138759 0.268981 -0.0526384 -0.341412 0.156807 0.19829 -44.923 329.032 -37.412 0.187404 -0.0155156 0.243662 12.3806 -98.599 -11.1776 
0.881133 -0.209278 0.0963512 0.238424 -0.158247 0.217064 0.0866611 0.162074 -0.0712164 0.196837 0.0929741 0.0486886 0.0053736 -0.00923246 0.145674 0.258339 -0.0615633 -0.31709 0.309346 0.204635 -44.1608 329.054 -38.1188 0.174329 -0.0220091 0.240733 12.3806 -98.599 -11.1776 
0.897583 -0.126914 0.0845005 0.220172 -0.174533 0.194458 0.0806646 0.196105 -0.0748865 0.175545 0.0890503 0.0457668 0.0276246 -0.0293807 0.156754 0.263651 0.0239758 -0.328861 0.318206 0.245093 -44.4635 328.948 -38.1627 0.154495 -0.0144894 0.239276 12.3806 -98.599 -11.1776 
0.875258 -0.111811 0.052771 0.0606288 -0.16797 0.187729 0.0383739 0.197554 -0.0900268 0.156336 0.059545 0.0430478 0.0369124 -0.0584513 0.160406 0.222381 0.0390777 -0.333318 0.340938 0.26628 -45.4279 329.146 -37.1762 0.159837 -0.0235102 0.226456 12.3806 -98.599 -11.1776 
0.85313 -0.108525 0.0187928 0.00907294 -0.169395 0.188164 0.0410041 0.214862 -0.0965217 0.14394 0.031562 0.0455878 0.0433179 -0.0625966 0.148429 0.244445 0.0671907 -0.337558 0.326516 0.279592 -45.5847 329.109 -36.8071 0.15165 -0.0209124 0.223407 12.3806 -98.599 -11.1776 
0.819967 -0.109363 0 0 -0.174533 0.201107 0 0.225516 -0.137816 0.143808 0 0 0.00373064 -0.055408 0.146439 0.248902 0.0616711 -0.349066 0.357642 0.279553 -46.1474 328.885 -37.4986 0.137799 -0.0181114 0.206699 12.3806 -98.599 -11.1776 
0.828474 -0.106068 0 0 -0.174533 0.243698 0.000369292 0.220853 -0.165589 0.145338 0 0 -0.00609973 -0.0623316 0.144877 0.263339 0.0489505 -0.349066 0.339544 0.263076 -46.8024 329.394 -37.6806 0.132335 -0.0535279 0.189404 12.3806 -98.599 -11.1776 
0.804496 -0.0994479 0 0 -0.174533 0.25156 0 0.233435 -0.174533 0.133838 0 0 0.00129603 -0.0722023 0.138781 0.273594 0.0438121 -0.349066 0.356706 0.289899 -46.1183 329.276 -38.3646 0.127051 -0.0434396 0.195232 12.3806 -98.599 -11.1776 
0.79185 -0.0902197 0.000427759 0 -0.174533 0.302264 0.000415743 0.199579 -0.174533 0.12545 0 0 0.0181304 -0.0769465 0.152775 0.250299 0.0314809 -0.349066 0.299757 0.302615 -46.9915 329.213 -38.4166 0.126942 -0.0395147 0.204875 12.3806 -98.599 -11.1776 
0.80225 -0.0952081 0.000780253 0 -0.174533 0.303405 0 0.187666 -0.174533 0.113729 0 0 0.030944 -0.0714433 0.153503 0.248668 0.0466347 -0.349066 0.19495 0.2772 -46.8201 328.461 -38.2853 0.126653 -0.0385308 0.207686 12.3806 -98.599 -11.1776 
0.807666 -0.0971052 3.0546e-005 0 -0.174533 0.317814 0 0.192384 -0.174533 0.112246 0 0 0.0360061 -0.0813957 0.153769 0.210132 0.0341595 -0.349066 0.170999 0.222814 -46.8527 328.429 -38.6163 0.130301 -0.044617 0.209755 12.3806 -98.599 -11.1776 
0.818145 -0.111078 2.66926e-006 0 -0.174533 0.320747 0 0.191797 -0.174533 0.094904 0 9.91025e-005 0.0485058 -0.0922234 0.141882 0.227759 0.0632201 -0.348879 0.133401 0.244917 -46.8964 327.384 -38.2942 0.120639 -0.0245693 0.209882 12.3806 -98.599 -11.1776 
0.885128 -0.110667 2.47423e-010 0 -0.174533 0.323558 0 0.171359 -0.174533 0.0777796 0 1.24899e-005 0.094435 -0.110531 0.108873 0.196921 0.0709006 -0.349008 0.177874 0.234165 -47.5855 328.097 -38.1675 0.109461 -0.00503976 0.212026 12.3806 -98.599 -11.1776 
0.945056 -0.100798 0.0136178 0.00212856 -0.174533 0.317657 0 0.195609 -0.174533 0.0597382 0 1.12036e-005 0.132139 -0.120802 0.129689 0.182228 0.0461759 -0.349066 0.209076 0.227437 -48.8795 328.612 -37.6252 0.100659 0.0108432 0.220105 12.3806 -98.599 -11.1776 
1.04853 -0.130323 0 0.000610324 -0.174533 0.349066 0 0.211791 -0.174533 0.0205299 0 0 0.167884 -0.0946982 0.141527 0.252816 0.105731 -0.349066 0.197399 0.236862 -50.4204 327.886 -34.725 0.0857441 0.0166066 0.212862 12.3806 -98.599 -11.1776 
1.07526 -0.20944 0.0353381 0 -0.149993 0.337372 0.0511814 0.246865 -0.174533 -0.00120567 0.0635241 0.00327016 0.192749 -0.0248683 0.304096 0.202712 0.186507 -0.312927 0.0992698 0.242568 -49.7512 328.501 -36.8155 0.0741776 0.0537687 0.22527 12.3806 -98.599 -11.1776 
1.27962 -0.206902 0.0260689 0.0409359 -0.15403 0.324314 0.148855 0.241391 -0.173663 0.0276041 0.097957 0.0383787 0.267063 -0.00242087 0.511379 0.259119 0.246342 -0.346262 0.196018 0.285951 -52.5021 327.486 -35.156 0.0707519 -0.000858307 0.234587 12.3806 -98.599 -11.1776 
1.35265 -0.207108 0.0644981 0.0546663 -0.159348 0.337119 0.11579 0.228739 -0.174533 0.06471 0.0756697 0.0930905 0.395232 0.0157605 0.6158 0.206357 0.278953 -0.348633 0.180189 0.264491 -52.7955 326.087 -34.1822 0.0488289 -0.0132284 0.220684 12.3806 -98.599 -11.1776 
1.53876 -0.155014 0.0619142 0.028695 -0.127853 0.312288 0.0758863 0.324166 -0.154552 0.0456248 0.0221976 0.0161742 0.473659 0.0201339 0.752139 0.0131657 0.27052 -0.349066 0.123125 0.263665 -52.9443 327.078 -37.0297 0.0277884 -0.0343451 0.205864 12.3806 -98.599 -11.1776 
1.56745 -0.154931 0.117073 0.0109635 -0.108519 0.312059 0.0765608 0.313472 -0.14795 0.0114993 0.0394408 0.0332907 0.486471 0.0362109 0.752017 0.0121555 0.25918 -0.347151 0.190538 0.275688 -53.2691 328.268 -36.0342 0.0204379 -0.0263996 0.20614 12.3806 -98.599 -11.1776 
1.56758 -0.161025 0.107964 0.0745395 -0.110983 0.297488 0.0682442 0.307942 -0.099562 0.00939557 0.0379682 0.0838018 0.475723 0.0237937 0.765176 0.0116527 0.247701 -0.328532 0.19103 0.259829 -53.6315 328.222 -36.318 0.00597728 -0.0234966 0.201803 12.3806 -98.599 -11.1776 
1.55144 -0.192133 0.141089 0.138174 -0.104033 0.296217 0.0613263 0.271607 -0.045777 0.00834082 0.0231269 0.127935 0.436029 0.0644072 0.833576 0.0678637 0.313382 -0.327021 0.209364 0.201976 -53.6205 329.426 -37.5718 -0.0201556 -0.00503777 0.184463 12.3806 -98.599 -11.1776 
1.5434 -0.19489 0.134381 0.145601 -0.0817004 0.299437 0.0766738 0.254045 -0.014591 0.0136233 0.0462332 0.102707 0.438157 0.0593377 0.867227 0.0686415 0.301006 -0.30469 0.221865 0.226103 -53.8781 328.493 -37.7698 -0.0420733 0.0146739 0.171631 12.3806 -98.599 -11.1776 
1.54063 -0.194429 0.142232 0.16554 -0.0819924 0.290111 0.119453 0.242481 0.00492578 0.0179118 0.0495604 0.118727 0.457691 0.0565712 0.84192 0.0391093 0.287431 -0.299147 0.209332 0.237996 -54.4329 328.459 -37.7226 -0.0439579 0.0167835 0.168879 12.3806 -98.599 -11.1776 
1.51289 -0.182954 0.190796 0.234807 -0.0501485 0.277375 0.124457 0.243832 0.0709491 -0.0146165 0.00217029 0.125629 0.457923 0.060625 0.906712 0.002839 0.263862 -0.31052 0.249582 0.218825 -54.9733 329.049 -37.0593 -0.0543466 0.00368688 0.178777 12.3806 -98.599 -11.1776 
1.50592 -0.181322 0.198859 0.229292 -0.048465 0.280197 0.124244 0.252899 0.0669463 -0.0112366 0.00262305 0.125751 0.45955 0.0638938 0.912985 0.00363687 0.245661 -0.310075 0.245862 0.196847 -54.9002 329.221 -37.237 -0.0522904 0.000720525 0.182173 12.3806 -98.599 -11.1776 
1.51316 -0.138981 0.184424 0.229818 -0.0397075 0.298795 0.177359 0.257783 0.0205902 0.0138756 0.00631075 0.174444 0.43307 0.0946721 1.04767 0.121824 0.242555 -0.310907 0.198423 0.259745 -56.3679 330.81 -37.6493 -0.042314 0.00638652 0.185448 12.3806 -98.599 -11.1776 
1.51514 -0.143227 0.17463 0.203296 -0.0574393 0.29009 0.187467 0.219989 0.000821298 -0.00718423 0.0176523 0.164069 0.465348 0.114402 1.05417 0.159585 0.215772 -0.301162 0.203127 0.289988 -57.0146 329.815 -39.1125 -0.0284335 0.00173446 0.209888 12.3806 -98.599 -11.1776 
1.50481 -0.159347 0.169603 0.209187 -0.0186173 0.300187 0.177358 0.239499 -0.0280273 0.0310441 0.0704295 0.20702 0.456257 0.120202 1.10255 0.144262 0.198008 -0.28005 0.181241 0.222188 -55.2847 328.83 -38.7809 -0.0143945 -0.0246127 0.219682 12.3806 -98.599 -11.1776 
1.46065 -0.159939 0.162953 0.240485 -0.0301947 0.274698 0.248058 0.194192 -0.0216813 0.0503171 0.11923 0.25473 0.424673 0.085771 1.01407 0.0920855 0.138655 -0.278152 0.191543 0.266366 -54.5764 327.615 -37.4546 -0.0254092 -0.0384107 0.230397 12.3806 -98.599 -11.1776 
1.48202 -0.194045 0.0340002 0.000341615 -0.0254416 0.343764 0.0151233 0.224431 -0.0171008 0.0563031 0.129416 0.238888 0.289047 0.0669676 0.972172 0.0922452 0.150888 -0.331323 0.173575 0.0409682 -54.5104 327.27 -36.0308 -0.017215 -0.066136 0.213907 12.3806 -98.599 -11.1776 
1.43323 -0.204212 0 0 -0.0013499 0.349066 0.000299348 0.177434 -0.0500647 0.0378995 0.123223 0.0255126 0.125614 0.0358985 1.00689 0 0.241335 -0.330111 0.0129096 0.0935532 -55.0108 327.509 -35.0297 -0.00726366 -0.0552426 0.206401 12.3806 -98.599 -11.1776 
1.33627 -0.208693 0 0 -0.0518934 0.349066 0.0454909 0.140481 -0.0796861 0.0461671 0.149489 0 0.102343 -0.00910686 0.92577 0.00971772 0.315865 -0.345994 0.0113142 0.0231587 -54.2861 325.936 -34.7216 -0.0224544 -0.0447578 0.213892 12.3806 -98.599 -11.1776 
1.30529 -0.125708 0 0 -0.0677627 0.334561 0.0774214 0.39026 -0.028998 0.0479909 0.0944708 0 0.0503992 -0.00987632 0.771721 0 0.482096 -0.349066 0 0.00157388 -54.1257 326.044 -32.6752 -0.0643823 -0.0201665 0.209887 12.3806 -98.599 -11.1776 
1.29015 -0.118836 0 0 -0.0656164 0.340564 0.0863602 0.397437 -0.0258461 0.0460019 0.079486 0 0.0192294 -0.0146299 0.760212 0 0.472005 -0.349066 0 0.00178014 -53.955 326.451 -32.4575 -0.061486 -0.0471535 0.194474 12.3806 -98.599 -11.1776 
1.23926 -0.106725 0 0 -0.0772849 0.340659 0.11119 0.375648 -0.0244593 0.0535318 0.0938084 0 0.0163235 -0.0109315 0.751567 0.0037726 0.450434 -0.34864 0 0.00067751 -53.7555 325.726 -32.9025 -0.0757367 -0.0549055 0.174441 12.3806 -98.599 -11.1776 
1.18465 -0.100261 0 0 -0.115817 0.349066 0.11445 0.342672 0.00343398 0.0823288 0.0361863 0.0237143 0.00292055 -0.0270659 0.715083 0 0.476489 -0.34867 0 0.00910656 -54.9248 324.239 -32.7821 -0.0679146 -0.0525668 0.167958 12.3806 -98.599 -11.1776 
1.12463 -0.0937394 0 0 -0.102905 0.325582 0.164263 0.302293 0.0203327 0.081535 0.0504961 0.0330924 0.0326463 -0.0405438 0.701137 0 0.451147 -0.349066 0 0.0108092 -54.6693 325.241 -33.9385 -0.0663881 -0.0507413 0.18483 12.3806 -98.599 -11.1776 
1.02986 -0.0463184 0.0185373 0 -0.124678 0.346072 0.205911 0.336565 0.01363 0.110375 0.00556317 0.0152508 0.0289566 -0.0181281 0.566805 0.000410364 0.445901 -0.348822 0 0.0067913 -55.9116 327.338 -35.074 -0.0498751 -0.0726767 0.169481 12.3806 -98.599 -11.1776 
1.01894 0.0329414 0 0 -0.14827 0.349066 0.299644 0.392375 -0.0057296 0.112347 0.000149947 0.00745073 0.0111369 0.00123947 0.534613 0.213237 0.456712 -0.349066 0.166947 0.0928858 -53.881 328.417 -36.2216 -0.0707872 -0.116805 0.164424 12.3806 -98.599 -11.1776 
0.972215 0.0995415 0 0 -0.151711 0.349066 0.348573 0.385981 0.0641054 0.0959161 0 0 0.0788526 0.0205342 0.469991 0.172764 0.525102 -0.349066 0.192422 0.029727 -52.4242 327.759 -33.3573 -0.0995559 -0.133984 0.159779 12.3806 -98.599 -11.1776 
0.948325 0.171328 0.00192063 0.0255818 -0.161872 0.336494 0.336417 0.386626 0.072159 0.091585 0.000260938 0.00527748 0.0739052 -0.00980738 0.459506 0.0446667 0.547753 -0.349066 0.0692235 0.055745 -52.087 328.834 -33.3386 -0.106255 -0.13111 0.152241 12.3806 -98.599 -11.1776 
0.925701 0.192711 0 0 -0.162334 0.342095 0.324166 0.365347 0.0703063 0.0984968 0 0.00234162 0.0464426 -0.021399 0.383988 0.0531341 0.528928 -0.349066 0.0313396 0.0279541 -51.4313 327.96 -32.2066 -0.0906701 -0.112224 0.133708 12.3806 -98.599 -11.1776 
0.922949 0.179087 0 0 -0.159461 0.349066 0.300458 0.384851 0.0596964 0.0749082 0 0 0.0287523 -0.00961012 0.366046 0.0149631 0.528805 -0.349066 0.0212195 0.0254549 -51.7683 327.472 -32.1584 -0.070695 -0.112532 0.138254 12.3806 -98.599 -11.1776 
0.918732 0.169742 0.0335955 0.0952618 -0.139525 0.349066 0.293505 0.422965 0.0258341 0.0746178 0 0.0234289 0.0456155 -0.0123988 0.33299 0.0597659 0.553541 -0.349066 0.00267335 0.0193535 -51.7307 327.795 -32.1412 -0.0631241 -0.115609 0.147864 12.3806 -98.599 -11.1776 
0.941594 0.161888 0.141523 0.123012 -0.141674 0.3186 0.306447 0.434909 0.0504103 0.0543191 0 0.0213416 0.0436321 -0.0255121 0.37817 0.103795 0.51434 -0.349066 0.0024276 0.178607 -51.7404 327.842 -32.3566 -0.0571182 -0.129102 0.158606 12.3806 -98.599 -11.1776 
0.968622 0.1429 0.267681 0.216821 -0.143248 0.309218 0.289063 0.476082 -0.0385297 0.0181631 0.0102088 0.0513545 0.0749689 -0.0274509 0.277224 0.281114 0.459539 -0.324794 0.0484428 0.177664 -54.1874 328.166 -30.8924 -0.042424 -0.0972021 0.145172 12.3806 -98.599 -11.1776 
0.971486 0.141319 0.283774 0.214202 -0.123789 0.319972 0.264697 0.451475 -0.0512933 0.00508084 0.0359872 0.0475472 0.0627883 -0.0304833 0.320041 0.271317 0.461031 -0.323368 0.0457787 0.206005 -53.3759 328.024 -30.1351 -0.045092 -0.0868914 0.149643 12.3806 -98.599 -11.1776 
1.10602 0.139873 0.322629 0.258303 -0.137375 0.332544 0.33967 0.353885 -0.0133617 0.0182515 0.0200341 0.0374473 0.179952 0.0368035 0.371396 0.324195 0.453352 -0.246866 0.147292 0.204113 -56.0597 331.108 -28.8889 -0.0848933 -0.107288 0.185582 12.3806 -98.599 -11.1776 
1.27676 0.0540234 0.289477 0.446213 -0.171797 0.322031 0.239315 0.145025 -0.0234352 0.0942266 0.00842255 0.0495482 0.116939 0.0606421 0.106238 0.361514 0.500495 -0.156274 0.0111729 0.0913552 -57.9976 334.63 -31.9849 -0.00281914 -0.106565 0.224739 12.3806 -98.599 -11.1776 
1.26322 0.0341426 0.350703 0.432818 -0.14538 0.31644 0.275759 0.0909409 -0.0241927 0.0389621 0.099394 0.03832 0.122528 0.0508185 0.218989 0.390406 0.537553 0.0766718 0.056414 0.0783302 -58.0661 332.39 -31.8972 -0.00278486 -0.062973 0.265002 12.3806 -98.599 -11.1776 
1.24763 0.0144587 0.407849 0.382205 -0.106996 0.341227 0.226978 0.193111 -0.00716387 0.0264273 0.0911243 0.0697629 0.141798 0.0265182 0.280304 0.355667 0.566106 0.139793 0.0395748 0.224224 -53.9905 331.777 -32.8819 0.005232 -0.0634677 0.26078 12.3806 -98.599 -11.1776 
1.22269 0.00190997 0.422366 0.378607 -0.110765 0.342264 0.220594 0.18334 -0.000688508 0.0406314 0.0950928 0.0552824 0.125868 0.0319341 0.278468 0.369638 0.563697 0.142502 0.0383605 0.243329 -53.9501 332.188 -33.1068 0.0080071 -0.0610744 0.262117 12.3806 -98.599 -11.1776 
1.21625 0.0204495 0.494218 0.382894 -0.135563 0.341303 0.22136 0.178226 -0.0206426 0.0194242 0.0787676 0.0188519 0.0553486 0.0596663 0.288734 0.453155 0.562738 0.193027 0.0665288 0.261097 -55.4756 331.922 -31.9118 0.00120193 -0.0443129 0.25225 12.3806 -98.599 -11.1776 
1.16573 0.0190099 0.507435 0.38388 -0.149129 0.349066 0.185338 0.0836854 -0.0309751 -0.00722042 0.0491555 0.00435163 0.0445592 0.0649166 0.1956 0.36419 0.606805 0.202073 0.112614 0.300384 -55.4409 333.462 -33.5471 -0.0140624 -0.00774194 0.250285 12.3806 -98.599 -11.1776 
1.19035 0.0279066 0.523974 0.398367 -0.14954 0.349066 0.18991 0.114012 -0.0569936 -0.0137404 0.00908674 0 -0.0705303 0.0807051 0.198818 0.342131 0.584992 0.189082 0.140587 0.311265 -56.5479 332.82 -32.9436 -0.00515422 -0.0175512 0.24792 12.3806 -98.599 -11.1776 
1.18668 0.0363984 0.579213 0.36588 -0.150412 0.349066 0.191855 0.115249 -0.0691036 -0.00585919 0 0 -0.101985 0.0774722 0.171316 0.339995 0.578746 0.314028 0 0.314338 -55.9512 332.909 -33.1015 0.00394743 -0.0068548 0.24512 12.3806 -98.599 -11.1776 
1.29929 0.00349964 0.493956 0.384196 -0.145969 0.349066 0.160683 0.0592441 -0.0501344 -0.0200578 0 0 -0.101363 0.0675034 0.103128 0.277902 0.474699 0.336568 0 0.181963 -56.0094 331.414 -33.3109 0.0219737 -0.0176889 0.254552 12.3806 -98.599 -11.1776 
1.33286 -8.56696e-005 0.455573 0.325456 -0.145273 0.349066 0.178774 0.056405 -0.0702039 -0.0279296 0 0 -0.105183 0.0615245 0.0845394 0.315345 0.430087 0.348778 0 0.154071 -54.6958 330.961 -32.5522 0.0327089 -0.0299639 0.258596 12.3806 -98.599 -11.1776 
1.33454 0.00339036 0.447805 0.318087 -0.161719 0.349066 0.259711 0.0775078 -0.0661595 -0.0154818 0 0 -0.12071 0.0674851 0.116674 0.311839 0.418867 0.348767 0 0.152762 -55.0588 330.982 -32.3955 0.0268925 -0.0187444 0.249511 12.3806 -98.599 -11.1776 
1.34723 -0.0432902 0.408472 0.311903 -0.149781 0.349066 0.289294 0.0988415 -0.0280047 0.00438806 0 1.85988e-005 -0.118404 0.0655037 0.160565 0.293112 0.420682 0.349066 0 0.16849 -56.7499 330.888 -32.1078 0.0180625 -0.0248147 0.239807 12.3806 -98.599 -11.1776 
1.32785 -0.0786128 0.292547 0.340816 -0.174533 0.349066 0.184069 0.123875 -0.164409 0.0274057 0.0723364 0 -0.120545 0.034421 0.276784 0.372144 0.210631 0.349066 0 0.351156 -60.1979 333.658 -35.5902 0.0560978 -0.0851335 0.205399 12.3806 -98.599 -11.1776 
1.28577 -0.0750229 0.231712 0.360966 -0.162547 0.349066 0.184318 0.1368 -0.1687 0.0407899 0.0315088 0.0120077 -0.117117 0.0116696 0.291852 0.337818 0.158501 0.349066 0 0.356635 -61.338 332.488 -35.8853 0.062231 -0.135402 0.174882 12.3806 -98.599 -11.1776 
1.17878 -0.175729 0.06384 0.28846 -0.168026 0.347627 0.283417 0.170262 -0.169118 0.0249707 0.00859615 0.0105605 -0.163348 0.0342466 0.349864 0.257907 0.196456 0.307906 0 0.406679 -63.1605 332.491 -36.5449 0.0600337 -0.126892 0.148841 12.3806 -98.599 -11.1776 
1.10348 -0.185614 0.0019609 0.245332 -0.16309 0.346937 0.294546 0.131338 -0.155656 0.0745568 0.00650367 0.00524013 -0.157474 0.0455918 0.305331 0.438974 0.237773 0.289761 0.00280584 0.326803 -63.6449 333.441 -35.4059 0.0546755 -0.0800274 0.110458 12.3806 -98.599 -11.1776 
0.994033 -0.176253 0.0874082 0.241894 -0.130162 0.339381 0.30719 0.165056 -0.119589 0.0973542 0 0.0672233 -0.124974 0.0725485 0.389728 0.518566 0.253908 0.243153 0.000879789 0.3516 -62.1177 332.613 -35.6101 0.0297841 -0.0603473 0.0886798 12.3806 -98.599 -11.1776 
0.960662 -0.154681 0.0834638 0.260535 -0.13442 0.346369 0.305265 0.180826 -0.0976342 0.120087 0 0.110335 -0.124152 0.0725816 0.418505 0.544515 0.230492 0.250247 0.0390419 0.346484 -61.5348 332.283 -35.7806 0.0142138 -0.0575153 0.0708154 12.3806 -98.599 -11.1776 
0.925028 -0.137736 0.0541013 0.234469 -0.148622 0.323222 0.278137 0.163519 -0.0754859 0.135127 0.000230888 0.0886196 -0.121693 0.0700585 0.509371 0.500134 0.244854 0.224904 0.0350137 0.353082 -60.6151 333.137 -37.9388 0.00822418 -0.0477146 0.0592149 12.3806 -98.599 -11.1776 
0.879624 -0.0831058 0.0174987 0.218521 -0.171221 0.349066 0.342068 0.197105 -0.0300657 0.14384 0.0002169 0.0727139 -0.0613046 0.0889502 0.441391 0.475964 0.246482 0.223081 0.00950852 0.297843 -60.2693 332.876 -39.3314 0.00884219 -0.087551 0.0328048 12.3806 -98.599 -11.1776 
0.618899 -0.102967 0 0.121352 -0.174533 0.349066 0.249271 0.167688 0.010315 0.120855 0 0.0519082 -0.0586693 0.0564741 0.361222 0.429485 0.240725 0.143087 0.00172868 0.335634 -59.1539 329.843 -41.7203 0.0249882 -0.0745855 0.0168221 12.3806 -98.599 -11.1776 
0.528759 -0.016932 0 0.0880427 -0.174533 0.329738 0.41982 0.221879 -0.013683 0.10842 0 0.11584 -0.0683174 0.0263194 0.473765 0.340673 0.173564 0.0156358 0.00112908 0.556668 -60.8007 330.265 -41.713 0.020711 -0.103101 -0.0092843 12.3806 -98.599 -11.1776 
0.462832 0.0159852 0 0.00123372 -0.174533 0.348998 0.418833 0.175028 -0.0352345 0.104907 0 0.0356941 -0.158316 0.069497 0.473991 0.274839 0.203889 -0.0164375 0 0.455149 -60.4478 330.779 -42.9646 0.0336544 -0.12574 -0.0397584 12.3806 -98.599 -11.1776 
0.454355 0.0198371 0 0 -0.174533 0.349066 0.375516 0 -0.0266876 0.0938624 0 0.0409941 -0.174533 0.0735319 0.473657 0.1817 0.160805 -0.065006 0 0.45343 -61.7612 330.104 -42.9106 0.0322427 -0.118956 -0.0426602 12.3806 -98.599 -11.1776 
0.466107 0.0318047 0 0 -0.174533 0.349066 0.345826 0 -0.0271664 0.0981426 0 0.0398083 -0.174533 0.0536425 0.462545 0.189209 0.14537 -0.0792395 0 0.453 -61.9261 329.424 -43.1513 0.0337437 -0.131042 -0.0362298 12.3806 -98.599 -11.1776 
0.414698 0.036254 0.00120582 0.00108071 -0.171842 0.347389 0.348382 0 -0.0374062 0.111988 0.033388 0.0275822 -0.174533 0.0736277 0.470239 0.167119 0.194966 -0.103859 0.00351181 0.397756 -62.6951 329.883 -42.7205 0.0384404 -0.121515 -0.0430626 12.3806 -98.599 -11.1776 
0.326491 0.0342719 0.00166474 0.0150159 -0.166674 0.347932 0.329616 0.00666079 -0.0519843 0.138958 0.0168366 0.0478844 -0.164078 0.0936264 0.418267 0.182081 0.214604 -0.105686 0.0272006 0.45935 -61.1036 329.155 -41.2379 0.0625637 -0.127798 -0.0568434 12.3806 -98.599 -11.1776 
