0.0671284 0.173025 0.0375934 0 -0.03658 0.326616 0.0426142 0 -0.166949 -0.0639261 0 0 0.100926 -0.148863 0 0 0.418761 -0.349066 0 0 -23.6585 267.956 -37.7273 -0.00867524 0.0933359 -0.0356817 0.0783997 -98.162 -19.083 
0.247819 0.056184 0.0326725 0 -0.174533 0.349066 0 0 -0.154273 0.0371859 0 0 -0.0681599 0.00495849 0 0 0.139668 -0.349066 0 0 -22.258 272.129 -43.1745 0.0587892 -0.0176311 -0.0738173 0.0783997 -98.162 -19.083 
0.234661 0.0379693 0.0828004 0.0329604 -0.173718 0.325733 0 0 -0.107863 0.0567773 0.0449019 0.0233995 -0.0722784 -0.0113209 0 0.0619351 0.138282 -0.336074 0.0227557 0 -22.6458 271.758 -43.171 0.0442049 -0.0424572 -0.0861722 0.0783997 -98.162 -19.083 
0.229476 0.0416086 0.0801843 0.0262591 -0.174472 0.334366 0 3.37096e-006 -0.112685 0.0727276 0.0446881 0.0136353 -0.0679043 -0.0170343 8.22464e-005 0.0607006 0.130158 -0.337548 0.0282164 0 -23.0397 271.928 -43.0992 0.0515526 -0.0426115 -0.095427 0.0783997 -98.162 -19.083 
0.222994 0.0626165 0.0729748 0 -0.17401 0.348084 0 0 -0.132073 0.0852811 0 0.00410155 -0.0658525 -0.00947702 0 0.00508184 0.141839 -0.348108 0.0150267 0 -23.5046 272.141 -43.1339 0.0657331 -0.0301475 -0.0956924 0.0783997 -98.162 -19.083 
0.221355 0.0809721 0.0711353 0 -0.139999 0.348253 0.00118546 2.82207e-005 -0.144345 0.0891052 0 0.00167164 -0.0635046 -0.000189656 0 0.00270081 0.148634 -0.345667 0.0102165 0.0467462 -23.3374 271.784 -43.4883 0.066838 -0.0262647 -0.0932406 0.0783997 -98.162 -19.083 
0.224373 0.0751157 0.0177371 0.0328092 -0.139734 0.349066 0.0169178 0 -0.157415 0.0887185 0 0 -0.051707 0.00144714 0 0 0.179489 -0.347303 0.0102578 0.0471052 -23.3445 272.437 -43.6065 0.0700848 -0.0156644 -0.0842214 0.0783997 -98.162 -19.083 
0.200135 0.0658803 0 0.0327695 -0.131567 0.349066 0.0157003 0 -0.154759 0.0884919 0 0 -0.0492419 0.0124472 0 0 0.194941 -0.349066 0.00583209 0.0517302 -22.8838 272.61 -43.9928 0.0756498 -0.00708765 -0.0790198 0.0783997 -98.162 -19.083 
0.203901 0.063551 0 0.0324345 -0.131136 0.348669 0.00539159 0.000726489 -0.155462 0.0887603 0.00520749 0 -0.0479305 0.00970908 0.00479726 0 0.201659 -0.348233 0.00589072 0.0610177 -22.8396 272.706 -44.125 0.0805605 -0.00379509 -0.078477 0.0783997 -98.162 -19.083 
0.200246 0.0625521 0 0.0320312 -0.130215 0.349066 0 0 -0.168139 0.0881811 0.0052562 0 -0.0506847 0.0095782 0.0048353 0 0.196833 -0.349066 0 0.0584355 -22.8722 272.937 -44.2944 0.0876715 -0.00541109 -0.0779993 0.0783997 -98.162 -19.083 
0.199586 0.0616104 0 0.0276562 -0.128593 0.349066 0 0 -0.170183 0.0892631 0.000486124 0 -0.0436984 0.0105846 0.00467395 0 0.197017 -0.349066 0 0.0570723 -22.8101 273.283 -44.0945 0.0847893 -0.000807605 -0.077436 0.0783997 -98.162 -19.083 
0.202921 0.0598062 0 0.0275549 -0.129085 0.349066 0 0 -0.174162 0.0907964 2.27671e-005 0 -0.0469878 0.013234 0.00309039 0 0.197788 -0.349066 0 0.0573989 -22.7337 273.273 -44.0183 0.0846861 -0.00194714 -0.0777188 0.0783997 -98.162 -19.083 
0.193256 0.0570666 0 0.0281402 -0.125811 0.349066 0 0 -0.174461 0.0946291 4.12962e-006 0 -0.0429263 0.00598758 0.000560552 0 0.201224 -0.349066 0 0.0560725 -22.7891 273.102 -43.7642 0.0789315 0.00612408 -0.0771073 0.0783997 -98.162 -19.083 
0.194254 0.0544025 0 0.0285342 -0.126416 0.349066 0 0 -0.17453 0.0934161 4.07838e-006 0 -0.0550835 0.0081227 0 0 0.204343 -0.349066 0 0.0561628 -22.7025 273.244 -43.7141 0.0792616 0.00659842 -0.0767569 0.0783997 -98.162 -19.083 
0.191226 0.0580122 0.00787099 0.0343219 -0.128544 0.347117 0 0 -0.174532 0.0875318 4.90561e-006 0.00346962 -0.0636394 0.0035628 0.00452678 0 0.205147 -0.349066 0 0.0534355 -22.6612 273.326 -43.5337 0.0790507 0.00845779 -0.0741395 0.0783997 -98.162 -19.083 
0.192586 0.0564541 0.0260793 0.0402768 -0.113619 0.347441 0.00429153 0.0117049 -0.161616 0.0963076 0.0111929 0.0337862 -0.0416694 0.000276033 0.00045991 0.0173022 0.215027 -0.349066 0.0011251 0.0591992 -22.2004 273.024 -43.1872 0.0719334 0.0142209 -0.0610568 0.0783997 -98.162 -19.083 
0.215469 0.0500734 0.0377316 0.046562 -0.098773 0.348595 0 0.00229476 -0.161184 0.0981224 0.0186301 0.0330902 0.0113603 -0.00204262 0 7.49004e-005 0.21255 -0.349066 0 0.0592263 -21.9741 273.225 -43.2437 0.071701 0.00983389 -0.0534924 0.0783997 -98.162 -19.083 
0.228198 0.0343235 0.0164092 0.0504331 -0.0924744 0.349066 0 0.000248175 -0.160074 0.0892311 0 0.0322079 0.00413545 0.00155795 0 0 0.21728 -0.349066 0 0 -22.4757 273.311 -43.3705 0.0786035 0.0136479 -0.0394249 0.0783997 -98.162 -19.083 
0.270916 -0.00743903 0 0.0412312 -0.105482 0.349066 0 0 -0.153971 0.128552 0 0.0110885 0.0677543 0.043392 0.00772578 0 0.220803 -0.349066 0.00013075 0 -22.1246 276.318 -47.6629 0.0745593 0.0957538 -0.0443573 0.0783997 -98.162 -19.083 
0.335568 0.00934012 0.00221907 0.035067 -0.0852691 0.349066 0 0.142129 -0.169813 0.0682922 0 0.00136216 0.122104 0.0774283 0.0793598 0 0.135989 -0.347051 0.0291299 0.0653136 -20.3688 276.732 -49.5736 0.0527771 0.0600903 0.00926443 0.0783997 -98.162 -19.083 
0.441401 0.0292972 0 0.0216413 -0.0482423 0.349066 0 0.266159 -0.174533 0.0465413 0 0 0.223523 0.0951466 0.0801281 0 0.0988747 -0.349066 0 0 -18.135 283.69 -54.4929 0.0594103 -0.000660028 -0.00557904 0.0783997 -98.162 -19.083 
0.676559 -0.00201355 0.0321668 0.0656603 -0.0708435 0.318235 0.201669 0.340679 -0.111193 0.0296348 0.00911566 0 0.255607 0.0848912 0.0925739 0.000453567 0.206304 -0.285949 0.000229464 0.141193 -20.2103 286.005 -58.5556 0.0579024 -0.095821 -0.00693925 0.0783997 -98.162 -19.083 
0.776883 -0.0162559 0.0197427 0.0935501 -0.0815995 0.289552 0.174477 0.388241 -0.0986455 0.056071 0.00490159 0.0112964 0.369026 0.0363274 0.0652774 0.000105671 0.346453 -0.310441 0.00120061 0.0970431 -17.7766 287.476 -59.8424 0.0491055 -0.112539 0.0172398 0.0783997 -98.162 -19.083 
0.783893 -0.0249112 0.0465286 0.0897408 -0.106124 0.302175 0.150289 0.35301 -0.115778 0.0500522 0.00567805 0.0130859 0.387378 0.0520696 0.075618 0 0.390996 -0.320025 0.00305746 0.112416 -17.4872 286.684 -60.177 0.0711349 -0.142216 0.020198 0.0783997 -98.162 -19.083 
0.575615 -0.0350336 0.0350027 0.418931 -0.12422 0.314287 0.420334 0.248424 -0.019302 0.113674 0.00350689 0.00797844 0.43421 0.0739772 0.354944 0 0.363 -0.258525 0.0821617 0.230761 -12.8231 286.704 -60.4515 0.0443734 -0.11096 0.0758158 0.0783997 -98.162 -19.083 
0.775113 -0.0451758 0.0482973 0.488153 -0.115321 0.340122 0.495768 0.273559 -0.0100451 0.127159 0.00483886 0.00702759 0.408454 0.0857912 0.436365 0 0.337413 -0.257285 0.112782 0.265148 -11.8123 288.211 -62.0767 0.105755 -0.155502 0.0788344 0.0783997 -98.162 -19.083 
0.769338 -0.116038 0.0246737 0.422662 -0.0153893 0.284927 0.270978 0.152081 0.191917 0.0343884 0 0.253993 0.486339 0.148664 0.327474 0.00472783 0.346355 -0.188701 0.14183 0.403008 -14.5688 292.932 -60.8554 0.207614 -0.106398 0.0926066 0.0783997 -98.162 -19.083 
0.928324 -0.0983315 0.0660685 0.35642 0.252618 0.325675 0.504371 0.169277 0.558856 0.0463626 0 0.164741 0.442729 0.165463 0.36755 0.0537175 0.243387 -0.133534 0.161312 0.435687 -14.4955 298.764 -64.2108 0.191814 -0.0934063 0.0704965 0.0783997 -98.162 -19.083 
1.08855 -0.103417 0.0681539 0.211837 0.25828 0.326825 0.536192 0.155857 0.580746 0.0537696 0 0.171156 0.458056 0.172425 0.13424 0.0476994 0.259892 -0.140362 0.14324 0.479914 -15.0231 309.779 -66.3356 0.201661 -0.0900685 0.0750511 0.0783997 -98.162 -19.083 
1.13668 -0.131889 0.156529 0.453685 0.409184 0.284583 0.382791 0.126973 0.69417 -0.00110799 0 0.129565 0.326172 0.173477 0.236646 0.0510749 0.272761 -0.163644 0.179037 0.53893 -13.8162 302.653 -63.3724 0.196466 -0.16066 0.114997 0.0783997 -98.162 -19.083 
1.12751 -0.149965 0.155698 0.32292 0.45681 0.14188 0.258475 0.123406 0.684495 -0.0679925 0.0163864 0.125257 0.300085 0.163047 0.234986 0.0881682 0.28474 -0.153621 0.129314 0.748038 -12.6415 301.966 -64.5183 0.222652 -0.143486 0.183438 0.0783997 -98.162 -19.083 
1.05049 -0.155586 0.12486 0.374734 0.538257 0.140908 0.263018 0.111177 0.690573 -0.0621244 0.068295 0.183836 0.280728 0.180205 0.284953 0.141333 0.287575 -0.15113 0.103436 0.78443 -10.9677 304.675 -63.9554 0.24547 -0.143214 0.195459 0.0783997 -98.162 -19.083 
1.08975 -0.15993 0.15347 0.357512 0.617964 0.137555 0.218772 0.110394 0.677089 -0.0536457 0 0.17616 0.275495 0.187165 0.301193 0.144238 0.299592 -0.15913 0.123313 0.78846 -10.5474 304.63 -64.0357 0.256983 -0.147326 0.189627 0.0783997 -98.162 -19.083 
1.09901 -0.20735 0.198718 0.35611 0.625693 0.147006 0.217472 0.127948 0.665722 -0.055786 0.0224049 0.148555 0.245406 0.201449 0.292475 0.151272 0.304618 -0.170119 0.0889928 0.779845 -11.0398 306.387 -64.7562 0.27566 -0.136311 0.19453 0.0783997 -98.162 -19.083 
1.13463 -0.20921 0.218729 0.315379 0.629237 0.133906 0.263764 0.204373 0.672341 -0.0696198 0.0376558 0.157813 0.160177 0.215087 0.317809 0.198395 0.256286 -0.162166 0.094446 0.802014 -10.0583 304.996 -66.2713 0.272002 -0.179694 0.188772 0.0783997 -98.162 -19.083 
1.14145 -0.20944 0.219802 0.332452 0.631366 0.14194 0.25093 0.199588 0.668547 -0.0678679 0.0325438 0.158147 0.162339 0.21539 0.319309 0.193037 0.246763 -0.160625 0.0892589 0.807064 -10.1237 305.041 -66.186 0.269017 -0.175596 0.183246 0.0783997 -98.162 -19.083 
1.17739 -0.20944 0.217583 0.31652 0.674331 0.138214 0.24303 0.22996 0.675085 -0.0815013 0.0320658 0.147924 0.134186 0.226611 0.305413 0.191468 0.265583 -0.140549 0.107188 0.792378 -8.98887 306.15 -66.8528 0.265317 -0.17704 0.193099 0.0783997 -98.162 -19.083 
1.20601 -0.203814 0.20826 0.318933 0.678083 0.142804 0.235596 0.230807 0.672668 -0.0796873 0.0530919 0.15475 0.15556 0.236819 0.24644 0.192899 0.264825 -0.125077 0.110478 0.750925 -8.75585 305.855 -66.0936 0.26796 -0.187004 0.20114 0.0783997 -98.162 -19.083 
1.22021 -0.207777 0.211399 0.284838 0.724137 0.155669 0.19995 0.273306 0.695558 -0.090172 0 0.0725455 0.144582 0.254616 0.246743 0.23274 0.266703 -0.0734538 0.0866563 0.788116 -8.36929 307.758 -64.8793 0.282493 -0.198631 0.210207 0.0783997 -98.162 -19.083 
1.22225 -0.208092 0.215148 0.289653 0.73463 0.163002 0.204092 0.278152 0.695918 -0.0943707 0 0.0737457 0.150681 0.254657 0.251119 0.236867 0.263258 -0.075962 0.0911748 0.795935 -8.43568 307.092 -64.6384 0.280372 -0.197935 0.214186 0.0783997 -98.162 -19.083 
1.22404 -0.208067 0.211644 0.285114 0.742399 0.165795 0.112149 0.247727 0.658241 -0.116844 0.0155505 0.0353204 0.157801 0.255928 0.220747 0.205861 0.302788 -0.0802195 0.0621624 0.815091 -8.91279 307.088 -64.7406 0.28457 -0.197714 0.220693 0.0783997 -98.162 -19.083 
1.22124 -0.208907 0.286553 0.233327 0.778303 0.163528 0.118012 0.275537 0.608201 -0.121279 0.032393 0.0384639 0.1943 0.272561 0.189242 0.26869 0.271681 -0.0848389 0.0528208 0.836655 -8.61835 307.487 -64.3856 0.287836 -0.226309 0.212747 0.0783997 -98.162 -19.083 
1.09912 -0.208502 0.343254 0.197303 0.815938 0.174957 0.17404 0.313628 0.57925 -0.0847331 0 0.0767792 0.236409 0.2432 0.222321 0.20398 0.274948 0.0137073 0.027373 0.796985 -9.35784 306.024 -63.3114 0.226708 -0.291324 0.177165 0.0783997 -98.162 -19.083 
1.03177 -0.198372 0.322851 0.236878 0.829152 0.1841 0.26805 0.370563 0.648456 -0.145758 0.0058905 0.104136 0.224974 0.264264 0.39085 0.155693 0.352248 0.0444777 0.0164441 0.72613 -9.74469 305.387 -61.1833 0.12752 -0.313072 0.181778 0.0783997 -98.162 -19.083 
0.941535 -0.20556 0.238768 0.297565 0.839648 0.341047 0.226162 0.315683 0.677174 -0.174243 0 0 0.172756 0.349066 0.301025 0.15803 0.371647 0.0747696 0 0.66662 -9.9802 304.436 -60.0393 0.0966749 -0.293069 0.163259 0.0783997 -98.162 -19.083 
0.92981 -0.205734 0.21638 0.282699 0.866124 0.343226 0.210725 0.329587 0.692424 -0.169446 0 0 0.15233 0.349066 0.299449 0.165465 0.357565 0.0765847 0 0.690851 -9.2132 303.59 -59.5238 0.0802769 -0.295888 0.172701 0.0783997 -98.162 -19.083 
1.01292 -0.204936 0.194384 0.311811 0.860439 0.349066 0.140272 0.335465 0.631382 -0.161195 0 0 0.141563 0.346019 0.338507 0.242768 0.355536 0.0784012 0.00661777 0.693857 -9.26057 303.568 -59.3106 0.0905818 -0.280373 0.177963 0.0783997 -98.162 -19.083 
1.00669 -0.20944 0.196485 0.385025 0.897789 0.349066 0.103093 0.209819 0.59151 -0.194328 0 0.00129177 0.176962 0.349066 0.329433 0.169876 0.329409 0.0862154 0.00933955 0.557208 -11.4279 300.721 -58.1368 0.0585107 -0.247137 0.194207 0.0783997 -98.162 -19.083 
1.1232 -0.208954 0.141142 0.272981 0.990838 0.343613 0.0965961 0.243206 0.518378 -0.191162 0 0.00894546 0.191791 0.347626 0.268875 0.0857389 0.380513 0.0667001 0.0501117 0.505982 -12.9971 300.832 -54.1439 0.02317 -0.219389 0.234978 0.0783997 -98.162 -19.083 
1.14812 -0.20916 0.118461 0.246788 1.00101 0.346393 0.0445217 0.151521 0.515277 -0.170878 0.00956443 0.00505434 0.14542 0.348248 0.237821 0.05928 0.3009 0.0633739 0.0312728 0.549264 -13.2888 301.038 -52.9162 0.0185136 -0.223339 0.242218 0.0783997 -98.162 -19.083 
1.15358 -0.204771 0.146878 0.309703 0.964505 0.34831 0.0128989 0.122497 0.507609 -0.19433 0.00468882 0.00406151 0.151652 0.348409 0.229212 0.0258638 0.269047 0.0678516 0.0251299 0.579096 -11.7494 301.11 -50.6203 -0.0131479 -0.223837 0.282976 0.0783997 -98.162 -19.083 
1.12562 -0.20944 0.150882 0.309206 0.953766 0.349066 0.00203441 0.0093533 0.499311 -0.199916 0 0 0.113103 0.349066 0.219235 0 0.259475 0.0540347 0 0.589799 -11.9046 301.111 -50.8923 -0.0149442 -0.237072 0.285443 0.0783997 -98.162 -19.083 
1.13027 -0.20944 0.105406 0.321357 0.976002 0.348343 0.0576912 0.0160618 0.450143 -0.205789 0 0 0.0694351 0.348968 0.164924 0.0819338 0.295808 0.0473535 0.00979878 0.561948 -10.0028 300.602 -51.0852 -0.0481238 -0.249603 0.272234 0.0783997 -98.162 -19.083 
1.09973 -0.20944 0.126158 0.34093 1.05472 0.349066 0.0395156 0.00172383 0.4097 -0.221495 0 0 0.0174609 0.349066 0.214049 0.120833 0.324549 0.0244383 0 0.651269 -9.8928 301.074 -48.3691 -0.0747054 -0.248473 0.24791 0.0783997 -98.162 -19.083 
1.19879 -0.20944 0.153267 0.30228 1.13698 0.349066 0 0 0.380542 -0.216652 0 0 -0.0156201 0.349066 0.197195 0.224657 0.210026 -0.00110439 0 0.667266 -9.11415 298.62 -49.161 -0.0620513 -0.317589 0.227898 0.0783997 -98.162 -19.083 
1.20208 -0.20944 0.155898 0.298421 1.14009 0.349066 0 0 0.373624 -0.213855 0 0 -0.022735 0.349066 0.204293 0.231178 0.210597 -0.000538681 0 0.660163 -9.03279 298.586 -49.0617 -0.0643562 -0.318083 0.22574 0.0783997 -98.162 -19.083 
1.26195 -0.20944 0.177299 0.308493 1.1501 0.349066 7.94355e-007 0 0.344607 -0.23662 0 0 -0.01393 0.349066 0.227585 0.259033 0.204847 -0.0270606 0 0.649597 -8.69392 299.108 -48.308 -0.0421672 -0.337084 0.229865 0.0783997 -98.162 -19.083 
1.24325 -0.20944 0.107256 0.319021 1.22168 0.349066 0 0 0.31021 -0.21077 0 0 -0.0112926 0.348866 0.192174 0.282586 0.0548041 -0.0999829 0.0219471 0.80884 -10.6065 297.944 -42.8879 -0.00258734 -0.343445 0.23673 0.0783997 -98.162 -19.083 
1.20427 -0.20944 0.0391787 0.35305 1.25977 0.349066 0 0 0.288395 -0.232704 0 0 0.00756287 0.349066 0.199124 0.309615 0.0190859 -0.107568 0 0.844949 -9.30576 295.84 -41.0678 0.0216458 -0.376354 0.244974 0.0783997 -98.162 -19.083 
1.22506 -0.200874 0.0166706 0.347618 1.28395 0.349066 0 0 0.272983 -0.219324 0 0 0.0259975 0.349066 0.192023 0.369864 0.0546758 -0.134353 0 0.78968 -9.09037 295.259 -39.7344 0.019853 -0.411042 0.254458 0.0783997 -98.162 -19.083 
1.21173 -0.203683 0 0.333065 1.31036 0.349066 0 0 0.222721 -0.220389 0 0 0.0105812 0.346663 0.194113 0.307443 0.0263056 -0.143725 0 0.746161 -8.97282 292.353 -38.9551 0.0247332 -0.421974 0.258501 0.0783997 -98.162 -19.083 
1.23929 -0.204432 0 0.31757 1.32371 0.349066 0 0 0.20197 -0.224888 0 0 -0.0111818 0.348955 0.233588 0.348349 0.00115933 -0.145496 0 0.793299 -9.48895 292.232 -38.6174 0.0223272 -0.403639 0.27076 0.0783997 -98.162 -19.083 
1.28297 -0.203476 0 0.298971 1.32367 0.349066 0 0 0.221628 -0.235088 0 0 -0.0491056 0.349066 0.257484 0.327372 -0.0464209 -0.156142 0 0.789488 -9.44103 292.804 -38.6923 0.0130461 -0.401052 0.273697 0.0783997 -98.162 -19.083 
1.30459 -0.209411 0 0.112426 1.3494 0.349066 0 0 0.151626 -0.256291 0 0 -0.12896 0.349066 0.290423 0.261866 -0.0811485 -0.208349 0 0.784313 -10.0207 290.941 -38.3267 0.0284025 -0.411845 0.292707 0.0783997 -98.162 -19.083 
1.31149 -0.209437 0 0.151234 1.33422 0.349066 0 0 0.136153 -0.242681 0 0 -0.162845 0.349066 0.346319 0.2789 -0.165557 -0.242921 0 0.764362 -10.5379 289.132 -39.3235 0.0407859 -0.413735 0.306498 0.0783997 -98.162 -19.083 
1.30955 -0.20944 0 0.0881494 1.31889 0.349066 0 0 0.106691 -0.240566 0 0 -0.163253 0.347067 0.356825 0.269939 -0.174533 -0.250659 0 0.75897 -10.3917 289.374 -39.3702 0.044573 -0.417247 0.307737 0.0783997 -98.162 -19.083 
