-0.127354 0.131657 0 1.06775 -0.151085 0.349066 0.142093 0 -0.174533 0.12643 0.0182049 0.938938 0.107926 0.00982479 0 0 0.259463 -0.349066 0.0878847 0 -15.2596 276.228 -46.3592 0.088311 0.184255 -0.153404 -7.3104 -99.691 -2.8703 
-0.112005 0.0853568 0 1.4155 -0.115622 0.349066 0.154902 0 -0.170614 0.112127 0.216597 0.101568 0.126121 -0.0561714 0 0 0.350064 -0.349066 0 0 -16.1915 278.167 -47.2199 0.108472 0.148644 -0.138221 -7.3104 -99.691 -2.8703 
-0.105075 0.0536925 0.00133967 1.38464 -0.131159 0.344266 0.184193 0.029454 -0.172796 0.10291 0.206537 0 0.100908 -0.0845196 0 0.0270821 0.34293 -0.349005 0.00308457 0 -16.2717 278.25 -48.1061 0.124778 0.134815 -0.128397 -7.3104 -99.691 -2.8703 
-0.0998253 0.0518205 0.000890776 1.29987 -0.122705 0.347428 0.213825 0.019659 -0.155718 0.101874 0.204659 0 0.116345 -0.0844759 0 0.00822375 0.369229 -0.349048 0.00179055 0 -16.0267 278.302 -48.3386 0.117261 0.137614 -0.124425 -7.3104 -99.691 -2.8703 
-0.0928615 0.0518205 0.000890776 1.29987 -0.112722 0.347428 0.213825 0.019659 -0.150978 0.101874 0.204659 0 0.116345 -0.0844759 0 0.00822375 0.359161 -0.349048 0 0 -16.0267 278.302 -48.3386 0.117261 0.137614 -0.124425 -7.3104 -99.691 -2.8703 
-0.086837 0.0518205 0.000890776 1.29987 -0.104836 0.332726 0.239157 0.019659 -0.147804 0.0897492 0.204659 0 0.116345 -0.0844759 0 0.00822375 0.346573 -0.349048 0 0 -16.0267 278.302 -48.3386 0.117261 0.137614 -0.124425 -7.3104 -99.691 -2.8703 
-0.0687197 0.0521415 0.00568394 1.2713 -0.0953594 0.317636 0.235229 0 -0.141795 0.0786324 0.204162 0 0.115985 -0.0889482 0 0 0.357119 -0.349066 0 0 -16.0266 278.302 -48.3382 0.117248 0.137612 -0.124426 -7.3104 -99.691 -2.8703 
-0.0431421 0.0538363 0 1.22172 -0.0915942 0.306191 0.235187 0 -0.136557 0.0676347 0.204169 0 0.123378 -0.10067 0 0 0.372563 -0.349066 0 0 -16.0269 278.302 -48.3375 0.117262 0.137623 -0.124434 -7.3104 -99.691 -2.8703 
-0.0291299 0.0535462 0.018512 1.18619 -0.087276 0.304054 0.243632 0 -0.131024 0.0584992 0.216466 0 0.159254 -0.10926 0 0.011962 0.385952 -0.349066 0.0292156 0 -16.0627 278.351 -48.3896 0.115082 0.13695 -0.125152 -7.3104 -99.691 -2.8703 
-0.00691467 0.0498355 0.0117982 1.2082 -0.087276 0.304054 0.243632 0 -0.116924 0.0523698 0.203945 0 0.205557 -0.113841 0.00413169 0.106413 0.418168 -0.349066 0.0337188 0 -16.0627 278.351 -48.3896 0.115082 0.13695 -0.125152 -7.3104 -99.691 -2.8703 
-0.0131673 0.0459519 0 1.27099 -0.105381 0.304836 0.313537 0.0589381 -0.117096 0.0556363 0.191616 0 0.256799 -0.113963 0.0409931 0 0.425057 -0.349066 0.100892 0 -16.0135 278.213 -48.3725 0.115037 0.130177 -0.123724 -7.3104 -99.691 -2.8703 
-0.00305537 0.0446094 0.0074498 1.32815 -0.106905 0.29865 0.332628 0.0589381 -0.113704 0.0556363 0.205136 0 0.278554 -0.117598 0.129965 0.016388 0.439488 -0.333363 0.142642 0 -16.0135 278.213 -48.3725 0.115037 0.130177 -0.123724 -7.3104 -99.691 -2.8703 
0.0640426 0.044016 0 1.36304 -0.106749 0.291569 0.333629 0.0597614 -0.110825 0.0553604 0.222893 0.001631 0.281285 -0.119142 0.149067 0.409706 0.439005 -0.322709 0.150653 0 -16.0169 278.212 -48.3703 0.115053 0.130215 -0.123682 -7.3104 -99.691 -2.8703 
0.133388 0.0541934 0.0233251 1.43372 -0.0990055 0.279552 0.305688 0.0482761 -0.0999553 0.0553195 0.217166 0.000708436 0.299148 -0.118734 0.216975 0.442912 0.436035 -0.283526 0.150087 0 -16.0278 278.213 -48.3663 0.115436 0.130121 -0.123877 -7.3104 -99.691 -2.8703 
0.134888 0.0967219 0.233409 1.31962 -0.0981155 0.2793 0.307423 0.0476954 -0.110676 0.055203 0.26002 0.000707764 0.298185 -0.120389 0.476122 0.416735 0.495176 -0.237379 0.0888206 0.073613 -16.0273 278.154 -48.3539 0.115303 0.130065 -0.123698 -7.3104 -99.691 -2.8703 
0.267925 0.0668572 0.209129 1.49017 -0.0979147 0.279394 0.306004 0.0530086 -0.102806 0.0545991 0.260527 0.00073064 0.35973 -0.121127 0.448436 0.712963 0.528315 -0.183107 0.0277976 0.278549 -16.0109 278.158 -48.3407 0.11535 0.136408 -0.123357 -7.3104 -99.691 -2.8703 
0.29799 0.0544004 0.255763 1.5708 -0.0976319 0.279694 0.309277 0.0530742 -0.0882764 0.0559768 0.259104 0.000730736 0.41767 -0.125918 0.605756 0.435053 0.544733 -0.133647 0 0.729391 -16.0072 278.167 -48.341 0.115375 0.136445 -0.123505 -7.3104 -99.691 -2.8703 
0.496855 0.0327205 0.304628 1.5708 -0.113276 0.349066 0.2965 0.0349881 -0.0508981 0.132475 0 0.420673 0.401572 0.0381182 0.69176 0.93825 0.501676 0.0737805 0 1.24416 -15.5185 279.017 -47.7954 0.144531 0.106086 -0.163078 -7.3104 -99.691 -2.8703 
0.536356 0.0273081 0.42858 1.53193 -0.126721 0.348176 0.333393 0.0248192 -0.0519881 0.136359 0.0165114 0.498399 0.499818 0.098045 0.643814 0.690133 0.523177 0.184565 0 1.28351 -15.3725 279.03 -48.0529 0.145208 0.110916 -0.16273 -7.3104 -99.691 -2.8703 
0.45645 0.0223955 0.580096 1.53716 -0.153609 0.331136 0.298265 0 -0.0515953 0.119672 0.0107814 0.329107 0.619371 0.150136 0.616844 0.984913 0.506646 0.232627 0.0797633 1.41471 -15.2089 278.462 -47.8236 0.156703 0.125988 -0.161906 -7.3104 -99.691 -2.8703 
0.493645 0.0277435 0.566943 1.56601 -0.174533 0.349066 0.209198 0 -0.0273307 0.171059 0 0 0.686383 0.256644 0.66903 0.815147 0.49884 0.344035 0.228719 1.42866 -11.4811 278.423 -46.8339 0.167908 0.111078 -0.164663 -7.3104 -99.691 -2.8703 
0.689732 -0.0288309 0.496084 1.57014 -0.174533 0.349066 0.228133 0 0.0164121 0.163382 0 0.091523 0.620625 0.23501 0.638058 0.698869 0.579272 0.345155 0.231748 1.5487 -11.9492 279.133 -47.316 0.169381 0.109367 -0.167523 -7.3104 -99.691 -2.8703 
0.694821 -0.0557734 0.530853 1.55819 -0.14176 0.349066 0.14072 0 0.0155558 0.162371 0.0233938 0 0.622283 0.226926 0.634648 0.945125 0.55154 0.344072 0.110771 1.56506 -11.2371 278.461 -48.5868 0.16449 0.0986721 -0.151983 -7.3104 -99.691 -2.8703 
0.765525 0.0822186 0.697649 1.5708 -0.152304 0.349066 0 0.213078 -0.0397212 0.164915 0.048811 0.0708329 0.663696 0.248936 0.658752 1.21828 0.569648 0.344123 0.0189485 1.5708 -11.2733 278.477 -48.519 0.173025 0.108194 -0.148401 -7.3104 -99.691 -2.8703 
0.80053 0.0808234 0.69832 1.43774 -0.151158 0.349066 0.0992345 0.0134037 -0.0738233 0.165284 0.0770653 0.248664 0.637102 0.247283 0.659803 1.14688 0.580124 0.345749 0.0200142 1.5708 -11.2313 278.496 -48.621 0.170746 0.111248 -0.147684 -7.3104 -99.691 -2.8703 
0.888634 0.0923059 0.711211 1.26286 -0.129781 0.349066 0.0630241 0.00270402 -0.0836028 0.167908 0.104382 0.248044 0.632706 0.247099 0.654325 1.28333 0.578177 0.346582 0.0212362 1.48873 -11.2663 278.459 -48.6072 0.171645 0.109868 -0.148895 -7.3104 -99.691 -2.8703 
0.840192 0.0459429 0.731746 0.948687 -0.105442 0.349066 0.0891056 0.251246 -0.107405 0.158091 0.202158 0 0.662432 0.304777 0.901137 1.5708 0.558299 0.346803 0.192652 1.51214 -10.9769 278.378 -48.222 0.159041 0.131907 -0.153415 -7.3104 -99.691 -2.8703 
0.914614 0.0369428 0.731025 0.648235 -0.105781 0.349066 0.0817218 0.561897 -0.107362 0.157642 0.200765 0 0.662384 0.258911 1.13138 1.5708 0.552692 0.346781 0.194034 1.51656 -10.9675 278.384 -48.2595 0.159271 0.131758 -0.153372 -7.3104 -99.691 -2.8703 
0.957271 0.0780805 0.790369 0.543763 -0.168928 0.349066 0.136132 0.602262 -0.165052 0.13481 0.292121 0 0.651576 0.261811 0.907061 1.5708 0.51223 0.346704 0.21129 1.43995 -9.98536 277.863 -48.1116 0.186231 0.141525 -0.130542 -7.3104 -99.691 -2.8703 
0.954713 0.0604617 0.79527 0.544266 -0.173633 0.349066 0.146134 0.394111 -0.174356 0.143808 0.380005 0.0643764 0.651551 0.313953 1.00065 1.5708 0.512371 0.348993 0.198526 1.44003 -9.97814 277.864 -48.1049 0.186356 0.141359 -0.130728 -7.3104 -99.691 -2.8703 
0.958326 0.0624027 0.796679 0.545947 -0.173602 0.349066 0.14631 0.393944 -0.172334 0.142668 0.386252 0.0658585 0.650388 0.333307 1.0012 1.5708 0.512383 0.348993 0.198726 1.43628 -9.99519 277.887 -48.1272 0.186414 0.141587 -0.130503 -7.3104 -99.691 -2.8703 
0.934568 0.0531095 0.800217 0.484423 -0.123431 0.339698 0.121575 0.320021 -0.126411 0.138311 0.323783 0.076512 0.716178 0.343617 1.04848 1.5708 0.57273 0.348591 0.152405 1.44304 -10.6484 278.742 -49.116 0.171426 0.136968 -0.130364 -7.3104 -99.691 -2.8703 
0.853 0.0740867 0.952972 0 -0.125053 0.311135 0.0417539 0.913984 -0.0975557 0.130848 0.238225 0.410294 0.60668 0.252579 1.00356 1.5708 0.562383 0.349066 0.121161 1.5197 -12.1841 281.183 -49.0067 0.199461 0.140566 -0.118459 -7.3104 -99.691 -2.8703 
0.612798 0.0688477 0.967383 0.0479923 -0.150449 0.313483 0.0823285 0.745433 -0.0547631 0.0764913 0.0538678 0.260437 0.499263 0.274915 1.08926 1.55284 0.474437 0.349066 0 1.5708 -12.1546 280.792 -49.8426 0.212142 0.138348 -0.124707 -7.3104 -99.691 -2.8703 
0.58737 0.0615652 0.916719 0.00120885 -0.161385 0.302826 0.127146 0.565155 -0.0645785 0.0765514 0.047271 0.106017 0.489677 0.29158 1.11661 1.5708 0.465689 0.349066 0.000205511 1.5708 -11.9308 280.08 -50.1518 0.205799 0.142965 -0.131399 -7.3104 -99.691 -2.8703 
0.522272 0.0542774 0.919972 8.67216e-005 -0.0826588 0.311016 0 0.213173 -0.102091 0.163049 0.0329618 0.553962 0.342403 0.317268 1.09659 0.498796 0.565502 0.28433 0.000667169 0 -12.0263 280.32 -50.9228 0.20247 0.137177 -0.141259 -7.3104 -99.691 -2.8703 
0.426538 0.117983 0.860966 0.276486 -0.174533 0.306221 0.339548 0.140959 -0.119813 0.189293 0.336592 0.244612 0.26008 0.304339 1.20887 0.210088 0.61203 0.345938 0.0507787 0.0562509 -11.5929 280.985 -49.5571 0.148692 0.1361 -0.108632 -7.3104 -99.691 -2.8703 
0.504415 0.202067 0.790942 0.24329 -0.174533 0.334734 0.319021 0.32111 -0.097093 0.191346 0.363599 0.392983 0.23906 0.288591 1.21627 0 0.596897 0.349066 0.10844 0.0378403 -11.3061 280.773 -49.0712 0.141278 0.138112 -0.109734 -7.3104 -99.691 -2.8703 
0.699084 0.339189 0.700917 0.030426 -0.158558 0.331532 0.179846 0.874284 -0.116185 0.207636 0.311466 0 0.1967 0.221615 1.08518 0.537556 0.611504 0.348308 0.0314916 0 -11.3332 279.594 -45.1998 0.146698 0.168404 -0.120438 -7.3104 -99.691 -2.8703 
0.735447 0.342962 0.633819 0.022939 -0.133047 0.348138 0.283788 0.145562 -0.0873603 0.211998 0.275169 0.00488995 0.231989 0.206775 1.12298 0.00364963 0.545753 0.238823 0.000957481 0.708822 -11.4548 278.282 -44.8013 0.140037 0.166978 -0.12727 -7.3104 -99.691 -2.8703 
0.660118 0.338185 0.61869 0.0067137 -0.123172 0.348138 0.283019 0 -0.0878506 0.211467 0.275234 0.0967486 0.240177 0.134729 1.09435 0.00264176 0.569983 0.199517 0.000869456 1.2329 -11.4228 278.174 -44.6826 0.142148 0.171047 -0.124319 -7.3104 -99.691 -2.8703 
0.557001 0.345354 0.609802 0 -0.0929352 0.349066 0.0631827 0 -0.174533 0.201105 0.278898 1.02652 0.164233 0.0797875 0.85537 0.132241 0.438729 0.144228 0 1.55703 -11.2859 277.474 -44.9285 0.143069 0.184177 -0.127083 -7.3104 -99.691 -2.8703 
0.524202 0.346227 0.607222 0 -0.100937 0.349066 0.136857 0 -0.166308 0.163805 0.2924 1.06524 0.163133 0.0580764 0.623451 0.0446638 0.433111 0.0645651 0.0087038 0.303832 -11.2434 277.72 -44.9385 0.133173 0.181313 -0.127426 -7.3104 -99.691 -2.8703 
0.497522 0.344401 0.607795 0.0183944 -0.11113 0.349066 0.152471 0.0840641 -0.174533 0.153164 0.358661 0.818861 0.158107 0.0395924 0.528086 0 0.440589 -0.00234998 0.0181501 0.0357607 -11.4688 277.699 -44.642 0.133543 0.185582 -0.126282 -7.3104 -99.691 -2.8703 
0.481298 0.321201 0.579672 0 -0.113186 0.349066 0.183523 0.0491193 -0.174533 0.14826 0.397842 0.594773 0.173843 0.0227814 0.419338 0 0.438293 -0.07046 0 0.175461 -11.7858 277.855 -44.6623 0.133315 0.184187 -0.126234 -7.3104 -99.691 -2.8703 
0.467131 0.29329 0.539094 0 -0.113188 0.349066 0.183521 0.0491185 -0.173415 0.152804 0.463999 0.191493 0.170831 0.00547475 0.380817 0 0.434993 -0.121559 0.0070997 0.0330537 -11.7858 277.855 -44.6623 0.133315 0.184187 -0.126234 -7.3104 -99.691 -2.8703 
0.461373 0.289574 0.525223 0 -0.113188 0.349066 0.183521 0.0491185 -0.168843 0.152804 0.439376 0.152101 0.178047 0.00260668 0.289815 0 0.408437 -0.164576 0.00399472 0 -11.7858 277.855 -44.6623 0.133315 0.184187 -0.126234 -7.3104 -99.691 -2.8703 
0.451837 0.285836 0.525487 0 -0.115846 0.349066 0.19019 0.0494544 -0.173879 0.152799 0.432395 0.0954983 0.179166 -0.00324644 0.203714 0.0680415 0.391036 -0.175938 0.00398819 0 -11.7858 277.857 -44.6648 0.13341 0.183923 -0.126207 -7.3104 -99.691 -2.8703 
0.440882 0.285836 0.525487 0 -0.115846 0.349066 0.19019 0.0494544 -0.173879 0.152799 0.432395 0 0.174518 -0.00324644 0.180824 0 0.384365 -0.187516 0 0 -11.7858 277.857 -44.6648 0.13341 0.183923 -0.126207 -7.3104 -99.691 -2.8703 
0.43133 0.285836 0.510806 0 -0.123211 0.349066 0.19019 0.0494544 -0.170533 0.152799 0.404468 0.0123368 0.181509 -0.00324644 0.080831 0.172512 0.384365 -0.195365 0 0 -11.7858 277.857 -44.6648 0.13341 0.183923 -0.126207 -7.3104 -99.691 -2.8703 
0.412055 0.283024 0.49033 0 -0.136583 0.349066 0.19031 0.0700684 -0.174533 0.152799 0.404468 0 0.174316 -0.00324644 0.080831 0.0756067 0.384365 -0.201449 0 0 -11.7858 277.857 -44.6648 0.13341 0.183923 -0.126207 -7.3104 -99.691 -2.8703 
0.364763 0.29148 0.4961 0 -0.165179 0.349066 0.275639 0 -0.173038 0.153484 0.360397 0.00707962 0.174112 -0.00322011 0.0556108 0.0375775 0.384556 -0.206219 0 0 -11.7863 277.857 -44.6661 0.133431 0.183933 -0.126186 -7.3104 -99.691 -2.8703 
0.332154 0.245945 0.36604 0 -0.173669 0.349066 0.247508 0 -0.170649 0.156548 0.316883 0 0.161707 -0.00762509 0.0339384 0.122043 0.383835 -0.222166 0 0 -11.7873 277.858 -44.6643 0.133438 0.183925 -0.126154 -7.3104 -99.691 -2.8703 
0.345349 0.265537 0.299818 0 -0.173606 0.349066 0.198365 0.0187421 -0.170021 0.153917 0.28388 0.0374957 0.162336 -0.015635 0 0.107969 0.379951 -0.234532 0 0 -11.8482 277.951 -44.4496 0.137416 0.177701 -0.127911 -7.3104 -99.691 -2.8703 
0.308203 0.264196 0.267877 0 -0.174275 0.349066 0.132211 0.151474 -0.17034 0.153964 0.257756 0 0.162486 -0.0154306 0 0 0.382921 -0.233946 0 0 -11.8346 277.953 -44.4397 0.137828 0.178298 -0.127939 -7.3104 -99.691 -2.8703 
0.274707 0.261075 0.232147 0 -0.174275 0.349066 0.116356 0.151927 -0.174533 0.161949 0.222894 0.0235423 0.148539 -0.0103255 0.00750331 0 0.380635 -0.22997 0 0 -11.8299 277.962 -44.4544 0.137875 0.178298 -0.128089 -7.3104 -99.691 -2.8703 
0.211824 0.265565 0.227609 0.00581946 -0.174477 0.349066 0.0771162 0.132886 -0.174533 0.166998 0.189525 0.0115698 0.121097 -0.0137106 0.00855726 0 0.363322 -0.20732 0 0 -11.8097 277.977 -44.3191 0.138076 0.179102 -0.12785 -7.3104 -99.691 -2.8703 
0.193251 0.238903 0.228683 0 -0.174516 0.349066 0.0871447 0.120326 -0.171132 0.176103 0.160348 0 0.112648 -0.0078184 0.0162433 0 0.35588 -0.204071 0 0 -11.7196 278.271 -44.3488 0.136746 0.176314 -0.128915 -7.3104 -99.691 -2.8703 
