0.242028 0.107011 0.00176197 0.0515087 -0.140721 0.349066 0.192522 0.0283808 -0.174533 0.155569 0 0.350783 -0.0539658 0.0153983 0.0102366 0.00167517 0.229512 -0.349066 0 0 -5.4866 268.591 -61.8216 0.15072 0.0126954 -0.0876726 -6.33311 -99.083 -11.9383 
0.0934357 0.0243528 0.0484649 0.0825132 -0.163562 0.34532 0.157043 0.0563515 -0.174533 0.109418 0.0395866 0.152295 -0.0748623 -0.0357232 0.0370372 0.0391705 0.15186 -0.346965 0.0676481 0.000165173 -4.11346 268.475 -63.1384 0.139595 0.0362747 -0.0429899 -6.33311 -99.083 -11.9383 
0.0917011 8.55578e-005 0.0359104 0.0228414 -0.17236 0.349066 0.202143 0.013898 -0.174533 0.113068 0.0378163 0.194118 -0.054266 -0.0343762 0 0.0126521 0.168534 -0.348832 0.0342045 0 -4.12467 268.476 -63.1757 0.133598 0.0365163 -0.0435631 -6.33311 -99.083 -11.9383 
0.0945927 0.0119328 0.0411351 0 -0.164201 0.349066 0.18527 0.0158201 -0.174533 0.109869 0.0448519 0.179033 -0.0491565 -0.0302697 0 0.0132946 0.174386 -0.34882 0 0 -4.09778 268.483 -63.1359 0.134313 0.0351804 -0.0430691 -6.33311 -99.083 -11.9383 
0.0932696 0.0124931 0.04062 0.00555146 -0.157022 0.349066 0.170148 0.0140467 -0.174533 0.109838 0.00796506 0.25495 -0.0479198 -0.0403401 0.00876731 0.00403494 0.177534 -0.348843 0 0 -4.15629 268.399 -63.1253 0.134435 0.0362026 -0.0453006 -6.33311 -99.083 -11.9383 
0.0810829 0.0262027 0.0595219 0.00555146 -0.148136 0.349066 0.170148 0.0140467 -0.174533 0.105593 0.00796506 0.25495 -0.0479198 -0.0575444 0.00876731 0.00403494 0.177534 -0.348843 0 0 -4.15629 268.399 -63.1253 0.134435 0.0362026 -0.0453006 -6.33311 -99.083 -11.9383 
0.0954273 0.0260572 0.060763 0.00759441 -0.141125 0.349066 0.169901 0.0140431 -0.174533 0.107549 0.0177564 0.249879 -0.0491853 -0.0780123 0.00873434 0.00402654 0.177653 -0.348831 0 0 -4.17421 268.4 -63.1259 0.134392 0.0362295 -0.0452507 -6.33311 -99.083 -11.9383 
0.0952667 0.0260553 0.0607265 0.00756768 -0.141125 0.349066 0.16999 0.0140424 -0.174533 0.10409 0.01722 0.250385 -0.049193 -0.0780166 0.00873449 0.00403377 0.185092 -0.348826 0 0 -4.1741 268.4 -63.1258 0.134393 0.0362267 -0.0452523 -6.33311 -99.083 -11.9383 
0.0991739 0.0210657 0.0619821 0.0017719 -0.139877 0.349066 0.165779 0.00550841 -0.174533 0.100145 0.0206477 0.279372 -0.0521252 -0.0687494 0.0148628 0.00405114 0.187331 -0.348949 0 0 -4.21465 268.416 -63.1283 0.133953 0.0368126 -0.0454677 -6.33311 -99.083 -11.9383 
0.104163 0.0129971 0.0463677 0 -0.139877 0.349066 0.165779 0.00550841 -0.174533 0.0943832 0.0572959 0.162472 -0.0521252 -0.0687494 0.0148628 0.00405114 0.187331 -0.348949 0 0 -4.21465 268.416 -63.1283 0.133953 0.0368126 -0.0454677 -6.33311 -99.083 -11.9383 
0.0933826 -0.00103961 0.0427062 0 -0.139877 0.349066 0.165779 0.00550841 -0.174533 0.0871319 0.0572959 0.162472 -0.0521252 -0.0687494 0.0148628 0.00405114 0.210688 -0.348949 0 0 -4.21465 268.416 -63.1283 0.133953 0.0368126 -0.0454677 -6.33311 -99.083 -11.9383 
0.100858 -0.011397 0.0147944 1.56045e-005 -0.142376 0.346871 0.163199 0.00545364 -0.174533 0.0880454 0.104383 0.0688813 -0.0462086 -0.0696571 0.000350246 0.0519914 0.224434 -0.349057 0 0 -4.21225 268.408 -63.1397 0.136894 0.0371158 -0.0469591 -6.33311 -99.083 -11.9383 
0.108538 0.000133421 0.00974095 0 -0.148051 0.348197 0.13173 0.0266938 -0.174533 0.0836822 0.103476 0.00137565 -0.0504249 -0.0737077 0 0.145632 0.233201 -0.349066 0 0 -4.18569 268.427 -63.1299 0.13742 0.0349092 -0.0554019 -6.33311 -99.083 -11.9383 
0.117989 0.00562242 0.0144213 0.0329424 -0.130176 0.348255 0.119015 0.00414205 -0.174533 0.0885673 0.106582 0.00138292 -0.0535758 -0.0759961 0.00895059 0.03162 0.235066 -0.349066 0.00244354 0 -4.09463 268.436 -63.0502 0.136376 0.0321907 -0.0552656 -6.33311 -99.083 -11.9383 
0.133202 0.0017144 0.0339711 0.0605284 -0.124836 0.348938 0.126528 0.100549 -0.174244 0.0977445 0.115887 0.0616195 -0.0621716 -0.0597827 0.00584868 0 0.20974 -0.349066 0.000743492 0 -3.99064 268.431 -63.0474 0.136598 0.0320395 -0.055526 -6.33311 -99.083 -11.9383 
0.146351 -0.00947963 0.0157141 0 -0.0972889 0.349066 0.148693 0.0515986 -0.169156 0.10097 0.110932 0.251937 -0.0527787 -0.0412583 0.0209811 0.0210033 0.19717 -0.349066 0 0 -3.90987 268.739 -63.2616 0.136495 0.0396716 -0.0556504 -6.33311 -99.083 -11.9383 
0.177143 -0.0378898 0 0 -0.0906848 0.349066 0.179338 0.359383 -0.113576 0.097054 0.11621 0.36586 -0.0611394 -0.00517847 0.118374 0.232206 0.149476 -0.347175 0 0.0255456 -3.78873 268.972 -63.4537 0.132442 0.0103773 -0.0586478 -6.33311 -99.083 -11.9383 
0.032958 -0.0244609 0 0.233098 -0.140227 0.349066 0.0884591 0.888578 -0.0934357 0.120525 0.042995 0.405839 -0.156643 0.0456852 0.274033 1.30522 -0.113962 -0.226731 0.500776 0.0309333 -2.83041 269.535 -65.2409 0.127907 0.0444241 -0.0727895 -6.33311 -99.083 -11.9383 
0.000393718 -0.060196 0.0483273 0.675091 -0.110673 0.305548 0.00608993 1.12906 -0.174533 0.10448 0.236429 0.803199 -0.162883 0.0424103 0.668234 1.13237 -0.143386 -0.288494 0.41488 1.21188 -2.24066 269.555 -66.8387 0.104119 0.0511127 -0.0447628 -6.33311 -99.083 -11.9383 
-0.174533 0.00471355 0.363736 0.212264 -0.141276 0.265512 0 1.5708 -0.174533 0.210059 0.609172 1.5708 -0.174533 -0.0223367 0.910711 0.536376 -0.0293532 -0.336485 0.810538 1.5708 -1.99932 270.53 -66.7509 0.100633 0.0634994 -0.0644802 -6.33311 -99.083 -11.9383 
-0.158679 0.0825758 0.731264 0.0427378 -0.123069 0.301656 0 1.57001 -0.174533 0.0135923 0.434892 1.5708 -0.174533 -0.251192 1.57187 1.32762 0.0792265 -0.349066 0.346223 1.5708 -3.82862 268.8 -68.0977 0.115504 0.0199289 -0.0449064 -6.33311 -99.083 -11.9383 
-0.174533 0.0651075 0.655065 0.0332748 -0.164108 0.305677 0.0246386 1.5708 -0.113763 0.0683279 0.574098 1.49405 0.192089 -0.349066 1.74533 0.577789 0.0253029 -0.250464 0.337201 1.16271 -3.15304 268.405 -68.9233 0.120522 0.0257649 -0.0526576 -6.33311 -99.083 -11.9383 
-0.174533 0.0194103 0.59835 0.147687 -0.174533 0.283529 0.478976 1.5708 -0.174533 0.127271 1.17569 1.50915 0.475868 -0.219985 1.74533 0 0.116871 -0.349066 0.0185566 1.5708 -3.28792 268.354 -69.866 0.129033 0.0360264 -0.0483572 -6.33311 -99.083 -11.9383 
-0.174533 -0.154318 0.627376 0 -0.147577 0.134034 0.951431 1.48309 -0.174533 -0.0407808 1.3933 1.52361 0.98533 -0.0864669 0.653538 0 -0.0532237 -0.33613 1.0389 0 -2.88031 269.019 -71.0042 0.149885 -0.0273458 -0.0225537 -6.33311 -99.083 -11.9383 
-0.174533 -0.161633 0.556533 0.0986692 -0.104944 0.153921 1.10378 1.54684 -0.172309 -0.0889641 1.65498 1.57035 1.27212 -0.0387369 0.00119566 0 -0.04175 -0.190392 0.999487 0.214876 -3.03345 268.325 -71.1317 0.148367 -0.0188818 -0.0332276 -6.33311 -99.083 -11.9383 
-0.06107 -0.191568 0.448978 0.135345 -0.137879 0.132151 1.29835 1.56425 -0.174531 -0.152795 1.63292 1.57067 1.36092 -0.033478 0.00220071 0.0282591 0.0743363 -0.136206 0.784203 0.247001 -3.3908 267.915 -70.4972 0.154701 -0.0133219 -0.0292346 -6.33311 -99.083 -11.9383 
-0.0926439 -0.20944 0.472632 0.000775762 -0.162741 0.0547478 1.51691 1.56948 -0.174533 -0.174969 1.7159 1.56993 1.34017 -0.051801 0 0.00252712 0.0622044 0.0199281 1.0824 0.374076 -3.70561 267.535 -70.3769 0.153409 -0.0142966 -0.0293194 -6.33311 -99.083 -11.9383 
-0.174533 -0.20944 0.559515 0.00316928 -0.174533 0.0387845 1.66659 1.5708 -0.0808731 -0.275496 1.74459 1.5708 1.26824 -0.116005 0 0 -0.171147 0.0357249 1.24305 0.366711 -2.9142 265.879 -68.9129 0.174586 -0.0522369 -0.0146403 -6.33311 -99.083 -11.9383 
-0.174533 -0.20944 0.554211 0.0852234 -0.14664 -0.0287649 1.74361 1.56661 -0.0413666 -0.219412 1.7452 1.5708 1.17598 -0.0998513 0.000704333 0 -0.112504 0.16248 1.39178 0.608069 -2.97384 265.621 -68.3177 0.173745 -0.0581286 -0.00910928 -6.33311 -99.083 -11.9383 
-0.174533 -0.20944 0.634884 0 -0.174533 -0.0240708 1.74533 1.30831 0.143302 -0.245368 1.74533 1.5708 1.14972 -0.0792985 0 0 -0.120819 0.172419 1.64513 0.66142 -1.99027 267.12 -68.2354 0.164249 -0.055363 0.0118222 -6.33311 -99.083 -11.9383 
-0.099608 -0.20944 0.630124 0.0290822 -0.162496 0.00562716 1.74533 1.38213 0.242851 -0.223524 1.74533 1.5708 1.02396 -0.0703493 0.110946 0 -0.140064 0.166606 1.74245 1.5708 -2.69519 267.15 -68.1581 0.172194 -0.0530799 0.0118426 -6.33311 -99.083 -11.9383 
-0.120884 -0.20944 0.635631 0.0280504 -0.173587 0.00342889 1.74381 1.49309 0.343938 -0.14424 1.69439 1.5708 0.95475 -0.0668008 0.144045 0 -0.171008 0.146774 1.74533 1.5708 -3.10178 266.38 -67.8031 0.177659 -0.0616769 0.00215137 -6.33311 -99.083 -11.9383 
-0.149811 -0.20944 0.648745 0.0421669 -0.174533 -0.013338 1.73905 1.5708 0.347897 -0.167518 1.62492 1.56658 0.966444 -0.137722 0 0 -0.174533 0.346185 1.74533 1.52139 -2.00145 264.875 -67.4629 0.219805 -0.0730382 0.021606 -6.33311 -99.083 -11.9383 
-0.166328 -0.20944 0.531085 0.00887223 -0.107627 -0.0860549 1.74533 1.53837 0.291657 -0.112285 1.54299 1.56478 0.911425 -0.217 0 0.0333735 -0.17453 0.346685 1.73998 1.52731 1.09767 262.1 -66.2601 0.291191 -0.0610004 0.0339034 -6.33311 -99.083 -11.9383 
-0.163781 -0.208421 0.508789 0.0809487 -0.0916209 -0.0419736 1.7451 1.56257 0.253699 -0.0534924 1.70168 1.5686 0.957421 -0.121452 0.00146331 0.00386013 -0.172538 0.34777 1.74533 1.55756 2.21536 260.468 -64.9595 0.337617 -0.00661017 0.0626586 -6.33311 -99.083 -11.9383 
-0.109605 -0.20944 0.410638 0.329537 0.0991765 0.143042 1.74527 1.56515 0.338702 -0.0364516 1.73761 1.5708 1.11336 -0.161457 0 0.000483049 -0.17432 0.346459 1.73566 1.56617 3.50876 259.678 -64.6155 0.356428 0.00569587 0.0734449 -6.33311 -99.083 -11.9383 
-0.0724741 -0.20944 0.488155 0.00983289 0.201888 0.202086 1.74528 1.57049 0.507598 0.145714 1.74087 1.57071 1.00424 -0.042427 0.0360026 0.000240154 -0.171702 0.218384 1.74533 1.57047 5.22269 259.696 -63.9407 0.386104 -0.0211555 0.105639 -6.33311 -99.083 -11.9383 
-0.174533 -0.20944 0.480142 0.0167014 0.434031 0.256819 1.70214 1.56698 0.725578 0.162352 1.74003 1.57074 0.961258 -0.0511963 0.035841 0 -0.172275 0.3041 1.74533 1.57077 6.40845 259.349 -64.9261 0.374475 -0.110637 0.0523248 -6.33311 -99.083 -11.9383 
-0.0586993 -0.184574 0.482754 0.0804659 0.392576 0.318155 1.74111 1.56926 0.907322 0.287377 1.74533 1.55599 0.928173 -0.171443 0 0.0038933 -0.174086 0.31513 1.73967 1.56316 6.46464 259.005 -64.2094 0.38112 -0.131516 0.0459005 -6.33311 -99.083 -11.9383 
0.0910465 -0.20623 0.428279 0.116043 0.171178 0.321454 1.72953 1.5708 0.789424 0.32055 1.7436 1.55903 0.747491 -0.208332 0 0.0435382 -0.174533 0.307897 1.74202 1.55793 6.47365 258.366 -64.7562 0.391013 -0.134038 0.0711766 -6.33311 -99.083 -11.9383 
0.112984 -0.20944 0.302855 0 0.210074 0.339789 1.73102 1.5708 0.783414 0.326496 1.74533 1.5708 0.865686 -0.176037 0 0.122311 -0.174533 0.349066 1.56278 1.55737 5.74084 256.464 -64.9392 0.330545 -0.122451 0.0351763 -6.33311 -99.083 -11.9383 
0.000452653 -0.20944 0.232267 0 0.231075 0.344142 1.74533 1.56906 0.586504 0.30807 1.7198 1.55701 0.946552 -0.177954 0 0.0271714 -0.174533 0.349066 1.71041 1.56005 5.86156 256.674 -64.2136 0.334114 -0.108425 0.054949 -6.33311 -99.083 -11.9383 
-0.146961 -0.207902 0.300308 0.0292595 0.104888 0.349066 1.74317 1.5708 0.626484 0.349066 1.74533 1.46809 0.970756 -0.172799 0.0161547 0.0721339 -0.174533 0.341723 1.73178 1.5359 6.96415 256.499 -63.3897 0.350322 -0.088288 0.0725685 -6.33311 -99.083 -11.9383 
-0.0630034 -0.20944 0.0925993 0.361799 -0.013735 0.244809 1.7425 1.56687 0.492326 0.349066 1.74525 1.497 0.87222 -0.240356 0 0 -0.17379 0.342585 1.7274 1.56684 6.40154 255.711 -63.1664 0.357678 -0.0661656 0.0736385 -6.33311 -99.083 -11.9383 
-0.174533 -0.20944 0.198904 0.0984385 -0.162687 0.301576 1.73696 1.55534 0.335144 0.177497 1.72111 1.46646 0.867692 -0.280371 0 0 -0.174453 0.349066 0.483354 1.5708 5.4109 254.975 -63.0184 0.34346 -0.0687459 0.0869499 -6.33311 -99.083 -11.9383 
-0.134857 -0.201152 0.156149 0.241975 -0.170084 -0.041971 1.73526 1.53274 0.302699 0.0378842 1.6814 1.55837 0.791483 -0.273339 0.145517 0.000151833 -0.174474 0.348145 0.387742 1.31064 5.52035 255.451 -62.8318 0.342068 -0.0651088 0.0768463 -6.33311 -99.083 -11.9383 
-0.150724 -0.156028 0.231349 0.0336145 -0.174533 -0.10574 1.74131 1.55475 0.118649 0.0084042 1.63925 1.56851 0.77183 -0.349066 0.00109575 0.744551 -0.174533 0.348161 0.319987 1.28021 5.83895 256.108 -62.0246 0.358522 -0.115256 0.0811206 -6.33311 -99.083 -11.9383 
-0.0937908 -0.208483 0.00922307 0.639211 -0.174533 0.0712526 1.30926 1.55567 -0.145478 -0.0930773 1.51769 1.5708 0.878468 -0.297215 0 0.0477395 -0.172497 0.336286 0.0284694 1.53243 6.53232 259.193 -62.5658 0.353188 -0.0804181 0.0861153 -6.33311 -99.083 -11.9383 
0.0195503 -0.134519 0.0249635 0.469803 -0.174533 0.102678 1.09102 1.56537 -0.168502 0.0902692 1.74533 1.54458 0.846405 -0.349066 0.073108 0 -0.174533 0.333529 0 1.51921 8.3885 263.069 -60.7916 0.35373 -0.0917358 0.110025 -6.33311 -99.083 -11.9383 
0.0247682 -0.152149 0.0273867 0.320683 -0.174533 0.0840658 1.0323 1.56768 -0.174281 -0.0582053 1.20352 1.47984 0.839799 -0.313802 0 0.0488081 -0.174533 0.277854 0.0929921 1.2661 9.42187 265.02 -58.8114 0.3381 -0.0743343 0.135428 -6.33311 -99.083 -11.9383 
0.106066 -0.140948 0 0.295386 -0.172863 0.0845756 1.45078 1.56766 -0.174533 -0.0537167 0.867678 1.45359 0.722193 -0.194155 0.210884 0.195831 -0.173177 0.218972 0.0249426 0.698251 7.83677 265.606 -57.8794 0.314869 -0.0412788 0.138453 -6.33311 -99.083 -11.9383 
0.108528 -0.20944 0.0600258 0.114203 -0.173689 0.0467569 1.62449 0.472466 -0.154304 -0.00661771 0.623325 1.39325 0.894384 -0.15701 0 0.111696 -0.165666 0.349066 0.124009 1.19476 8.23597 265.084 -56.3768 0.187691 -0.0545959 0.163256 -6.33311 -99.083 -11.9383 
0.287826 -0.152829 0.033157 0.160761 -0.174533 0.0521193 1.56168 0.701394 -0.161347 0.00429131 0.539352 1.52845 0.899239 -0.261455 0 0 -0.168262 0.349066 0.0326966 1.21135 9.26643 265.54 -57.039 0.19039 -0.106602 0.16624 -6.33311 -99.083 -11.9383 
0.310736 -0.122581 0.03608 0.0139902 -0.174533 0.205645 1.74533 0.711348 -0.172492 -0.0627603 0.771958 0.932202 0.890362 -0.334489 6.00552e-005 0.0203024 -0.174533 0.349066 0.0343258 1.16217 9.2397 265.191 -55.9321 0.181389 -0.103686 0.154247 -6.33311 -99.083 -11.9383 
0.343561 0.00364822 0 0.316724 -0.174533 0.278963 1.5669 0.799016 -0.174533 -0.144631 0.774433 0.108471 0.801574 -0.319586 0 0.00657096 -0.174533 0.252489 0.0212992 0 10.0797 265.896 -55.3871 0.165028 -0.137366 0.169649 -6.33311 -99.083 -11.9383 
0.361871 0.13135 0 0.0598005 -0.110162 0.349066 1.38237 0.848913 -0.174533 -0.249162 0.56026 0 0.720227 -0.346449 0.0586912 0.0271734 -0.174533 0.0306993 0.268483 0.646232 10.0489 264.796 -53.8323 0.116242 -0.157202 0.137642 -6.33311 -99.083 -11.9383 
0.46263 0.0992601 0.089407 0.32504 -0.170934 0.273303 0.583517 0.597877 -0.174533 -0.349066 0.37226 0.362094 0.515928 -0.349066 0.010443 0 -0.0552989 -0.27288 0.0423741 0.10339 10.1814 265.231 -53.373 0.0967316 -0.156658 0.137982 -6.33311 -99.083 -11.9383 
0.530016 0.137051 0.0384468 0.285213 -0.174533 0.137009 0.175595 0.941187 -0.151235 -0.258314 0.0599899 0 0.262965 -0.349066 0.00223746 0.481904 -0.174533 -0.349066 0 0 10.1533 262.36 -53.4717 0.076913 -0.128864 0.112308 -6.33311 -99.083 -11.9383 
0.644144 0.110178 0 0 -0.174533 0.0819226 0.272639 0.472451 -0.148322 -0.147964 0 0 0.216135 -0.339752 0.0684453 0.0890841 -0.170498 -0.349066 0 0.0819464 10.3843 261.583 -53.2699 0.0828789 -0.128987 0.10944 -6.33311 -99.083 -11.9383 
0.395409 0.253798 0.210671 0.334053 -0.0722355 0.221927 0.529666 0.0842948 -0.15275 0.03347 0.140797 0.135933 0.129061 -0.280133 0.017304 0.0111191 -0.174533 -0.349066 0.0381625 0.00159382 11.2182 260.609 -53.7862 0.0526072 -0.103533 0.0865382 -6.33311 -99.083 -11.9383 
0.33564 0.223501 0.141264 0.49405 -0.127205 0.260264 0.600924 0.022882 -0.174533 0.0701172 0.157369 0.258902 -0.0020242 -0.288182 9.61532e-005 0 -0.10369 -0.349066 0.0501295 0.0951292 10.5254 260.66 -54.0113 0.0352035 -0.0711324 0.0778766 -6.33311 -99.083 -11.9383 
0.389998 0.217554 0.0959819 0.229721 -0.0652156 0.349066 0.175086 0.0284123 -0.152378 0.109311 0.0345066 0.211822 -0.149896 -0.154332 0.0500051 0.211019 -0.11838 -0.349066 0.107317 0.338425 10.6151 262.378 -54.6112 0.0503305 -0.105463 -0.0068212 -6.33311 -99.083 -11.9383 
0.377774 0.213768 0.0810459 0.0731033 -0.0892468 0.346678 0.0913415 0.0714108 -0.174533 0.114405 0 0.0432362 -0.174533 -0.092143 0.0312641 0.163737 -0.0914571 -0.349066 0.112667 0.289627 10.5746 263.342 -56.6135 0.0787997 -0.0759238 -0.0539003 -6.33311 -99.083 -11.9383 
0.422543 0.247889 0.107567 0 -0.0114162 0.348789 0.0960713 0 -0.174533 0.127749 0 0.077229 -0.13032 -0.0999319 0.0312764 0.0550657 -0.0666263 -0.349066 0.283295 0.0220572 11.2701 264.544 -56.9502 0.0714195 -0.0704867 -0.0626925 -6.33311 -99.083 -11.9383 
0.488029 0.229286 0.0602934 0.00453688 -0.00656041 0.349061 0.211386 0 -0.174533 0.116273 0.0644833 0.208453 -0.164537 -0.106894 0.216217 0.00570056 0.0160197 -0.349066 0.203358 0.000212838 11.0514 265.458 -57.0564 0.0695402 -0.0794635 -0.072558 -6.33311 -99.083 -11.9383 
0.489017 0.23937 0.0937979 0 0.0113094 0.349066 0.234179 0 -0.174533 0.121077 0.114353 0.0960186 -0.0914293 -0.125561 0.0446613 0.00167437 0.0494262 -0.349066 0.135879 0 11.0731 265.567 -57.0709 0.0740331 -0.0829264 -0.0735297 -6.33311 -99.083 -11.9383 
0.498935 0.192824 0.0107431 0.0557671 0.0413344 0.349066 0.104022 0 -0.146925 0.119875 0 0.0443696 -0.0698813 -0.114696 0 0 0.0520551 -0.349066 0.106341 0 12.1204 265.826 -57.4472 0.0885657 -0.079889 -0.0716319 -6.33311 -99.083 -11.9383 
0.504866 0.182037 0.0107724 0.0638261 0.0679913 0.349066 0.0352748 0 -0.130413 0.120124 0 0.0374503 -0.0636021 -0.111337 0 0 0.0541031 -0.349066 0.100979 0 12.1203 265.827 -57.4472 0.0885712 -0.0798969 -0.0716314 -6.33311 -99.083 -11.9383 
