0.271247 0.155682 0.144448 0.0316034 0.0487839 0.349066 0 0 -0.122723 0.116774 0 0 0.0215768 -0.0488254 0.000301516 0.0281498 0.314448 -0.349066 0 0.000816356 -23.6243 274.047 -40.2804 0.0356114 -0.0474352 -0.0615751 0.0783997 -98.162 -19.083 
0.242629 0.0329476 0 0 -0.125166 0.346769 0.0794787 0 -0.133821 0.128122 0 0 -0.00165838 -0.0693842 0.0135111 0.00975038 0.213411 -0.349066 0.0297542 0 -23.2539 274.025 -45.4693 0.0676846 -0.0208804 -0.0587904 0.0783997 -98.162 -19.083 
0.227568 0.0567785 0 0 -0.151754 0.349066 0.189106 0 -0.110773 0.144449 0 0.0783104 -0.000841498 -0.0411741 0.00736089 0 0.227653 -0.349066 0 0 -23.4934 273.98 -46.7395 0.0620104 -0.0271676 -0.0728036 0.0783997 -98.162 -19.083 
0.224675 0.0606222 8.39261e-005 0.113071 -0.16713 0.349066 0.31388 0.00302613 -0.132188 0.135335 0.00465335 0.0512498 -0.00350928 -0.038851 0.0301207 0.00321561 0.189464 -0.349066 0.0463595 0 -23.4306 273.662 -46.5908 0.0611681 -0.028118 -0.0723565 0.0783997 -98.162 -19.083 
0.227612 0.0791439 0 0.248075 -0.137024 0.349012 0.21421 0 -0.133762 0.0975383 0.000770686 0.0671389 -0.0104065 -0.0401134 0.0177397 0.00607082 0.19927 -0.349066 0.0133041 0.0079878 -23.4302 273.579 -46.6294 0.0605369 -0.0284653 -0.0721097 0.0783997 -98.162 -19.083 
0.22984 0.102981 0.0150185 0.180596 -0.105476 0.349066 0.126436 0 -0.118756 0.0704992 0 0.0688292 -0.0227173 -0.0417535 0 0.000779332 0.202666 -0.349066 0.00214384 0.00804112 -23.108 273.207 -46.4021 0.0557278 -0.0295059 -0.0709863 0.0783997 -98.162 -19.083 
0.206405 0.0910998 0.0731207 0.0528149 -0.115282 0.349066 0.138971 0 -0.132133 0.0682686 0 0 -0.0441651 -0.0353454 0.0144323 0.000145529 0.175098 -0.348746 0.0117905 0.018573 -22.7162 273.153 -46.7726 0.0587973 -0.0274673 -0.066528 0.0783997 -98.162 -19.083 
0.191242 0.0289652 0.0867297 0 -0.0991203 0.337079 0.110206 0.00725784 -0.152834 0.102334 0 0.0213665 -0.0130095 -0.0401703 0 0 0.146226 -0.349066 0.0888942 0.00651925 -22.781 273.392 -46.6777 0.0582869 -0.0237956 -0.0675931 0.0783997 -98.162 -19.083 
0.210647 0.01933 0.0689682 0 -0.0923455 0.347926 0.0604962 0.00406625 -0.14014 0.121167 0 0.187457 -0.0105328 -0.0341354 0 0 0.174837 -0.349066 0.10615 0 -22.7079 273.431 -46.5718 0.0535107 -0.0185143 -0.0651526 0.0783997 -98.162 -19.083 
0.233257 -0.00793147 0 0 -0.0925229 0.347867 0.059028 0.00398347 -0.140464 0.116323 0 0.187434 -0.0130753 -0.0327562 0 0 0.208485 -0.349066 0.0322759 0 -22.6979 273.447 -46.5845 0.0537817 -0.0185669 -0.0652011 0.0783997 -98.162 -19.083 
0.214987 0.0224334 0 0.0342682 -0.0955673 0.347973 0.0506166 0 -0.137534 0.0921203 0 0.188016 -0.0255406 -0.0129695 0 0 0.209058 -0.349066 0.00120078 0 -22.7616 273.416 -46.6733 0.0525158 -0.0184409 -0.0653806 0.0783997 -98.162 -19.083 
0.21122 0.0254788 0 0 -0.0713402 0.349066 0.0347276 0 -0.140035 0.0896146 0 0.175428 -0.0219492 -0.0103504 0 0 0.217495 -0.349066 0 0 -22.8128 273.328 -46.6762 0.0515858 -0.0161441 -0.0642881 0.0783997 -98.162 -19.083 
0.206763 0.0270471 0 0.031187 -0.0713402 0.349066 0.0347276 0 -0.152763 0.0912397 0 0.175428 -0.0219492 -0.0167539 0 0 0.197854 -0.349066 0 0 -22.8128 273.328 -46.6762 0.0515858 -0.0161441 -0.0642881 0.0783997 -98.162 -19.083 
0.215891 0.0271399 0 0.0305413 -0.0706834 0.349066 0.00707733 0 -0.149817 0.105742 0.0278456 0.0868769 -0.0403372 -0.0265721 0.00105618 0 0.17919 -0.347869 0 0 -22.8158 273.329 -46.6737 0.0515454 -0.0161625 -0.0642457 0.0783997 -98.162 -19.083 
0.21093 0.0199138 0 0.0457956 -0.0691089 0.349066 0.00375052 0 -0.145559 0.105682 0 0.159622 -0.0320892 -0.00992536 0 0 0.179696 -0.330751 0 0 -22.8184 273.345 -46.6767 0.0518562 -0.0158306 -0.0641748 0.0783997 -98.162 -19.083 
0.219252 0.0115674 0.0045487 0.054822 -0.0555018 0.349066 0 0.300075 -0.105713 0.132556 0.0367398 0.405557 -0.0173845 0.0109133 0.0233973 0.0422906 0.180037 -0.310967 0.0490845 0.0406244 -22.53 273.246 -46.7798 0.0493917 -0.0169087 -0.0632683 0.0783997 -98.162 -19.083 
0.233768 0.0115194 0.0228735 0.0822539 -0.0753648 0.349066 0.0704344 0.270051 -0.132577 0.129469 0.196425 0.465766 0.00788152 0.0540439 0.0929862 0.163263 0.189352 -0.249779 0.0360741 0.0290573 -22.3532 273.629 -46.3418 0.0570659 -0.0173802 -0.0599248 0.0783997 -98.162 -19.083 
0.251992 -0.13571 0 0 -0.174533 0.349066 0.0800337 0.665031 -0.174533 0.108213 0.374 0.695644 -0.0971222 -0.0571378 0.510437 0.731979 -0.0424079 -0.226095 0.33047 0 -21.8458 274.195 -47.006 0.0485251 -0.0316899 -0.028856 0.0783997 -98.162 -19.083 
0.234488 -0.171442 0.00786644 0 -0.142597 0.349066 0 1.5708 -0.089825 0.120678 0.407719 0.938723 -0.174533 0.136207 0.612223 0.0767319 -0.00886829 -0.199718 0 1.24971 -18.6706 273.545 -49.4275 0.0402658 -0.0446324 -0.00375105 0.0783997 -98.162 -19.083 
0.178058 -0.197519 0.0241761 0 -0.174533 0.349066 0 0.997996 -0.174533 0.0143391 1.02759 0.525157 -0.174533 0.349066 0 1.5708 0.280529 -0.349066 0 0.599107 -18.169 274.263 -49.0002 0.0344865 -0.0148302 0.0345897 0.0783997 -98.162 -19.083 
0.124418 -0.186107 0 0 -0.153352 0.349066 0 1.33592 -0.0411518 -0.00053335 1.05198 0 -0.174533 0.243031 0.187031 1.28264 0.180183 -0.0169511 0.620568 0.785531 -19.1787 274.422 -48.0466 0.0587375 -0.000734404 0.0297858 0.0783997 -98.162 -19.083 
0.244133 -0.20944 0 0.0575645 -0.174533 0.285257 0.316968 1.5708 -0.174533 -0.116339 1.35824 0.0656147 -0.174533 0.171122 0.634072 0.856922 0.322483 0.296658 0.746088 0.0757328 -20.0463 276.517 -48.3619 0.0740668 -0.00417927 0.0275392 0.0783997 -98.162 -19.083 
0.404567 -0.20676 0.10183 0.00282478 -0.174533 0.218192 1.16794 1.5708 -0.0924076 -0.0954383 1.56847 0.493762 -0.146504 -0.0164331 1.12176 0.593321 0.435611 0.349066 0.497853 1.05627 -20.655 278.551 -47.9021 0.0779031 0.0172445 0.0421226 0.0783997 -98.162 -19.083 
0.481021 -0.205273 0.0390375 0 -0.174533 0.142612 1.50279 1.562 0.474052 0.0421588 1.31767 0.34359 -0.174533 -0.124896 1.74533 0 0.478172 0.253239 0.437146 1.22108 -19.4686 278.772 -48.566 0.0885296 -0.0118959 0.0661288 0.0783997 -98.162 -19.083 
0.443976 -0.209064 0.114954 0.179445 -0.174533 -0.00985945 1.27681 1.5708 0.868515 0.10034 0.242633 0.329413 -0.148218 0.248331 1.74533 1.25019 0.494274 0.177046 0.564057 1.01415 -18.9178 278.799 -49.0349 0.0734616 0.0180492 0.0791463 0.0783997 -98.162 -19.083 
0.43391 -0.209369 0.131139 0.109485 -0.160942 -0.0320665 1.45869 1.57044 0.954138 -0.0667312 0 0.106088 -0.171813 0.267066 1.60612 1.34165 0.260328 0.146513 0.659407 0.720363 -19.0257 276.586 -49.3358 0.0901795 0.0255476 0.0782456 0.0783997 -98.162 -19.083 
0.429278 -0.20944 0.0588154 0.343526 -0.174533 -0.132144 1.66364 1.57019 1.03255 -0.222928 0.0759736 0.445238 -0.15718 0.243279 1.66983 1.46129 0.148559 0.0998433 0.978716 1.26235 -19 275.345 -47.6988 0.124964 0.0725473 0.139371 0.0783997 -98.162 -19.083 
0.459245 -0.20944 0.0204342 0.363236 -0.100746 -0.00685939 1.74533 1.57006 1.18653 -0.185806 0.0109118 0.158827 -0.174533 0.255306 1.71417 1.46439 0.063244 0.142246 1.72826 1.22528 -18.9689 275.267 -47.5336 0.121479 0.0732353 0.147506 0.0783997 -98.162 -19.083 
0.488621 -0.20944 0 0.459222 -0.0951237 0.178901 1.74533 1.5703 1.1919 -0.0958379 0.00685141 0.108174 -0.150637 0.349066 1.73517 1.46644 0.216407 0.332864 1.72861 1.23394 -19.2357 275.062 -47.4547 0.12189 0.0775445 0.147607 0.0783997 -98.162 -19.083 
0.54558 -0.20944 0.0167282 0.258902 0.14085 0.226361 1.74532 1.57036 1.23182 -0.0517481 0 0 -0.147629 0.349066 1.73156 1.47845 0.293561 0.345632 1.72836 1.55722 -19.0141 273.647 -47.6475 0.123891 0.0865241 0.151291 0.0783997 -98.162 -19.083 
0.496194 -0.20944 0.00394042 0.418148 0.245047 0.28784 1.74533 1.5708 1.17753 -0.0392777 0 0.0207737 -0.174533 0.349066 1.71178 1.4704 0.0783046 0.348014 1.72725 1.55786 -18.0153 272.59 -46.745 0.183091 0.0961563 0.142456 0.0783997 -98.162 -19.083 
0.383962 -0.20944 0.210104 0.3305 0.250566 0.286322 1.71645 1.5708 1.12706 -0.053755 0.00408609 0.00262575 -0.150249 0.345138 1.74479 1.48869 -0.0851658 0.349066 1.62793 1.56934 -18.5852 271.941 -47.6242 0.205081 0.100994 0.140177 0.0783997 -98.162 -19.083 
0.318176 -0.20944 0.208059 0.43231 0.219785 0.251476 1.7275 1.5708 1.09442 -0.034526 0.000234388 0.00399223 -0.17096 0.349033 1.7453 1.49837 -0.156482 0.349066 1.63285 1.57053 -19.2003 271.637 -48.7839 0.223102 0.123489 0.132967 0.0783997 -98.162 -19.083 
0.243147 -0.20944 0.264153 0.293137 0.22857 0.263471 1.73083 1.57061 1.07901 -0.0305613 0 0.00310969 -0.172609 0.348766 1.74517 1.50089 -0.158795 0.349066 1.6201 1.5708 -19.0582 271.063 -49.149 0.228963 0.132666 0.126552 0.0783997 -98.162 -19.083 
0.26899 -0.20944 0.183142 0.393705 0.176041 0.291418 1.72888 1.5708 1.02372 -0.00140526 0.0626207 0.0218617 -0.174533 0.349066 1.74533 1.51948 -0.1563 0.349066 1.61189 1.5708 -19.4873 271.228 -48.8122 0.264827 0.157787 0.121654 0.0783997 -98.162 -19.083 
0.281991 -0.20944 0.142121 0.409807 0.199954 0.291626 1.74422 1.5708 1.01831 0.0311675 0.0601542 0.0218008 -0.174533 0.349066 1.74533 1.51931 -0.156789 0.349066 1.60563 1.5708 -18.9757 270.19 -48.5529 0.268248 0.152513 0.123328 0.0783997 -98.162 -19.083 
0.178754 -0.20944 0.229635 0.282462 0.19863 0.324838 1.74458 1.5708 1.0905 0.0430724 0.0906146 0.000851014 -0.174533 0.349066 1.74533 1.51352 -0.169862 0.349066 1.66488 1.5708 -18.5567 268.956 -47.3234 0.26037 0.194092 0.111284 0.0783997 -98.162 -19.083 
-0.158503 -0.208754 0.44398 0.240089 0.154168 0.340166 1.74533 1.55798 1.05236 0.140777 0 0.000582977 -0.174533 0.349066 1.73483 1.5232 -0.173886 0.349066 1.62848 1.5708 -18.7669 268.119 -47.3276 0.280829 0.267444 0.0905049 0.0783997 -98.162 -19.083 
-0.174533 -0.20944 0.00394597 0.466125 -0.0741128 0.339785 1.74486 1.56076 0.923754 0.160169 0.00764983 0.00208294 -0.174533 0.349066 1.74037 1.44157 -0.174533 0.348981 1.51885 1.5708 -18.0593 267.866 -45.9365 0.333555 0.355857 0.125965 0.0783997 -98.162 -19.083 
-0.174533 -0.208538 0.0257034 0.411724 -0.174533 0.303449 1.74533 1.56688 0.939792 0.101818 0.0152859 0.0315693 -0.174533 0.349066 1.74533 1.44436 -0.174533 0.349066 1.49624 1.5708 -17.5688 268.12 -45.4768 0.345365 0.335359 0.131531 0.0783997 -98.162 -19.083 
-0.174533 -0.209402 0.0329068 0.36432 -0.174533 0.304851 1.74532 1.57025 0.983321 0.042267 0.000363568 0.00093802 -0.174533 0.349066 1.70324 1.45954 -0.174429 0.348989 1.54165 1.57071 -18.0892 268.149 -44.6028 0.356184 0.271122 0.0918687 0.0783997 -98.162 -19.083 
-0.174533 -0.209398 0.0453771 0.121075 -0.174533 0.0410807 1.74533 1.57066 1.00038 0.0379937 0.00534365 0 -0.174533 0.349066 1.74533 1.39257 -0.174522 0.349041 1.60211 1.5708 -18.8241 268.152 -43.7889 0.372815 0.244374 0.0907408 0.0783997 -98.162 -19.083 
-0.174533 -0.20944 0 0.0421537 -0.174533 0.0961934 1.74533 1.5708 0.974349 0.098412 0.00264398 0 -0.174533 0.348793 1.74533 1.40139 -0.174533 0.348833 1.74533 1.5708 -18.8875 269.032 -44.1709 0.371937 0.244453 0.0888496 0.0783997 -98.162 -19.083 
-0.174533 -0.20944 0 0.359887 -0.174533 0.134135 1.74533 1.5708 0.993954 0.109873 0.0229114 0 -0.174533 0.292866 1.74533 1.48423 -0.174533 0.349066 1.74533 1.5708 -20.1585 270.892 -42.7469 0.382087 0.205112 0.0772061 0.0783997 -98.162 -19.083 
-0.174533 -0.20944 0 0.18928 -0.174533 0.205624 1.74533 1.5708 1.00875 0.100881 0 0 -0.174533 0.338936 1.74533 1.55432 -0.170449 0.349066 1.74484 1.5708 -20.2248 270.593 -40.6744 0.375869 0.153116 0.0330023 0.0783997 -98.162 -19.083 
-0.174533 -0.20944 0.0414217 0.155489 -0.174533 0.168293 1.74533 1.5708 1.06499 0.0335823 0 0.0108433 -0.174533 0.333577 1.74214 1.54422 -0.168266 0.341668 1.45779 1.54707 -17.8371 272.355 -39.8825 0.349645 0.119554 0.0158645 0.0783997 -98.162 -19.083 
-0.117316 -0.199126 0.0306503 0.164356 -0.174533 0.0445039 1.74533 1.5708 1.04808 0.0183151 0 0 -0.174533 0.277048 1.74533 1.54586 -0.173855 0.311247 1.34037 1.55322 -17.6842 272.905 -40.0573 0.329544 0.114136 0.0195551 0.0783997 -98.162 -19.083 
-0.0622406 -0.176019 0.001877 0.0582808 -0.174533 -0.0463538 1.71309 1.5708 1.01871 -0.00591657 0.0511353 0 -0.174497 0.204771 1.74533 1.5708 -0.174533 0.183314 1.44094 1.5708 -18.3307 272.778 -39.9062 0.318522 0.131963 0.0126274 0.0783997 -98.162 -19.083 
-0.0953422 -0.194441 0.0615883 0.0901068 -0.174533 0.0360108 1.5192 1.5708 1.08738 0.0338234 0.0200921 0.10485 -0.174428 0.349066 1.71543 1.51199 -0.170243 0.168505 0 1.54183 -19.0468 274.974 -39.6008 0.30221 0.164102 -0.00970196 0.0783997 -98.162 -19.083 
-0.150842 -0.161231 0.01163 0.220785 -0.174533 -0.0545094 1.54865 1.54027 1.20774 0.0602865 0.00409119 0.04178 -0.174531 0.261636 1.43968 1.51487 -0.173313 0.0358834 0 1.56839 -20.3075 276.133 -39.6673 0.253234 0.183627 -0.00299388 0.0783997 -98.162 -19.083 
-0.0560869 -0.116428 0.108135 0 -0.174533 -0.0639875 0.697944 1.5708 1.24827 0.0566079 0.0600019 0.0446378 -0.172329 0.170454 0.943863 1.5708 -0.174464 0.0397761 0.110399 1.5708 -19.9412 276.224 -39.3397 0.198905 0.150127 0.0195722 0.0783997 -98.162 -19.083 
-0.0953776 -0.144387 0.0850489 0 -0.174295 -0.14838 0 1.56207 1.24598 0.08412 4.15419e-005 0.0564673 -0.173732 0.139283 0.52301 1.5708 -0.174533 -0.137705 0.219913 1.48258 -19.8305 276.248 -38.3232 0.200119 0.167506 0.0282735 0.0783997 -98.162 -19.083 
0.0149405 -0.197685 0 0.193092 -0.174533 -0.328697 0 0.694228 1.15968 0.0903244 0.0246907 0.00504788 -0.174533 0.0501905 0.344169 1.52814 -0.174533 -0.301122 0.426397 0.803563 -21.1462 275.805 -38.2935 0.166541 0.170544 0.0602552 0.0783997 -98.162 -19.083 
-0.0525855 -0.132635 0.112531 0.110832 -0.174533 -0.282684 0 0 1.16389 0.0953746 0.024831 0.0194858 -0.174533 -0.00643354 0.0236998 0.979604 -0.172665 -0.329639 0.551747 0 -20.8397 276.14 -37.3506 0.158893 0.16158 0.0711779 0.0783997 -98.162 -19.083 
-0.0073375 -0.16173 0 0.196991 -0.174533 -0.234102 0 0.459506 1.16769 0.0959369 0.014303 0.0116501 -0.174533 -0.0246342 0.00095688 0.663968 -0.149541 -0.348064 0.381018 0.237279 -20.8714 275.718 -36.0238 0.150993 0.167544 0.0788741 0.0783997 -98.162 -19.083 
0.0422136 -0.144489 0 0.0160563 -0.174533 -0.133772 0 0.275105 1.15623 0.10562 0.0133188 0.0137284 -0.174533 -0.0430423 0.00451672 0.68568 -0.174533 -0.348941 0.318881 0.340074 -20.3246 276.085 -35.8887 0.144349 0.159324 0.0879749 0.0783997 -98.162 -19.083 
0.0958428 -0.134547 0 0.0540355 -0.174533 -0.0860813 0 0.114823 1.17604 0.0882847 0.00293332 0.013137 -0.169899 -0.04576 0.125557 0.182661 -0.146774 -0.349048 0.357986 0.123165 -20.1638 276.078 -35.8265 0.139262 0.151247 0.0904396 0.0783997 -98.162 -19.083 
0.192115 -0.0573714 0.00346918 0.0171677 -0.174533 -0.003667 0.0592161 0.399585 1.21228 0.0882007 0.00364855 0.0141478 -0.171656 -0.0336237 0.207696 0.0444925 -0.0671483 -0.346576 0.376211 0 -19.9962 276.82 -35.7098 0.121431 0.126389 0.0881456 0.0783997 -98.162 -19.083 
0.184665 -0.102495 0 0 -0.168343 0.0599892 0 0.192406 1.21497 0.0884997 0 0.00438131 -0.174533 -0.0098772 0.213972 0 -0.0938975 -0.347572 0.551098 0 -19.7321 277.654 -35.5894 0.121198 0.124547 0.0771761 0.0783997 -98.162 -19.083 
0.268929 -0.122647 0 0 -0.174345 0.0884934 0.034221 0.188133 1.2136 0.0863906 0.00338949 0.00527744 -0.174533 -0.0447731 0.0988364 0 -0.041262 -0.348515 0.665325 0 -19.6606 277.591 -35.4067 0.124799 0.124257 0.0782194 0.0783997 -98.162 -19.083 
0.31076 -0.0216639 0.0843599 0.0421359 -0.174499 0.14803 0 0.215437 1.20405 0.06561 0.00353426 0.00198926 -0.160314 -0.00680127 0.029643 0 0.0966199 -0.348971 0.243947 0 -19.423 277.707 -34.5033 0.113388 0.122861 0.0503372 0.0783997 -98.162 -19.083 
0.294467 -0.0212414 0.026199 0.0735788 -0.174515 0.168263 0 0.100115 1.23109 0.0719102 0.00487359 0.00154337 -0.135328 0.0059843 0.0311569 0 0.168081 -0.348968 0 0 -18.5644 277.768 -34.4578 0.0987444 0.12183 0.0449915 0.0783997 -98.162 -19.083 
0.277552 -0.021424 0 0.040643 -0.174532 0.209611 0 0.100103 1.23031 0.037716 0.00480082 0.00189908 -0.154544 0.0186984 0.0485491 0 0.248284 -0.349062 0.0046246 0 -18.514 278.014 -34.4973 0.100593 0.123894 0.0337981 0.0783997 -98.162 -19.083 
0.296053 -0.0343287 0 0 -0.174532 0.236042 0 0.106639 1.23033 0.0372797 0.00439177 0.00190982 -0.156478 0.0419317 0.0227901 0.00201521 0.265342 -0.348868 0.00141246 0.00637672 -18.5167 278.032 -34.4451 0.103174 0.120596 0.0314162 0.0783997 -98.162 -19.083 
0.317199 -0.00809266 0 0 -0.174533 0.213979 0 0.112279 1.23379 0.0378879 0.00438782 0.00199316 -0.150975 0.0603577 0.0302923 0 0.285359 -0.349066 0.000276931 0.00168311 -17.929 278.042 -34.4258 0.102793 0.113771 0.0327328 0.0783997 -98.162 -19.083 
0.327244 0.00550965 0 0 -0.174533 0.260572 0.0266319 0.111924 1.23858 0.0487856 0.00584216 0.00279904 -0.139748 0.04803 0.00490981 0.0475355 0.229933 -0.349066 3.29426e-006 0.00127784 -17.3046 278.1 -33.8833 0.102092 0.104892 0.0323819 0.0783997 -98.162 -19.083 
