0.0741568 -0.164641 0 0 -0.174533 0.349066 0.0971463 0 -0.174533 0.137058 0 0 -0.119043 -0.0349055 0.0360685 0.0318629 -0.0626495 -0.349066 0.234179 0.079933 -28.5978 302.256 -51.9307 0.14907 -0.0166384 -0.0477566 -0.2784 -97.831 -20.7127 
-0.0404317 -0.0884057 0.00920303 0 -0.174533 0.349066 0.0178091 0 -0.174533 0.0806175 0 0 -0.166664 -0.0604548 0.119256 0.10702 0.0641304 -0.349066 0.121689 0 -25.0293 300.48 -50.6702 0.128988 0.0527566 -0.0253613 -0.2784 -97.831 -20.7127 
-0.047299 -0.0828982 0.00887074 0 -0.162287 0.349066 0 0 -0.174533 0.060162 0 0 -0.173041 -0.0679315 0.123376 0 0.0724136 -0.349066 0.0860417 0 -25.0293 300.48 -50.6702 0.128988 0.0527566 -0.0325289 -0.2784 -97.831 -20.7127 
-0.0461736 -0.090056 0.0018944 0.0181034 -0.162131 0.349066 0 0 -0.174533 0.054289 0 0 -0.16818 -0.0718658 0.123612 0 0.121888 -0.349066 0 0 -25.0337 300.477 -50.6672 0.128997 0.052795 -0.0326042 -0.2784 -97.831 -20.7127 
-0.0469296 -0.0972001 0.00101054 0.0205684 -0.164414 0.349066 0 0 -0.174533 0.0540934 0 0 -0.156997 -0.0794455 0.120721 0 0.138628 -0.349066 0 0 -25.032 300.479 -50.6627 0.129213 0.0529475 -0.0325757 -0.2784 -97.831 -20.7127 
-0.0451022 -0.0972548 0.0130489 0 -0.165453 0.349066 0 0 -0.174533 0.0612734 0 0.0541782 -0.140663 -0.0982486 0.0878571 0.0301591 0.15258 -0.349066 0 0 -24.9631 300.63 -50.6762 0.12908 0.0534073 -0.032838 -0.2784 -97.831 -20.7127 
-0.045719 -0.107702 0.00734013 0 -0.166761 0.349066 0 0 -0.174533 0.0692909 0 0.0542439 -0.128187 -0.106331 0.0860604 0 0.15232 -0.349066 0.000755581 0 -24.8278 300.657 -50.7628 0.128797 0.0526629 -0.0335704 -0.2784 -97.831 -20.7127 
-0.045719 -0.116246 0.00388624 0.0170503 -0.166761 0.349066 0 0 -0.174533 0.06694 0 0.0542439 -0.114858 -0.116671 0.072245 0 0.15232 -0.349066 0.000755581 0 -24.8278 300.657 -50.7628 0.128797 0.0526629 -0.0335704 -0.2784 -97.831 -20.7127 
-0.0408277 -0.125067 0.00388624 0 -0.166761 0.349066 0 0 -0.174533 0.06694 0 0.0542439 -0.107322 -0.116671 0.072245 0 0.15232 -0.349066 0.000755581 0 -24.8278 300.657 -50.7628 0.128797 0.0526629 -0.0335704 -0.2784 -97.831 -20.7127 
-0.0408277 -0.131487 0.00388624 0 -0.166761 0.349066 0 0 -0.174533 0.06694 0 0.0542439 -0.101883 -0.116671 0.072245 0 0.141576 -0.349066 0.000755581 0 -24.8278 300.657 -50.7628 0.128797 0.0526629 -0.0335704 -0.2784 -97.831 -20.7127 
-0.0409251 -0.136112 0.00398374 0 -0.166356 0.349066 0 0 -0.174533 0.0652809 0 0.0463528 -0.0956313 -0.117066 0.0677806 0 0.140318 -0.349066 0.000754297 0 -24.8427 300.654 -50.7645 0.128868 0.0527967 -0.0337285 -0.2784 -97.831 -20.7127 
-0.0368723 -0.143932 0.00282074 0.00718014 -0.163418 0.349066 0 0.0334796 -0.173693 0.0662198 0 0.0132814 -0.0966715 -0.119977 0.0676415 0 0.139633 -0.349066 0.000632332 0 -24.8271 300.767 -50.7946 0.129716 0.0519803 -0.0333924 -0.2784 -97.831 -20.7127 
-0.0521476 -0.153215 0.00226517 0.0176925 -0.164052 0.349066 0 0.0249192 -0.173573 0.0665272 0 0.0132088 -0.0925274 -0.117888 0.0529275 0 0.16059 -0.349066 0.000452771 0 -24.8272 300.786 -50.7973 0.129779 0.0518592 -0.0334925 -0.2784 -97.831 -20.7127 
-0.0551803 -0.150531 0.00143743 0.0140709 -0.167021 0.349066 0 0.0164859 -0.173847 0.0656436 0 0.00893302 -0.0840034 -0.120097 0.0373208 0 0.165782 -0.349066 0.000451436 0 -24.8294 300.794 -50.7954 0.12955 0.0515289 -0.0343407 -0.2784 -97.831 -20.7127 
-0.0518141 -0.149605 0.00144681 0.012787 -0.174533 0.349066 0 0.016389 -0.17375 0.0647006 0 0.00836816 -0.0807537 -0.123654 0.0365488 0 0.171271 -0.349066 0.000454381 0 -24.8786 300.832 -50.7667 0.130228 0.0518609 -0.0342225 -0.2784 -97.831 -20.7127 
-0.045613 -0.149889 0.00202281 0.0158428 -0.174533 0.349066 0 0.016372 -0.173751 0.0646335 0 0.00835017 -0.0738571 -0.122676 0.036462 0 0.17532 -0.349066 0.000454734 0 -24.8832 300.834 -50.7679 0.130263 0.0518273 -0.0341788 -0.2784 -97.831 -20.7127 
-0.045613 -0.149889 0.0108166 0.0158428 -0.174533 0.344165 0 0.016372 -0.173751 0.0600012 0 0.00835017 -0.0704171 -0.122676 0.051176 0 0.18253 -0.349066 0.000454734 0 -24.8832 300.834 -50.7679 0.130263 0.0518273 -0.0341788 -0.2784 -97.831 -20.7127 
-0.068347 -0.157898 0.0108166 0.0973665 -0.174533 0.316751 0 0.016372 -0.173751 0.0600012 0 0.00835017 -0.058475 -0.119947 0.0338599 0 0.117196 -0.34756 0.000454734 0 -24.8832 300.834 -50.7679 0.130263 0.0518273 -0.0341788 -0.2784 -97.831 -20.7127 
-0.0761256 -0.207263 0 0.0195771 -0.174533 0.268536 0 0.0114486 -0.174086 0.0582458 0 0.0087049 -0.0719585 -0.0923596 0.000237938 0 0.0479903 -0.288201 0.000474051 0 -24.5996 300.792 -51.1502 0.132487 0.0542963 -0.0313326 -0.2784 -97.831 -20.7127 
-0.126643 -0.20944 0.00410509 0.248279 -0.167526 0.231399 0 0.0392821 -0.174533 0.0518908 3.04689e-005 0 -0.0967024 -0.083114 0 0 -0.00727254 -0.221285 0 0 -24.5307 300.772 -51.2554 0.133045 0.0495693 -0.0310169 -0.2784 -97.831 -20.7127 
-0.174533 -0.20944 0.0699712 0.105909 -0.156234 0.187244 0 0.0170535 -0.172093 0.0551169 0.00021573 0.0835901 -0.130475 -0.0566259 0 0 0.0202046 -0.148936 0 0.460922 -24.4531 300.764 -51.2853 0.131657 0.0470584 -0.0340081 -0.2784 -97.831 -20.7127 
-0.174533 -0.204002 0.20025 0.033768 -0.156198 0.138898 0 0.018033 -0.171982 0.0552659 0.000248909 0.0870046 -0.131523 -0.0233433 0 0 0.0409754 -0.109328 0.214529 0.610263 -24.4747 300.768 -51.2955 0.129939 0.0472467 -0.0343045 -0.2784 -97.831 -20.7127 
-0.174533 -0.20944 0.292807 0 -0.158047 0.0817239 0 0.0193847 -0.130478 0.0579557 0.000261147 0.0814792 -0.0978919 0.0143608 0 0 0.0260033 0.0123559 0.545217 0.282617 -24.2499 301.392 -51.2179 0.128039 0.0446214 -0.0323749 -0.2784 -97.831 -20.7127 
-0.174533 -0.20944 0.282454 0 -0.15836 0.0655158 0 0.0201303 -0.12725 0.0574613 0.000238329 0.0747059 -0.101293 0.0110952 0.0244157 0 0.038567 0.0598197 0.550282 0.63924 -24.0124 301.513 -51.2308 0.130631 0.0460743 -0.0295321 -0.2784 -97.831 -20.7127 
-0.174533 -0.20944 0.312238 0.107929 -0.165675 0.0345244 0 0.0686403 -0.106365 0.0514432 0.00340972 0.0439421 -0.101602 0.0210421 0.0287096 0 0.165178 0.0540561 0.373709 1.02462 -23.5165 301.501 -51.5692 0.126318 0.0429858 -0.0205752 -0.2784 -97.831 -20.7127 
-0.174533 -0.20944 0.26916 0.233962 -0.173755 -0.00345052 0 0.061364 -0.0836811 0.0650059 0.00322705 0.0969631 -0.0959125 0.0177339 0.0238598 0 0.266877 0.0425352 0.180729 0.651118 -23.1126 301.602 -51.2618 0.132014 0.0480902 -0.026233 -0.2784 -97.831 -20.7127 
-0.174533 -0.20944 0.223471 0.343867 -0.150685 -0.00487851 0 0.0527458 -0.124878 0.100825 0.00266415 0.316466 -0.0611798 0.0193969 0.0469978 0 0.349737 0.112324 0 0.686729 -22.9585 300.807 -52.152 0.108338 0.0637108 -0.0497305 -0.2784 -97.831 -20.7127 
-0.174533 -0.208794 0.24097 0.391519 -0.149192 0.0393773 0 0.0673992 -0.129151 0.117088 0.00964988 0.325555 -0.0450525 0.0377194 0 0.0241745 0.356866 0.168165 0.00350162 0.904979 -22.4675 300.972 -51.9494 0.106019 0.0690694 -0.0490087 -0.2784 -97.831 -20.7127 
-0.174533 -0.209423 0.156812 0.658428 -0.147546 0.0309108 0.124906 0.0155342 -0.116127 0.131072 0.00998443 0.176881 -0.0283418 0.052213 0 0.0141799 0.363004 0.164089 0.0529389 1.0921 -21.5583 301.853 -51.2743 0.104559 0.0287453 -0.0416848 -0.2784 -97.831 -20.7127 
-0.174533 -0.20944 0.151496 0.646716 -0.147299 0.0310851 0.172415 0 -0.12028 0.131404 0.00886511 0.197935 -0.0285 0.0522101 0 0.0116263 0.362529 0.163945 0.0575326 0.685205 -21.564 301.87 -51.2726 0.104793 0.0280018 -0.0418367 -0.2784 -97.831 -20.7127 
-0.174533 -0.20944 0.0713825 0.648143 -0.151047 0.0365384 0.17222 0.018013 -0.120553 0.128926 0.0187546 0.198777 -0.0285363 0.0517651 0 0.011609 0.357821 0.172514 0.0583116 0.737873 -21.5328 301.861 -51.2476 0.105002 0.0264074 -0.0420246 -0.2784 -97.831 -20.7127 
-0.174533 -0.209256 0.0591588 0.330008 -0.16763 0.0443272 0.159273 0 -0.0808051 0.0907696 0 0 -0.0536449 0.0192258 0 0.0025759 0.247195 0.170282 0.139133 0.704499 -21.4726 301.834 -51.312 0.10497 0.0246927 -0.041006 -0.2784 -97.831 -20.7127 
-0.174533 -0.20944 0.0786087 0.313443 -0.161318 0.0723177 0.1825 0 -0.0622436 0.0740332 0 0 -0.0295426 -0.00368011 0 0 0.195252 0.147467 0.0723407 1.01404 -21.339 301.519 -50.8381 0.0985429 0.0289107 -0.044953 -0.2784 -97.831 -20.7127 
-0.170451 -0.20944 0.135099 0.0844055 -0.126548 0.131358 0.0856764 0.0136818 -0.061814 0.0860716 0.0207647 0 -0.025734 0.014786 0.00348297 0 0.105493 0.115022 0 1.5708 -19.9966 301.49 -50.8357 0.098436 0.0289008 -0.044754 -0.2784 -97.831 -20.7127 
-0.166201 -0.20944 0.160129 0.144905 -0.123647 0.145261 0.103268 0.0442697 -0.0641362 0.0782871 0.0300268 0 -0.0357616 0.0137625 0.00166016 0 0.0465707 0.0754481 0 1.5708 -20.0027 301.482 -50.8362 0.102895 0.0289432 -0.0446407 -0.2784 -97.831 -20.7127 
-0.157608 -0.20944 0.169279 0.212692 -0.114215 0.190641 0.0858931 0 -0.0652949 0.0765745 0.0275947 0.0139081 -0.0335232 0.0275295 0 0 0.015864 0.014334 0.0762813 0.246871 -20.1062 301.399 -50.9328 0.103917 0.0243538 -0.0436041 -0.2784 -97.831 -20.7127 
-0.156864 -0.20944 0.136204 0.272708 -0.111962 0.252885 0.0581029 0.00329004 -0.0780823 0.0854941 0.0462412 0 -0.0291541 0.0503418 0.00795758 0 0.0184469 -0.0726399 0.0489532 0.00417506 -20.145 301.527 -50.8258 0.105105 0.0282249 -0.0474325 -0.2784 -97.831 -20.7127 
-0.15537 -0.20944 0.130398 0.203725 -0.114761 0.306429 0.0682744 0.000673605 -0.0865623 0.0881677 0.0228146 0.120689 -0.0267354 0.0218362 0.0324255 0 0.0346269 -0.188383 0.055427 0 -20.1181 301.418 -50.833 0.105964 0.0300002 -0.0480621 -0.2784 -97.831 -20.7127 
-0.150547 -0.20944 0.0915202 0.186561 -0.111552 0.344869 0.0688799 0.00342251 -0.097885 0.09672 0.0298521 0.0816993 -0.0073195 -0.036382 0 0 0.0928063 -0.26746 0.0635648 0 -20.1293 301.519 -50.6218 0.106387 0.0339799 -0.0457731 -0.2784 -97.831 -20.7127 
-0.142052 -0.20944 0.0893476 0.193103 -0.115921 0.349066 0.100174 0.0042817 -0.0942078 0.0947532 0.0324711 0 -0.00377053 -0.0886692 0 0 0.148507 -0.343788 0.0142977 0 -20.1839 301.344 -50.5116 0.105002 0.0318072 -0.0450064 -0.2784 -97.831 -20.7127 
-0.129166 -0.202724 0.0665634 0.27778 -0.105935 0.349066 0.0804841 0.00497229 -0.0934244 0.0940386 0.0314302 0 0.0080631 -0.118448 0 0 0.237917 -0.349066 0 0 -20.1775 301.34 -50.5209 0.105963 0.0387798 -0.0443958 -0.2784 -97.831 -20.7127 
-0.116262 -0.193932 0.0665634 0.27778 -0.103186 0.349066 0.0804841 0.00497229 -0.0934244 0.0869978 0.0314302 0 0.0187859 -0.128315 0 0 0.252759 -0.349066 0 0 -20.1775 301.34 -50.5209 0.105963 0.0387798 -0.0443958 -0.2784 -97.831 -20.7127 
-0.0965048 -0.194344 0.0665634 0.189386 -0.103186 0.349066 0.0804841 0.00497229 -0.0934244 0.0765403 0.0314302 0 0.0303369 -0.13229 0.0198612 0 0.265751 -0.349066 0 0 -20.1775 301.34 -50.5209 0.105963 0.0387798 -0.0443958 -0.2784 -97.831 -20.7127 
-0.0837584 -0.194344 0.0665634 0.0977893 -0.0979564 0.349066 0.0804841 0.00497229 -0.0934244 0.0732863 0.0314302 0 0.0363801 -0.13229 0.0161769 0 0.288487 -0.349066 0 0 -20.1775 301.34 -50.5209 0.105963 0.0387798 -0.0443958 -0.2784 -97.831 -20.7127 
-0.0720003 -0.199086 0.0458987 0.0978143 -0.0927452 0.349066 0.0845897 0 -0.0906137 0.0754675 0.0291749 0 0.0520725 -0.132069 0 0 0.301546 -0.349066 0 0 -20.1795 301.34 -50.6211 0.105701 0.0387756 -0.0443878 -0.2784 -97.831 -20.7127 
-0.0720003 -0.196499 0.0458987 0.0978143 -0.0927452 0.349066 0.0972186 0 -0.0906137 0.0754675 0.0291749 0 0.0617832 -0.132069 0 0 0.315268 -0.349066 0 0 -20.1795 301.34 -50.6211 0.105701 0.0387756 -0.0443878 -0.2784 -97.831 -20.7127 
-0.0659606 -0.196499 0.0458987 0.0978143 -0.0927452 0.349066 0.0972186 0 -0.0906137 0.0849581 0.014505 0 0.0680655 -0.132069 0 0 0.321832 -0.349066 0 0 -20.1795 301.34 -50.6211 0.105701 0.0387756 -0.0443878 -0.2784 -97.831 -20.7127 
-0.0663424 -0.196497 0.0594499 0.0977521 -0.0928077 0.343565 0.097445 0 -0.0915395 0.0847833 0.0173118 0 0.0726615 -0.136342 0 0 0.321958 -0.349066 0 0 -20.1791 301.341 -50.6216 0.105723 0.038765 -0.044382 -0.2784 -97.831 -20.7127 
-0.0615092 -0.193928 0.0629167 0.113672 -0.0904105 0.324493 0.088194 0 -0.0905053 0.0847983 0.00722571 0 0.0796624 -0.15194 0 0 0.321765 -0.349066 0 0 -20.1795 301.338 -50.6221 0.105741 0.0387471 -0.044393 -0.2784 -97.831 -20.7127 
-0.0435839 -0.194237 0.0898907 0.0451523 -0.0956331 0.298295 0.0985121 0.0244672 -0.0738714 0.0876227 0.0158865 0.0114065 0.0818037 -0.185638 0.0191537 0 0.300449 -0.348684 0 0 -20.204 301.27 -50.4552 0.101361 0.0362031 -0.0445236 -0.2784 -97.831 -20.7127 
-0.0435839 -0.194237 0.0898907 0.0451523 -0.0956331 0.258542 0.0960398 0.0244672 -0.068913 0.0891594 0.0158865 0.0114065 0.0894985 -0.216746 0.0191537 0 0.240739 -0.310904 0 0 -20.204 301.27 -50.4552 0.101361 0.0362031 -0.0445236 -0.2784 -97.831 -20.7127 
-0.030684 -0.199418 0.0888645 0.131045 -0.0946257 0.214815 0.135528 0 -0.049919 0.103741 0.0124194 0.00828852 0.0840209 -0.225455 0.144915 0 0.226159 -0.254593 0.00669518 0.00284246 -20.3334 301.437 -50.6314 0.0957522 0.0354719 -0.0456343 -0.2784 -97.831 -20.7127 
-0.0304549 -0.199184 0.0877576 0.133106 -0.0947806 0.177456 0.13367 0 -0.050508 0.101894 0.0131104 0.00824934 0.107813 -0.226039 0.139774 0.212483 0.242421 -0.219722 0.00671535 0.00292871 -20.3636 301.429 -50.5824 0.0959526 0.0354703 -0.0455855 -0.2784 -97.831 -20.7127 
-0.0288881 -0.199375 0.0879994 0.130668 -0.0909974 0.148724 0.120529 0 -0.0518297 0.109772 0.0100625 0.00855896 0.130847 -0.226637 0.140008 0.375398 0.241914 -0.198305 0.00668298 0.00279332 -20.351 301.431 -50.5416 0.0962463 0.0355522 -0.0450674 -0.2784 -97.831 -20.7127 
-0.0516743 -0.198085 0.0881923 0.12703 -0.0707021 0.143589 0.164014 0 -0.0809457 0.116966 0.0147256 0.00356016 0.129497 -0.207417 0.126635 0.454279 0.231799 -0.168658 0.00277983 0.0011619 -19.9956 301.49 -50.471 0.109036 0.0274776 -0.0449521 -0.2784 -97.831 -20.7127 
-0.0744624 -0.197991 0.0951668 0.127385 -0.0559319 0.125664 0.164358 0 -0.0808673 0.138415 0.0120252 0.00355048 0.12506 -0.207324 0.14163 0.424989 0.23607 -0.168376 0.00203132 0.00115874 -19.9679 301.487 -50.453 0.109521 0.0280165 -0.0446124 -0.2784 -97.831 -20.7127 
-0.0764201 -0.19805 0.0947059 0.128253 -0.0582285 0.12571 0.171807 0 -0.0730336 0.138194 0.0126115 0 0.130158 -0.219498 0.165323 0.431156 0.241068 -0.168407 0.0016386 0 -19.9898 301.471 -50.4627 0.109374 0.0267811 -0.0449848 -0.2784 -97.831 -20.7127 
-0.065764 -0.195032 0.0558193 0.209943 -0.0640236 0.136075 0.152022 0 -0.0769092 0.149934 0.0156359 0 0.142645 -0.203903 0.155342 0.381637 0.259936 -0.153261 0.00207356 0 -19.1869 301.583 -50.1852 0.111761 0.0325057 -0.0476912 -0.2784 -97.831 -20.7127 
-0.065764 -0.195032 0.0558193 0.209943 -0.0640236 0.136075 0.152022 0 -0.0627819 0.149934 0.0156359 0 0.148789 -0.203903 0.156337 0.381637 0.259936 -0.153261 0.00207356 0 -19.1869 301.583 -50.1852 0.111761 0.0325057 -0.0476912 -0.2784 -97.831 -20.7127 
-0.0657836 -0.195105 0.0556533 0.210289 -0.0637955 0.135249 0.151838 0 -0.042274 0.150187 0.0140265 0 0.155446 -0.20414 0.188049 0.305434 0.258028 -0.156213 0.00206739 0 -19.1877 301.58 -50.1687 0.111645 0.0325869 -0.047674 -0.2784 -97.831 -20.7127 
-0.0666168 -0.194984 0.0557871 0.210544 -0.0663585 0.12005 0.151259 0 -0.0416132 0.162441 0.0140367 0 0.155728 -0.19613 0.194586 0.297297 0.267898 -0.157559 0.00191238 0 -19.1825 301.572 -50.1741 0.111593 0.0324663 -0.0477638 -0.2784 -97.831 -20.7127 
-0.0681202 -0.195073 0.0542985 0.233506 -0.0660512 0.117687 0.150435 0 -0.0414857 0.161017 0.013984 0 0.155642 -0.195363 0.193995 0.301006 0.268203 -0.158436 0.00187155 0 -19.1821 301.575 -50.1739 0.111369 0.0324813 -0.0477685 -0.2784 -97.831 -20.7127 
-0.0565408 -0.196574 0.0555233 0.301554 -0.0721065 0.119389 0.14665 0 -0.0432792 0.162838 0.0188927 0 0.158991 -0.195211 0.185598 0.0336499 0.234773 -0.160249 0 0 -19.1835 301.283 -50.1814 0.109353 0.0323724 -0.0476862 -0.2784 -97.831 -20.7127 
-0.0584617 -0.20944 0.0550437 0.301224 -0.0728918 0.119383 0.145236 0 -0.0429766 0.164018 0.018161 0 0.161306 -0.191629 0.17756 0.0467816 0.235221 -0.171651 0.000445891 0 -19.197 301.32 -50.2146 0.109405 0.0326506 -0.0478342 -0.2784 -97.831 -20.7127 
-0.0818549 -0.20944 0.065877 0.378696 -0.0547628 0.142762 0.126001 0 -0.0405584 0.164428 0 0 0.187498 -0.186675 0.142118 0.0404277 0.237557 -0.19654 0 0 -19.0637 301.422 -50.1164 0.109952 0.0307343 -0.0487477 -0.2784 -97.831 -20.7127 
-0.0823912 -0.20944 0.066287 0.36775 -0.0561669 0.165017 0.138213 0 -0.0384453 0.153529 0 0 0.194101 -0.185943 0.0410425 0.00779245 0.243132 -0.233131 0 0 -19.0769 301.448 -50.1799 0.109717 0.0302535 -0.0499048 -0.2784 -97.831 -20.7127 
-0.0823912 -0.20944 0.066287 0.36775 -0.0509003 0.184541 0.172433 0 -0.0384453 0.138483 0 0 0.194101 -0.185943 0 0.00779245 0.243132 -0.279333 0 0 -19.0769 301.448 -50.1799 0.109717 0.0302535 -0.0499048 -0.2784 -97.831 -20.7127 
-0.0696536 -0.20944 0.028663 0.408919 -0.0510855 0.214419 0.141676 0 -0.0329631 0.118935 0.00109736 0 0.181385 -0.184121 0 0 0.248386 -0.330652 0 0 -18.6037 301.386 -50.2182 0.109179 0.0294737 -0.0493439 -0.2784 -97.831 -20.7127 
-0.0759738 -0.207805 0.0381253 0.286591 -0.0783106 0.254852 0.127406 0 -0.0379579 0.111445 0 0 0.136877 -0.17183 0.0132303 0 0.232913 -0.349066 0 0.0101353 -17.7685 300.375 -49.793 0.106996 0.0288668 -0.0511058 -0.2784 -97.831 -20.7127 
-0.0799269 -0.207458 0.0570375 0.229021 -0.0751062 0.28028 0.102159 0.0159021 -0.0349337 0.103826 0.00499568 0 0.105482 -0.161929 0 0.0152962 0.246569 -0.349066 0 0.00253991 -17.4505 300.377 -49.8656 0.105683 0.0275175 -0.051826 -0.2784 -97.831 -20.7127 
-0.0768914 -0.206735 0.0441054 0.155802 -0.0749519 0.310398 0.0687941 0.015886 -0.0460183 0.104135 0.00495266 0 0.104929 -0.153495 0 0.00167107 0.246323 -0.349066 0 0.00258914 -17.45 300.376 -49.8651 0.105978 0.027528 -0.0518087 -0.2784 -97.831 -20.7127 
-0.083983 -0.197688 0.0132374 0.171393 -0.0749519 0.338382 0.0601732 0.015886 -0.05693 0.113034 0.00495266 0 0.0903357 -0.141131 0 0.00167107 0.246323 -0.349066 0 0.00258914 -17.45 300.376 -49.8651 0.105978 0.027528 -0.0518087 -0.2784 -97.831 -20.7127 
-0.0751823 -0.195474 0 0.0589641 -0.0751503 0.349066 0.0390323 0.015886 -0.0691802 0.118733 0.00405435 0 0.0654619 -0.135767 0 0.00167107 0.250706 -0.349066 0 0.00258914 -17.45 300.376 -49.8651 0.105978 0.027528 -0.0518087 -0.2784 -97.831 -20.7127 
-0.0996769 -0.184294 0 0.0186321 -0.0751503 0.349066 0.0276052 0.015886 -0.0755283 0.118733 0.00405435 0 0.0381783 -0.135767 0.00597429 0.00167107 0.261839 -0.349066 0 0.00258914 -17.45 300.376 -49.8651 0.105978 0.027528 -0.0518087 -0.2784 -97.831 -20.7127 
-0.120683 -0.16834 0 0.014627 -0.0704513 0.349066 0.00769415 0.00620413 -0.0798068 0.119443 0 0 0.0349808 -0.129597 0 0 0.271984 -0.349066 0 0.00282997 -17.4477 300.32 -49.9574 0.103668 0.0278867 -0.0516713 -0.2784 -97.831 -20.7127 
-0.124349 -0.159851 0 0.000666348 -0.0711365 0.349066 0.00988935 0.00201583 -0.0957927 0.12213 0 0 0.0325732 -0.132661 0 0 0.284237 -0.349066 0.00335203 0.00240351 -17.4315 300.193 -50.0831 0.103357 0.0266465 -0.0532204 -0.2784 -97.831 -20.7127 
-0.124439 -0.157285 0 0.000719151 -0.0712562 0.349066 0.0100992 0 -0.103616 0.119293 0 0 0.0325292 -0.132626 0 0 0.284775 -0.349066 0.00336358 0.00242835 -17.443 300.201 -50.0828 0.103664 0.0267385 -0.0535405 -0.2784 -97.831 -20.7127 
-0.123845 -0.156422 0 0.000651418 -0.0640548 0.349066 0.00134064 0 -0.0989664 0.121461 0 0 0.0400155 -0.135868 0 0 0.283833 -0.349066 0 0 -17.0022 300.149 -50.0434 0.10161 0.0266616 -0.0516983 -0.2784 -97.831 -20.7127 
