0.102709 0.128892 0.0664719 0 -0.102032 0.294249 0.00150099 0.0325905 -0.124758 0.0321285 0.119491 0 0.0516087 -0.134623 0.042003 0.0818387 0.333799 -0.349066 0.096164 0.00338904 -24.8545 267.569 -36.192 -0.0135752 0.0702159 -0.035338 0.0783997 -98.162 -19.083 
0.0166148 0.127284 0.109409 0.00596019 -0.102565 0.315116 0.029199 0.0169304 -0.164071 0.0374668 0.0962635 0.00870175 0.0505929 -0.129782 0.0429832 0.0719198 0.345384 -0.349066 0.0907019 0.300151 -24.5887 267.254 -36.0277 -0.0135752 0.0702159 -0.035338 0.0783997 -98.162 -19.083 
0.0136101 0.126715 0.11174 0.00635016 -0.107498 0.318288 0.0277259 0.01037 -0.166225 0.0378118 0.0971389 0.00352416 0.0505509 -0.1297 0.0334761 0.0638267 0.341767 -0.349053 0.0922554 0.321139 -24.4564 266.973 -35.9906 -0.0135752 0.0702159 -0.035338 0.0783997 -98.162 -19.083 
0.00726777 0.12523 0.112552 0.00716725 -0.107526 0.318785 0.0257982 0.0117779 -0.173709 0.0370685 0.0969268 0 0.0494638 -0.128074 0.0345338 0.0657722 0.340366 -0.349064 0.0936371 0.286343 -24.1023 266.7 -36.0176 -0.0135752 0.0702159 -0.035338 0.0783997 -98.162 -19.083 
0.00330987 0.128422 0.105639 0.000736092 -0.113054 0.322527 0.0416214 0.00574441 -0.17377 0.0452393 0.111483 0.00863253 0.0467355 -0.126543 0.0322952 0.0473191 0.365479 -0.349066 0.0843292 0.22831 -23.9335 266.467 -36.1102 -0.0135752 0.0702159 -0.035338 0.0783997 -98.162 -19.083 
0.00207461 0.127995 0.0967929 0.0674195 -0.111106 0.327275 0.0312809 0.00127182 -0.174444 0.0477927 0.112097 5.14628e-005 0.049081 -0.130224 0.0313666 0.033331 0.347871 -0.349066 0.0734822 0.0779259 -23.7213 266.254 -36.0889 -0.0135752 0.0702159 -0.035338 0.0783997 -98.162 -19.083 
0.000174211 0.126737 0.091554 0.0624927 -0.113541 0.330549 0.0302758 0.00097423 -0.174533 0.0467217 0.106872 0.000218087 0.0463751 -0.131864 0.0311609 0.01912 0.343885 -0.349066 0.0704014 0.0713371 -23.676 266.065 -35.9429 -0.0135752 0.0702159 -0.035338 0.0783997 -98.162 -19.083 
-0.00010532 0.126336 0.0906274 0.0622348 -0.121888 0.329944 0.0265648 0 -0.174522 0.0475807 0.107062 0 0.0466166 -0.133854 0.0202807 0.0178996 0.339654 -0.348875 0.0129599 0.0294874 -23.6328 265.992 -35.7174 -0.0135752 0.0702159 -0.035338 0.0783997 -98.162 -19.083 
-0.00528031 0.119895 0.0902572 0.0487065 -0.12825 0.332574 0.0264239 0 -0.174533 0.0493419 0.10942 0 0.0426119 -0.131831 0.015353 0.056888 0.344272 -0.349066 0.00261543 0.00583657 -23.5869 265.838 -35.4555 -0.0135752 0.0702159 -0.035338 0.0783997 -98.162 -19.083 
-0.00999929 0.121401 0.0898429 0.0473016 -0.129628 0.333371 0.0264008 9.00078e-005 -0.174533 0.0483074 0.106911 6.77574e-005 0.0394404 -0.130349 0.0105619 0.0564405 0.344698 -0.349066 0.001254 0.00584671 -23.5996 265.696 -35.3192 -0.0135752 0.0702159 -0.035338 0.0783997 -98.162 -19.083 
-0.0246991 0.119825 0.0970249 0.0490025 -0.134508 0.344749 0.0261781 8.30605e-005 -0.174533 0.0418239 0.1093 0.0619941 0.0417651 -0.132409 6.99061e-005 0.0447222 0.30944 -0.349066 0.000989987 0.0282196 -23.5542 265.592 -35.0006 -0.0135752 0.0702159 -0.035338 0.0783997 -98.162 -19.083 
-0.0338842 0.11502 0.0967232 0.0420516 -0.136365 0.345355 0.0134674 0.00575987 -0.170505 0.039428 0.0846259 0.0446657 0.0397378 -0.139822 1.78898e-006 0.0330714 0.302112 -0.349066 0.000521839 0.0826138 -23.3848 265.522 -34.2351 -0.0135752 0.0702159 -0.035338 0.0783997 -98.162 -19.083 
-0.0395491 0.114685 0.0959097 0.0385318 -0.134554 0.346977 0.0135257 0.00126225 -0.172029 0.0404758 0.0852809 0.0450641 0.0405634 -0.140725 2.00554e-007 0.0250079 0.290968 -0.349066 0.00195965 0.174682 -23.3249 265.473 -34.0707 -0.0135752 0.0702159 -0.035338 0.0783997 -98.162 -19.083 
-0.0387088 0.113325 0.0975612 0.0350407 -0.133449 0.348129 0.0171534 0.000742434 -0.173684 0.0403984 0.0720971 0.0426053 0.0354926 -0.138767 9.06259e-007 0.0174433 0.268326 -0.349066 0.000123753 0.104396 -23.2548 265.454 -34.0369 -0.0135752 0.0702159 -0.035338 0.0783997 -98.162 -19.083 
-0.0411422 0.113199 0.104372 0.0401845 -0.14324 0.348675 0.0175564 0.000198145 -0.174533 0.0451887 0.0928221 0.0465084 0.0309171 -0.131396 9.5162e-005 0.0193349 0.266932 -0.349066 0 0.00886437 -23.2636 265.415 -33.5113 -0.0135752 0.0702159 -0.035338 0.0783997 -98.162 -19.083 
-0.0427612 0.126495 0.127499 0.0417854 -0.141628 0.347905 0.0302278 0 -0.174533 0.0565207 0.114082 0.358483 0.0376681 -0.108324 5.47994e-005 0.130483 0.279213 -0.349066 0.000528097 0 -23.2633 265.382 -33.3992 -0.0135752 0.0702159 -0.035338 0.0783997 -98.162 -19.083 
-0.0317468 0.140568 0.139513 0.166572 -0.162131 0.34793 0.0744553 0.0503886 -0.162881 0.0486615 0.145991 0.882403 0.0172183 -0.0541463 0.0463501 0.207036 0.270693 -0.344739 0.0731757 0.0431486 -23.1804 265.366 -33.1419 -0.0135752 0.0702159 -0.035338 0.0783997 -98.162 -19.083 
-0.124465 0.108119 0.132445 0.253713 -0.0537297 0.26459 0.788333 0.118731 -0.164555 -0.00790384 0.430183 1.14683 0.111037 0.0468492 0.209502 0.582093 0.155053 -0.341337 0.230942 0.270649 -22.8981 265.373 -32.6687 -0.0135752 0.0702159 -0.035338 0.0783997 -98.162 -19.083 
-0.0854322 0.023937 0.000597504 0.720034 -0.173458 0.218972 1.09112 0.655511 -0.126889 0.0144795 0.7289 1.51172 0.191088 0.140163 0.52158 0.71896 0.376074 -0.28005 0.106107 0.428683 -22.8315 265.386 -32.2067 -0.0135752 0.0702159 -0.035338 0.0783997 -98.162 -19.083 
-0.150223 0.0435197 0.0631191 0.957993 -0.165131 0.3191 1.20896 0.948441 -0.0183873 0.108425 0.984744 1.3234 0.07765 0.116562 0.825574 0.98172 0.515325 -0.175286 0.255835 1.13625 -22.5119 265.52 -31.6671 -0.0135752 0.0702159 -0.035338 0.0783997 -98.162 -19.083 
-0.150256 0.0398213 0.0786545 1.01846 -0.174037 0.344133 1.26174 1.37476 -0.0171186 0.194702 1.14089 1.46396 0.0845119 0.141245 0.913497 1.1945 0.629683 -0.214842 0.163599 1.25244 -22.3 265.974 -31.1315 -0.0135752 0.0702159 -0.035338 0.0783997 -98.162 -19.083 
-0.0192895 0.0883891 0.108785 1.14245 -0.168027 0.34732 1.36135 1.30646 0.0276711 0.201932 1.40348 1.49906 0.0769923 0.215218 1.13939 1.29202 0.714986 -0.204932 0.128816 1.26202 -22.0122 266.402 -30.6062 -0.0135752 0.0702159 -0.035338 0.0783997 -98.162 -19.083 
-0.115389 0.199521 0.243995 1.43991 -0.173541 0.274132 1.67827 1.46326 -0.00436978 0.274097 1.70508 1.34977 0.0867081 0.293872 1.487 1.49257 0.674871 0.0284935 0.511505 1.48571 -21.9944 266.745 -27.3359 -0.0135752 0.0702159 -0.035338 0.0783997 -98.162 -19.083 
-0.112619 0.164794 0.352777 1.39889 -0.153727 0.269866 1.73434 1.43659 0.010195 0.233609 1.72749 1.43096 0.141169 0.302378 1.66009 1.44797 0.700009 0.0662348 0.667709 1.16042 -22.0778 267.032 -26.4407 -0.0135752 0.0702159 -0.035338 0.0783997 -98.162 -19.083 
-0.127586 0.165916 0.415354 1.43456 -0.128874 0.333266 1.74135 1.439 0.319933 0.258354 1.72626 1.47098 0.174684 0.318836 1.6824 1.49691 0.703264 0.0242861 1.11846 1.21641 -22.338 267.214 -26.4032 -0.0135752 0.0702159 -0.035338 0.0783997 -98.162 -19.083 
-0.120433 0.15944 0.544737 1.45252 -0.0112929 0.338909 1.69419 1.52148 0.353225 0.231955 1.74034 1.51474 0.162648 0.33206 1.71949 1.46457 0.575149 0.00331432 1.21121 1.23536 -22.3781 267.283 -26.402 -0.0135752 0.0702159 -0.035338 0.0783997 -98.162 -19.083 
-0.0693884 0.0335895 0.441978 1.41697 0.473266 0.312008 1.7318 1.44023 0.492619 0.332154 1.74478 1.39642 0.101696 0.327062 1.74153 1.24244 0.742095 0.036964 0.999278 1.43212 -22.6505 267.341 -26.4373 -0.0135752 0.0702159 -0.035338 0.0783997 -98.162 -19.083 
-0.0683291 -0.054439 0.435167 1.52147 0.674671 0.348745 1.70177 1.46909 0.646228 0.333591 1.73475 1.47475 0.475821 0.347085 1.70911 1.50816 0.933279 0.0412488 1.11979 1.30275 -22.907 267.371 -27.6591 -0.0135752 0.0702159 -0.035338 0.0783997 -98.162 -19.083 
-0.124723 0.0294335 0.675954 1.40554 0.629244 0.348989 1.57702 1.43903 0.794581 0.331439 1.74025 1.37453 0.795269 0.336173 1.7408 1.56008 0.991781 -0.0693366 1.48145 1.45995 -22.8977 267.431 -29.2418 -0.0135752 0.0702159 -0.035338 0.0783997 -98.162 -19.083 
0.291153 0.133962 0.524563 1.25564 0.82591 0.255556 1.6696 1.45772 0.893427 0.349066 1.74506 1.49514 0.789618 0.349066 1.74533 1.54184 0.810217 -0.176522 1.42971 1.36559 -25.4453 267.424 -29.3889 -0.0135752 0.0702159 -0.035338 0.0783997 -98.162 -19.083 
0.465738 0.033456 0.458498 1.30063 0.971826 0.234459 1.71314 1.49926 0.990605 0.348672 1.74533 1.47517 0.90151 0.335505 1.74533 1.55567 0.876812 -0.255851 1.63829 1.48676 -27.1012 266.995 -28.9755 -0.0135752 0.0702159 -0.035338 0.0783997 -98.162 -19.083 
0.566567 0.0891823 0.451062 1.34645 1.12708 0.232265 1.56829 1.47022 1.06607 0.326927 1.69144 1.35834 1.02846 0.342268 1.74364 1.50345 1.0424 -0.257841 1.68415 1.54502 -27.6593 266.26 -28.5414 -0.0135752 0.0702159 -0.035338 0.0783997 -98.162 -19.083 
0.559224 0.0683821 0.454066 1.34909 1.15882 0.2307 1.71509 1.4704 1.10449 0.324143 1.71001 1.37857 1.32029 0.34547 1.73707 1.53913 1.22197 -0.328502 1.66429 1.30272 -27.6724 265.851 -28.4051 -0.0135752 0.0702159 -0.035338 0.0783997 -98.162 -19.083 
0.56442 0.0801014 0.474924 1.37323 1.28214 0.236358 1.7322 1.51577 1.16666 0.328494 1.72931 1.42964 1.55436 0.346511 1.74388 1.44978 1.24043 -0.346427 1.66089 1.30723 -27.576 264.996 -28.3289 -0.0135752 0.0702159 -0.035338 0.0783997 -98.162 -19.083 
0.550871 0.0558095 0.516235 1.37773 1.27796 0.243399 1.73425 1.51227 1.19858 0.337192 1.74245 1.43776 1.55498 0.327145 1.73525 1.42955 1.20732 -0.347628 1.66995 1.33581 -27.5313 264.294 -28.1524 -0.0135752 0.0702159 -0.035338 0.0783997 -98.162 -19.083 
0.545124 0.060136 0.510102 1.37811 1.34566 0.246693 1.745 1.42072 1.20624 0.348001 1.74354 1.46118 1.56036 0.327076 1.74294 1.34084 1.21033 -0.348861 1.69173 1.38898 -27.3421 263.495 -27.9147 -0.0135752 0.0702159 -0.035338 0.0783997 -98.162 -19.083 
0.552755 0.056539 0.472899 1.38943 1.34637 0.242067 1.74293 1.42185 1.20519 0.348991 1.74517 1.51624 1.57079 0.340799 1.74508 1.31668 1.24053 -0.349065 1.74029 1.54694 -27.342 263.003 -27.2908 -0.0135752 0.0702159 -0.035338 0.0783997 -98.162 -19.083 
0.545521 0.0631238 0.438477 1.53999 1.37193 0.246986 1.74472 1.42659 1.2171 0.344801 1.74533 1.53725 1.56411 0.337145 1.74484 1.32292 1.2378 -0.349066 1.74533 1.54937 -27.4746 262.635 -26.7122 -0.0135752 0.0702159 -0.035338 0.0783997 -98.162 -19.083 
0.451288 0.0833197 0.465746 1.5708 1.45888 0.240716 1.74533 1.46167 1.21559 0.34865 1.74533 1.38793 1.56195 0.349066 1.74533 1.42968 1.5708 -0.349066 1.74533 1.55182 -28.1635 262.233 -26.098 -0.0135752 0.0702159 -0.035338 0.0783997 -98.162 -19.083 
0.458659 0.106582 0.480549 1.57075 1.4545 0.253225 1.74225 1.33094 1.24516 0.322079 1.70441 1.47937 1.43185 0.337515 1.74438 1.50965 1.57025 -0.349066 1.74519 1.22475 -26.6446 262.103 -26.7354 -0.0135752 0.0702159 -0.035338 0.0783997 -98.162 -19.083 
0.112253 -0.00804736 0.691286 1.23613 1.14504 0.25435 1.73508 1.45093 1.05257 0.264059 1.7109 1.40566 1.20012 0.33365 1.71005 1.43766 1.19014 -0.349066 1.70449 1.40449 -25.4094 262.026 -26.8974 -0.0135752 0.0702159 -0.035338 0.0783997 -98.162 -19.083 
0.161558 0.00653312 0.539302 1.34706 1.10154 0.283022 1.74524 1.49153 0.86571 0.333594 1.744 1.36928 1.0514 0.34568 1.73717 1.56442 1.2529 -0.311487 1.74075 1.46465 -24.6774 262.166 -26.8084 -0.0135752 0.0702159 -0.035338 0.0783997 -98.162 -19.083 
0.184025 0.00123669 0.333004 1.50818 0.881561 0.323685 1.71502 1.47278 0.698862 0.341596 1.74225 1.51026 0.467713 0.349052 1.72247 1.47066 1.21212 -0.331808 1.71276 1.49598 -23.9111 263.031 -25.9663 -0.0135752 0.0702159 -0.035338 0.0783997 -98.162 -19.083 
0.143006 0.015059 0.247192 1.40339 0.616639 0.325552 1.7442 1.5014 0.639565 0.340075 1.74523 1.53993 0.304682 0.240588 1.73307 1.38376 1.2529 -0.344126 1.74267 1.49123 -23.4498 263.989 -25.2689 -0.0135752 0.0702159 -0.035338 0.0783997 -98.162 -19.083 
0.155819 0.0282892 0.212129 1.43688 0.6142 0.338178 1.74529 1.51114 0.494329 0.344689 1.74533 1.55438 0.313788 0.271829 1.7376 1.45624 1.26138 -0.337097 1.74533 1.48261 -23.298 264.731 -25.0287 -0.0135752 0.0702159 -0.035338 0.0783997 -98.162 -19.083 
0.0656893 0.038335 0.255398 1.39853 0.602018 0.33546 1.74523 1.5341 0.368379 0.333637 1.66526 1.53726 0.296504 0.298027 1.72706 1.39628 1.07507 -0.287754 1.74517 1.39936 -22.7179 265.842 -23.6148 -0.0135752 0.0702159 -0.035338 0.0783997 -98.162 -19.083 
0.0935965 0.0686471 0.204602 1.43419 0.450639 0.29386 1.7452 1.51921 0.288415 0.344309 1.58781 1.53113 0.211367 0.30664 1.74095 1.42543 0.336292 -0.286072 1.7452 1.4521 -22.433 266.861 -22.4361 -0.0135752 0.0702159 -0.035338 0.0783997 -98.162 -19.083 
0.0149847 0.0452294 0.146489 1.47137 0.344049 0.30828 1.74531 1.5708 0.30592 0.34287 1.59495 1.55534 0.171791 0.339603 1.74533 1.50006 0.165885 -0.264863 1.74533 1.50184 -22.0944 267.812 -20.9195 -0.0135752 0.0702159 -0.035338 0.0783997 -98.162 -19.083 
-0.0289994 0.109832 0.25403 1.48546 0.196026 0.342491 1.69991 1.52419 0.131518 0.338194 1.6798 1.46469 -0.0304938 0.326819 1.74533 1.51818 -0.11191 -0.200945 1.634 1.38311 -21.1857 269.579 -21.4711 -0.0135752 0.0702159 -0.035338 0.0783997 -98.162 -19.083 
0.103928 0.125331 0.177969 1.34681 0.0939401 0.349066 1.74533 1.40849 -0.0296656 0.302685 1.70861 1.51614 -0.0846832 0.344261 1.58504 0.998436 -0.168123 -0.210178 1.74527 1.5708 -20.3577 271.513 -21.4306 -0.0135752 0.0702159 -0.035338 0.0783997 -98.162 -19.083 
-0.0701993 0.098443 0.157012 1.30086 -0.0361956 0.320629 1.70802 1.46764 -0.00992677 0.261364 1.33224 1.53439 -0.115203 0.278749 1.41553 0.848168 -0.11507 -0.0840573 1.74533 1.51802 -20.1792 272.571 -22.1071 -0.0135752 0.0702159 -0.035338 0.0783997 -98.162 -19.083 
-0.0497808 0.0566604 0.101686 1.32018 -0.113752 0.253756 1.66938 1.5234 -0.0943219 0.151031 1.28517 1.53957 -0.127787 0.27296 1.38989 0.777263 -0.154213 -0.0117737 1.70161 1.55056 -19.8987 273.123 -22.1112 -0.0135752 0.0702159 -0.035338 0.0783997 -98.162 -19.083 
-0.0707385 0.170901 0.262484 1.00454 -0.117595 0.264625 1.53674 1.56715 -0.112806 0.0928312 1.06128 1.42592 -0.143638 0.239923 0.998731 1.06125 -0.124492 -0.0156636 1.52653 1.51027 -19.3101 273.983 -22.3303 -0.0135752 0.0702159 -0.035338 0.0783997 -98.162 -19.083 
0.0304933 0.293577 0.380119 0.472869 -0.172876 0.325524 1.36317 1.56676 -0.174435 0.113942 0.92588 1.23196 -0.150744 0.261119 0.809844 1.14776 -0.165251 0.0112806 1.16185 1.34102 -18.9698 274.241 -22.4734 -0.0135752 0.0702159 -0.035338 0.0783997 -98.162 -19.083 
0.0383633 0.310875 0.420619 0.512127 -0.174486 0.34464 0.879665 1.5708 -0.173752 0.121679 0.870883 0.998127 -0.162158 0.226939 0.6235 1.15821 -0.172453 0.00717748 1.05055 0.63757 -18.7071 274.439 -22.68 -0.0135752 0.0702159 -0.035338 0.0783997 -98.162 -19.083 
0.0337764 0.282868 0.323044 0.50088 -0.174525 0.330256 0.755502 1.57024 -0.174445 0.156814 0.768614 1.09973 -0.173524 0.175492 0.568756 0.954424 -0.1556 -0.0468038 0.95283 0.376463 -18.4231 274.598 -22.7974 -0.0135752 0.0702159 -0.035338 0.0783997 -98.162 -19.083 
0.00607573 0.253519 0.31056 0.549681 -0.174529 0.283577 0.714272 1.56552 -0.0988608 0.129934 0.383518 1.32296 -0.160661 0.134229 0.539921 1.02531 -0.11943 -0.0749992 0.871132 0.233756 -18.1366 274.768 -22.8533 -0.0135752 0.0702159 -0.035338 0.0783997 -98.162 -19.083 
-0.00489272 0.263064 0.304621 0.632478 -0.162119 0.281838 0.459385 1.55751 -0.0948443 0.133738 0.377719 0.933009 -0.148269 0.122973 0.506779 0.720584 -0.118898 -0.0767858 0.881622 0.20363 -18.0602 274.821 -22.8529 -0.0135752 0.0702159 -0.035338 0.0783997 -98.162 -19.083 
0.0427686 0.224399 0.316892 0.559854 -0.169505 0.26772 0.421807 1.55456 -0.0841692 0.156052 0.289706 0.754409 -0.131481 0.0933301 0.356643 0.637653 -0.152888 -0.211355 0.947012 0.140333 -17.6654 274.897 -22.9844 -0.0135752 0.0702159 -0.035338 0.0783997 -98.162 -19.083 
0.0332616 0.234082 0.360341 0.574336 -0.170747 0.287914 0.375385 1.45192 -0.10626 0.138672 0.317408 0.736836 -0.120992 0.0469158 0.272616 0.672214 -0.0746433 -0.253592 0.833321 0.119035 -16.964 274.93 -23.1363 -0.0135752 0.0702159 -0.035338 0.0783997 -98.162 -19.083 
0.0323907 0.222284 0.343442 0.543219 -0.173907 0.310039 0.377706 1.17347 -0.130298 0.118585 0.333396 0.313791 -0.121491 0.0313564 0.226572 0.676728 -0.0772744 -0.308192 0.692007 0.117353 -16.4664 274.936 -23.5221 -0.0135752 0.0702159 -0.035338 0.0783997 -98.162 -19.083 
0.0567717 0.213832 0.324393 0.502306 -0.174528 0.321862 0.300864 1.13069 -0.172822 0.129839 0.307067 0.127898 -0.1291 0.0140046 0.193904 0.683847 -0.0836924 -0.343924 0.727177 0.0588563 -16.1736 274.884 -23.8352 -0.0135752 0.0702159 -0.035338 0.0783997 -98.162 -19.083 
0.0775566 0.222933 0.327053 0.494857 -0.174533 0.326369 0.286817 0.937429 -0.174339 0.127978 0.271929 0.121633 -0.118977 0.0100053 0.203511 0.557364 -0.0682403 -0.346858 0.700484 0.0653392 -16.0554 274.764 -23.9751 -0.0135752 0.0702159 -0.035338 0.0783997 -98.162 -19.083 
0.0904038 0.233909 0.337383 0.474465 -0.158265 0.33056 0.239997 0.867918 -0.160359 0.122438 0.191258 0.092416 -0.111931 -0.0118685 0.199618 0.531576 -0.0496328 -0.347659 0.674251 0.0623763 -15.9626 274.617 -24.0026 -0.0135752 0.0702159 -0.035338 0.0783997 -98.162 -19.083 
0.112037 0.254919 0.346403 0.466543 -0.1502 0.345649 0.19783 0.867274 -0.164796 0.108088 0.152805 0 -0.104074 -0.0235362 0.184148 0.570285 -0.0307537 -0.347349 0.644392 0.0384963 -15.8484 274.05 -24.3345 -0.0135752 0.0702159 -0.035338 0.0783997 -98.162 -19.083 
0.123805 0.257532 0.329039 0.417267 -0.155066 0.347064 0.20194 0.867586 -0.172516 0.107037 0.153547 0 -0.101881 -0.0300465 0.177795 0.570566 -0.0290778 -0.349066 0.65111 0.0344722 -15.7773 273.719 -24.4498 -0.0135752 0.0702159 -0.035338 0.0783997 -98.162 -19.083 
