0.19546 0.271448 0.118403 1.1786 0.175311 0.279589 0.199253 0 0.00199639 0.10292 0 0.646318 -0.0199733 -0.0412929 0.338902 0.264398 -0.124489 -0.349066 0.3332 1.23317 -8.55526 274.166 -15.0751 0.0157375 -0.106575 -0.00790593 -2.2549 -99.452 -10.209 
0.324615 0.195525 0.14922 0.0464661 0.202982 0.349066 0.0924327 0.00587003 0.0314865 0.110735 0.000132388 0.3033 -0.0174881 -0.0694587 0.285674 0.0636711 -0.0157542 -0.349066 0.0170564 1.35366 -7.89298 274.609 -15.4328 0.0203682 -0.110338 -0.0111774 -2.2549 -99.452 -10.209 
0.412035 0.151468 0.0803996 0 0.20046 0.340937 0 0.00973087 0.0266604 0.149283 0 0.260456 0.0228661 0.0149538 0.256159 0 0.0403482 -0.349066 0.311855 0 -7.8782 274.555 -15.2829 0.0252851 -0.102733 -0.0179147 -2.2549 -99.452 -10.209 
0.33468 0.168191 0.205537 0 0.237144 0.316986 0 0 0.021349 0.121533 0.136281 0 0.130286 -0.0123757 0 0 0.24882 -0.349066 0 0 -8.13744 276.964 -16.8245 0.025598 -0.0817813 -0.00842285 -2.2549 -99.452 -10.209 
0.309711 0.191652 0.209492 0 0.213549 0.330688 0 0 -0.00557724 0.130895 0.145327 0.182797 0.138736 0.0174114 0 0 0.250502 -0.349066 0 0 -7.10061 277.503 -17.6269 0.027978 -0.0784173 -0.0121722 -2.2549 -99.452 -10.209 
0.323788 0.167559 0.234413 0.0106259 0.209864 0.322971 0 0 0.021296 0.133814 0.142286 0.0479246 0.122759 0.00367562 0 0 0.253169 -0.349066 0 0 -7.13777 277.631 -17.6316 0.0282132 -0.0787495 -0.01005 -2.2549 -99.452 -10.209 
0.158417 0.129276 0.341767 0 0.0110093 0.320793 0.257018 0 -0.0585817 0.152646 0.214766 0 0.0550112 0.0110175 0.0175014 0.166484 0.278319 -0.349066 0.00715195 0.013915 -7.92899 278.981 -22.3402 0.0518294 -0.00303547 -0.0209765 -2.2549 -99.452 -10.209 
0.115164 0.0786627 0.279709 0 0.0126136 0.31372 0.229272 0 -0.0604566 0.0846765 0.198433 0.00667643 0.0703506 0.0116105 0.0311927 0 0.304209 -0.341856 0.00231297 0.0172573 -8.30992 279.505 -21.6639 0.0655793 0.00413239 -0.016795 -2.2549 -99.452 -10.209 
0.175523 0.142807 0.268123 0.0824702 0.0706106 0.305062 0.0995713 0 -0.0683109 0.114438 0.0934571 0.234621 0.111857 0.0195662 0 0 0.307583 -0.343316 0 0 -7.63849 279.383 -21.3118 0.0661653 0.00390478 -0.0100287 -2.2549 -99.452 -10.209 
0.190535 0.187869 0.249395 0.319174 0.051514 0.349066 0.0407932 0.00940692 -0.0729757 0.170843 0.0551251 0.200151 0.0497391 0.0269658 0 0.000625351 0.27208 -0.343956 0 0 -7.14608 279.581 -21.1987 0.0841793 0.0124324 -0.0147525 -2.2549 -99.452 -10.209 
0.277702 0.185295 0.0514649 0.527665 -0.00774232 0.349066 0.0472282 0.129304 -0.116343 0.16378 0.104512 0.278468 0.0396165 0.00667176 0.0405414 0 0.289782 -0.349066 0.00648916 0.0120815 -7.70366 279.654 -24.436 0.0850509 0.0641107 -0.00578512 -2.2549 -99.452 -10.209 
0.295281 0.231508 0.0240091 0.561859 -0.0532003 0.349066 0.146108 0.182812 -0.174134 0.171514 0.184541 0.466087 0.0217117 0.041258 0.00917723 0 0.269717 -0.343038 0.0408016 0.0345984 -7.25314 278.374 -29.7895 0.0844971 0.0771213 -0.00983832 -2.2549 -99.452 -10.209 
0.209115 0.267482 0.211045 0.103889 -0.174533 0.349066 0.879985 0.0113452 -0.171133 0.252544 0.212675 0.507367 0.0743098 0.123337 0 0 0.336726 -0.259622 0.0150468 0.0794849 -7.45879 275.936 -42.2844 0.0650799 0.120351 -0.020555 -2.2549 -99.452 -10.209 
0.362068 0.148217 0.339694 0.0901439 -0.16919 0.207018 1.16126 0.00027334 -0.171626 0.0878254 0.270329 0.405897 -0.0313154 -0.000376809 0.0417557 0.137071 0.24411 -0.349066 0 0.0265867 -12.4228 278.296 -45.2904 0.115685 0.0549841 0.103565 -2.2549 -99.452 -10.209 
0.356455 0.13139 0.346416 0.260361 -0.174533 0.290158 1.25671 0.128663 -0.165052 0.127832 0.183973 1.03453 -0.0910278 0.044926 0.210015 0 0.130794 -0.33474 0.294401 0.0400359 -14.4248 278.471 -49.4791 0.133825 0.0889655 0.0982252 -2.2549 -99.452 -10.209 
0.433401 0.106139 0.315585 0.444799 -0.174533 0.349066 1.39938 0 -0.164333 0.181444 0.120062 1.46185 -0.112017 0.103251 0.275947 0.0129099 0.127636 -0.339624 0.357398 0 -14.6974 278.374 -52.4881 0.133249 0.10713 0.0941818 -2.2549 -99.452 -10.209 
0.997272 0.0721481 0.0799451 0.649118 -0.0653293 0.34824 1.49955 0 -0.166159 0.270526 0.101215 1.5708 -0.174533 0.163952 0.238772 0 -0.174533 -0.312208 0.0871257 0.502235 -12.7223 281.919 -56.754 0.212841 -0.115416 0.0636398 -2.2549 -99.452 -10.209 
1.10686 0.0244255 0.00213247 0.280902 -0.0887779 0.328084 1.56362 0 -0.117879 0.183161 0.0271474 1.42911 -0.076493 0.130589 0 0.218286 -0.0762872 -0.3378 0.0802539 0.46312 -14.3327 282.689 -63.0075 0.219745 -0.0829806 0.110659 -2.2549 -99.452 -10.209 
1.01102 -0.0210044 0.0686615 0.203278 -0.174533 0.341415 1.68656 0.000114487 -0.171706 0.171632 0 0.922358 -0.165799 0.0619418 0.0963277 0 -0.0718445 -0.349066 0.141883 0.419647 -14.9148 281.725 -63.9078 0.26916 -0.00888288 0.155968 -2.2549 -99.452 -10.209 
0.811871 0.00512915 0.154371 0.434133 0.0210388 0.349066 1.74313 0.0742587 -0.164895 0.192063 0.0549732 1.17154 -0.136525 0.0678324 0.283227 0.0209074 0.0635537 -0.318176 0.256096 0.0556923 -16.0955 279.037 -69.2836 0.226265 0.0198464 0.145152 -2.2549 -99.452 -10.209 
0.730772 0.0741407 0.304674 0.632277 0.318034 0.34769 1.65349 0 -0.115062 0.23194 0.130117 1.47703 -0.174533 0.130149 0.410435 0.0841898 0.111197 -0.349066 0.368036 0.0967008 -15.4832 278.076 -70.1835 0.176342 -0.00598495 0.157307 -2.2549 -99.452 -10.209 
0.805133 0.102974 0.489658 0.0273412 0.599148 0.233222 1.52 0 -0.0757202 0.226046 0.271828 1.19833 -0.145719 0.109102 0.389237 0.0816335 0.196189 -0.349066 0 0.385318 -15.6007 277.768 -70.9421 0.147454 -0.0646939 0.190421 -2.2549 -99.452 -10.209 
0.766782 0.135055 0.671596 0 0.834009 0.23139 1.2453 0.0280307 0.0438911 0.195295 0.505168 0.602562 -0.136078 0.00680275 0.651634 0.174795 0.2789 -0.349045 0.142228 0.295766 -14.0616 278.024 -73.3796 0.0714435 -0.0802987 0.256054 -2.2549 -99.452 -10.209 
0.864718 0.171999 0.667467 0.27739 0.995367 0.231303 1.0646 0 0.0456461 0.189184 0.572557 1.5708 -0.0940803 -0.0648549 0.688651 0.0909108 0.3596 -0.349066 0.130043 0.682609 -15.0373 275.652 -73.9878 0.0548738 -0.0371505 0.255393 -2.2549 -99.452 -10.209 
1.02676 -0.20944 0 0.635908 1.21585 0.125377 0.808971 0.23699 0.249201 0.0915137 0.156519 1.31969 0.0336163 -0.0682001 0.900309 0.150791 0.494083 -0.347966 0.0306776 0.397994 -14.9561 274.227 -72.1583 -0.00564828 -0.111713 0.266088 -2.2549 -99.452 -10.209 
0.798179 -0.181785 0.261961 0.338576 1.16951 0.17861 0.840671 0.205204 0.327145 0.0903338 0.0799471 1.15815 0.0189134 -0.106782 0.875565 0.00603233 0.554877 -0.34897 0 0.0677438 -14.1724 274.248 -71.6784 -0.0154956 -0.101912 0.271212 -2.2549 -99.452 -10.209 
