0.0258957 0.0159425 0 0.0221931 -0.139016 0.349066 0.0945303 0.00747794 -0.141741 0.109479 0.139858 0.169393 0.0373079 -0.0691717 0 0 0.329232 -0.349066 0 0 -34.4514 310.481 -45.8407 0.0255529 0.0979344 -0.0977515 -5.4316 -98.018 -19.0519 
-0.0326901 -0.00319969 0.00665051 0.163025 -0.157928 0.349066 0.0940748 0.109513 -0.161997 0.0841007 0.0838016 0.0454032 -0.00770443 -0.0537541 0.00833161 0 0.221867 -0.344622 0 0.0100974 -34.1076 311.044 -49.2776 0.0515548 0.0632568 -0.0800299 -5.4316 -98.018 -19.0519 
-0.0654219 -0.00757545 0 0.196786 -0.158156 0.349066 0.0923951 0.105023 -0.162389 0.0823224 0.0774126 0.0453877 -0.00865941 -0.0360877 0.00839348 0 0.213192 -0.349066 0 0.00996826 -34.136 311.018 -49.2724 0.052243 0.0628663 -0.0794109 -5.4316 -98.018 -19.0519 
-0.0687201 -0.00608633 0 0.181001 -0.157811 0.349066 0.0846535 0.0336356 -0.165894 0.0814895 0.0775847 0.0885474 -0.0158026 -0.0340517 0.00579576 0 0.224035 -0.349066 0 0 -34.0855 311.092 -49.133 0.0523323 0.0632631 -0.0792968 -5.4316 -98.018 -19.0519 
-0.0741485 -0.0176534 0 0.15001 -0.159767 0.349066 0.0801588 0 -0.170418 0.0794252 0.0776264 0.0149128 -0.0176249 -0.05238 0.00200204 0 0.232064 -0.349066 0.015075 0 -34.0759 311.047 -49.1456 0.0559175 0.0637375 -0.0772046 -5.4316 -98.018 -19.0519 
-0.0741485 -0.0220473 0 0.15001 -0.169107 0.349066 0.0209601 0 -0.174533 0.0701092 0.0767189 0.0149128 0.00689424 -0.086521 0.0155159 0.100672 0.295572 -0.349066 0.0105712 0 -34.0759 311.047 -49.1456 0.0559175 0.0637375 -0.0772046 -5.4316 -98.018 -19.0519 
-0.0693713 -0.037868 0 0.0931503 -0.174533 0.349066 0 0 -0.174533 0.0453846 0.0730551 0 0.056805 -0.129248 0.0149706 0.0688139 0.363033 -0.349066 0 0 -34.0795 311.039 -49.0914 0.0549637 0.0658884 -0.0766597 -5.4316 -98.018 -19.0519 
-0.0640069 -0.0393711 0 0.0881088 -0.174533 0.343403 0 0 -0.170702 0.0226119 0.0992082 0 0.16145 -0.16303 0.0255509 0.299225 0.365842 -0.349066 0.312913 0 -34.069 311.051 -49.0923 0.0549421 0.0617039 -0.0768064 -5.4316 -98.018 -19.0519 
-0.0329421 -0.0414685 0 0 -0.174533 0.303183 0 0 -0.167488 0.000802459 0.285422 0.197785 0.267702 -0.2293 0.128456 0.0960706 0.354045 -0.349066 0.6119 0.543067 -32.9201 310.924 -48.8214 0.040397 0.0518138 -0.0795963 -5.4316 -98.018 -19.0519 
-0.129649 0.188941 0.45988 0 -0.148485 0.348674 0.0792746 0.293171 -0.1475 0.21665 0.74744 0.351614 0.305895 -0.125163 0.698537 0.099464 0.0116859 -0.27012 1.33279 0.044807 -35.6373 309.44 -51.3209 0.036741 -0.0767357 -0.195697 -5.4316 -98.018 -19.0519 
-0.17156 0.0957123 0.306987 0.200674 -0.174533 0.322196 0.177931 0.434647 -0.0754662 0.347703 0.966001 0.0143055 0.596532 0.00330478 0.796352 0 0.0983645 -0.246592 1.67963 0 -46.222 314.337 -50.5073 0.0264918 -0.0434801 -0.249597 -5.4316 -98.018 -19.0519 
-0.00492891 -0.0149336 0.0789836 0.304452 -0.174533 0.348936 0.306457 0.175272 -0.0735084 0.349066 1.17292 1.13663 0.460901 0.11261 1.63574 0 -0.0444771 -0.088116 1.74533 0.687724 -51.6302 317.865 -54.8237 0.0752593 -0.0839922 -0.324639 -5.4316 -98.018 -19.0519 
0.0229539 -0.178567 0 0 -0.154882 0.30483 0.352106 0.591194 -0.0839572 0.349066 1.54386 0.550818 0.418208 0.0966874 1.70514 0.00387317 -0.166523 -0.0260398 1.74533 0.778536 -51.1867 317.422 -55.7476 0.116564 -0.0901698 -0.333346 -5.4316 -98.018 -19.0519 
-0.174533 -0.163395 0.102734 0 -0.16977 0.347608 0.614081 0.728076 0.15117 0.349066 1.284 0.0577642 0.396507 0.176773 1.74533 1.15999 -0.174533 0.0757748 1.74533 1.54649 -49.4487 317.549 -56.0396 0.178201 -0.062377 -0.345966 -5.4316 -98.018 -19.0519 
-0.174533 -0.165266 0.0772462 0 -0.174533 0.343829 1.19452 0 0.150627 0.331849 1.25371 0.00686871 0.486884 0.273045 1.74533 1.5708 -0.174533 0.086606 1.74533 1.53494 -42.0489 318.109 -58.075 0.186652 -0.0757811 -0.320311 -5.4316 -98.018 -19.0519 
-0.153415 -0.151675 0.00525002 0.0350813 -0.174533 0.339156 1.58093 0 0.184782 0.346454 0.880224 0.472673 0.446805 0.275888 1.74533 1.4383 -0.173724 0.183398 1.74533 1.33283 -40.378 325.294 -60.3627 0.224757 0.0270665 -0.281276 -5.4316 -98.018 -19.0519 
-0.172821 -0.121393 0.000598453 0.0344575 -0.144854 0.34885 1.32438 0.129578 0.275848 0.349066 0.810305 0.0817584 0.173756 0.325274 1.74438 1.5708 -0.164376 0.349066 1.74533 1.5708 -36.4113 326.035 -59.7734 0.265695 0.100839 -0.286979 -5.4316 -98.018 -19.0519 
-0.174533 -0.0482391 0.0442267 0 -0.0272285 0.349066 1.23568 0 0.415722 0.186698 0.644677 0 -0.0539447 0.269441 1.51416 1.5708 -0.174533 0.349066 1.74533 1.5708 -37.2719 326.992 -43.1155 0.294738 0.114056 -0.286955 -5.4316 -98.018 -19.0519 
-0.10557 -0.0506081 0 0.00318536 0.0247647 0.348597 0.903177 1.5708 0.391532 0.138124 0.142919 0.751744 -0.0731609 0.00431502 1.38271 1.5708 -0.17452 0.324071 1.74533 1.5708 -35.0342 325.219 -42.9621 0.28785 0.114214 -0.286335 -5.4316 -98.018 -19.0519 
-0.0560473 0.0323418 0 0.220009 0.0047534 0.349045 1.08549 1.56612 0.241256 0.184093 0.0611357 1.08158 -0.110136 -0.1621 1.15193 1.5708 -0.174533 0.322124 1.65657 1.5703 -35.294 323.692 -39.5699 0.255275 0.0438248 -0.335955 -5.4316 -98.018 -19.0519 
-0.153025 0.0506462 0.170275 0.303905 -0.0980347 0.349066 1.01554 1.57075 0.0739601 0.114089 0.203574 1.5708 -0.114281 -0.322806 0.861675 1.39817 -0.174533 0.0734328 1.74486 1.56143 -33.9963 326.647 -41.5654 0.240134 0.0480909 -0.297666 -5.4316 -98.018 -19.0519 
-0.121769 -0.027203 0.172715 0.821941 -0.174533 0.348954 0.381906 1.5649 -0.136196 0.123916 0.459528 1.5708 -0.00036425 -0.349066 0.557419 1.5708 -0.174533 0.0193496 1.73835 1.56178 -31.9109 325.046 -36.9911 0.23369 0.0881188 -0.294275 -5.4316 -98.018 -19.0519 
0.0267027 -0.163899 0.0782725 0.706853 -0.174244 0.347797 0.0209153 1.10887 -0.117856 0.105712 0 1.5708 0.0699847 -0.345249 0.407919 1.5708 -0.174533 -0.044327 1.74533 1.57076 -32.7584 324.724 -36.3722 0.205723 0.0593934 -0.314412 -5.4316 -98.018 -19.0519 
