-0.16114 0.111451 0.198964 0.0462532 -0.163179 0.349066 0.00141334 0.00486078 -0.117758 0.0415304 0 0.271812 0.0805152 0.0309369 0 0.148304 0.493561 -0.32398 0 0 -29.1186 267.152 -54.5569 0.0219408 0.183576 -0.0366753 2.6251 -98.135 -19.0423 
-0.170483 0.0927713 0.21332 0 -0.174533 0.335703 0 0.00160151 -0.164632 0.0620495 0 0.324601 0.0267509 -0.0313543 0.00374283 0 0.393461 -0.349066 0.0560993 0 -28.156 268.659 -54.6667 0.057414 0.154841 -0.0178188 2.6251 -98.135 -19.0423 
-0.174485 0.0780663 0.136123 0.102987 -0.174533 0.329966 0 0.0015182 -0.174533 0.0651084 0.0183908 0.271465 0.0078852 -0.0570033 0 0 0.382821 -0.349066 0.00703671 0 -28.143 268.708 -54.7053 0.0609098 0.149344 -0.0160489 2.6251 -98.135 -19.0423 
-0.174489 0.0779411 0.12564 0.105281 -0.174533 0.32996 0 0.00152612 -0.174533 0.0650591 0.0183915 0.274253 -0.000558281 -0.0570573 0 0 0.381409 -0.349066 0 0 -28.1427 268.711 -54.7082 0.060956 0.149298 -0.0160415 2.6251 -98.135 -19.0423 
-0.174489 0.0779411 0.12564 0.105281 -0.174533 0.32996 0 0.00152612 -0.174533 0.0751545 0 0.274253 -0.0120856 -0.0470039 0 0 0.370046 -0.349066 0 0 -28.1427 268.711 -54.7082 0.060956 0.149298 -0.0160415 2.6251 -98.135 -19.0423 
-0.17452 0.0940153 0.157767 0.156283 -0.174533 0.340955 0 0.000170333 -0.174533 0.0816628 0 0.187167 -0.0333554 -0.0389268 0.000389569 0 0.340317 -0.349066 0.00458361 0 -28.1617 268.786 -54.6958 0.0635973 0.128375 -0.0181968 2.6251 -98.135 -19.0423 
-0.174533 0.0972952 0.155148 0.184598 -0.174533 0.349066 8.4413e-005 0.000258421 -0.174408 0.08413 0 0.135483 -0.0462135 -0.0322661 0.00038829 0 0.31587 -0.349066 0 0.000423363 -28.1365 268.774 -54.676 0.0636784 0.128032 -0.0183995 2.6251 -98.135 -19.0423 
-0.17452 0.0846717 0.13978 0.160692 -0.174533 0.349066 5.68636e-005 0.000174082 -0.174498 0.092761 0 0.122508 -0.0492638 -0.0264948 0.000120435 0.00328346 0.28625 -0.349066 0.0193803 0.000116351 -28.0311 269.111 -54.7054 0.0631341 0.133638 -0.0162779 2.6251 -98.135 -19.0423 
-0.17335 0.0849252 0.116469 0.11405 -0.174533 0.34652 4.95866e-005 0 -0.15347 0.0830215 0 0.131537 -0.0235278 -0.0239258 0.000119122 0.00216281 0.274943 -0.349066 0.0427577 0.000101461 -28.1429 269.968 -54.0027 0.0524184 0.138343 -0.0137477 2.6251 -98.135 -19.0423 
-0.174533 0.0630239 0.10862 0.170115 -0.174533 0.348563 0 0 -0.174533 0.0791446 0.0387034 0 -0.0301589 -0.0187616 0 0 0.269839 -0.349066 0.00132585 0.0329425 -28.3396 270.61 -53.774 0.0578919 0.137167 -0.0173448 2.6251 -98.135 -19.0423 
-0.174533 0.0576748 0.106004 0.20084 -0.174533 0.348862 0 0 -0.17453 0.0755028 0.0514898 0 -0.0222402 -0.02141 0.00338022 0 0.290587 -0.349066 0.02124 0 -28.2664 270.735 -53.6145 0.0553819 0.137875 -0.0165103 2.6251 -98.135 -19.0423 
-0.169714 0.0642639 0.110306 0.223387 -0.174533 0.349066 0 0 -0.174533 0.07162 0.0297296 0 -0.0278818 -0.0151449 0.0482138 0.0932469 0.318318 -0.349066 0.0310747 0 -28.2571 271.087 -53.6233 0.0582242 0.138283 -0.0172778 2.6251 -98.135 -19.0423 
-0.157142 0.0763212 0.118883 0.223387 -0.174533 0.349066 0 0 -0.174533 0.07162 0.0297296 0 -0.0264842 -0.0151449 0.128391 0.252216 0.32002 -0.346892 0.0981861 0.0937538 -28.2571 271.087 -53.6233 0.0582242 0.138283 -0.0172778 2.6251 -98.135 -19.0423 
-0.139691 0.0907329 0.118883 0.290449 -0.174533 0.349066 0 0 -0.174533 0.07162 0.0551822 0 0.0541677 -0.00864055 0.0380042 0.596704 0.330165 -0.332147 0.271113 0 -28.2571 271.087 -53.6233 0.0582242 0.138283 -0.0172778 2.6251 -98.135 -19.0423 
-0.152894 0.11658 0.138329 0.43394 -0.174533 0.349066 2.67282e-005 0 -0.170099 0.069341 0.0599796 0.103742 0.0503746 0.00191659 0.238372 0.532071 0.33225 -0.302979 0.33675 0.00311913 -28.2672 271.096 -53.5119 0.0577623 0.139248 -0.016862 2.6251 -98.135 -19.0423 
-0.129868 0.124894 0.150433 0.436159 -0.174533 0.349066 2.77315e-005 0 -0.167366 0.0696155 0.0701742 0.143242 0.091611 0.03021 0.252664 0.67506 0.343122 -0.26943 0.39365 0.00624345 -28.2702 271.099 -53.5131 0.0577424 0.139288 -0.0168962 2.6251 -98.135 -19.0423 
-0.105074 0.118718 0.239015 0.233143 -0.167829 0.349066 2.45056e-005 0.00106338 -0.154893 0.0588454 0.0249159 0.152583 0.127987 0.0604859 0.592281 0.232727 0.384605 -0.229318 0.28115 0 -28.1939 271.092 -54.3737 0.0587642 0.141286 -0.0189524 2.6251 -98.135 -19.0423 
-0.0905305 0.117441 0.244306 0.215849 -0.172466 0.349066 0 0.00260302 -0.154025 0.058208 0.0112517 0.227266 0.209668 0.117055 0.81488 0.00226828 0.410951 -0.181958 0.341517 0.187371 -28.4683 271.19 -53.6094 0.0648377 0.151383 -0.0199421 2.6251 -98.135 -19.0423 
-0.0376585 0.115423 0.189213 0.342197 -0.174533 0.343838 0 0.0101413 -0.16979 0.0612869 0.00715297 0.337918 0.203685 0.11299 1.04913 0.00524024 0.299608 -0.130046 0.646785 0.115456 -28.5085 271.119 -53.2099 0.0872955 0.147985 -0.013491 2.6251 -98.135 -19.0423 
-0.0156816 0.132308 0.208474 0.34737 -0.174533 0.346464 0.00971572 0.00907716 -0.169453 0.0777332 0.0337401 0.36715 0.241699 0.127021 1.03931 0.0127344 0.274558 -0.0480717 0.915534 0 -28.577 271.281 -53.0588 0.0921582 0.152835 -0.0195606 2.6251 -98.135 -19.0423 
-0.12776 0.192584 0.464657 0.0380431 -0.174533 0.342546 0.0142063 0.0238413 -0.166467 0.112898 0.0523918 0.479597 0.250561 0.14437 1.16185 0 0.277812 0.0911045 0.77999 0 -28.7053 270.926 -53.5658 0.0958736 0.162752 -0.0216247 2.6251 -98.135 -19.0423 
-0.102621 0.21741 0.462516 0.347025 -0.16624 0.349066 0.0486977 0.114446 -0.132253 0.120861 0.150327 0.0913696 0.302339 0.271748 1.17919 0.206904 0.306974 0.349066 0.763162 0 -28.244 270.948 -53.525 0.0886579 0.161236 -0.0184913 2.6251 -98.135 -19.0423 
-0.0976902 0.203656 0.472267 0.468626 -0.16728 0.349066 0.0419751 0.13066 -0.1205 0.112539 0.122907 0.0666324 0.453882 0.324643 1.09156 0 0.364035 0.349066 0.376703 1.39817 -28.2474 270.857 -53.7617 0.0877034 0.154172 -0.0205418 2.6251 -98.135 -19.0423 
-0.0943116 0.201506 0.492312 0.535493 -0.16765 0.349066 0 0.129228 -0.120252 0.112611 0.121854 0.0661938 0.48529 0.324326 1.05841 0 0.324547 0.349066 0.791415 1.50924 -28.2507 270.858 -53.7633 0.0876842 0.154475 -0.020475 2.6251 -98.135 -19.0423 
-0.0910102 0.203941 0.575979 0.329411 -0.174533 0.349066 0 0.0240005 -0.122413 0.11182 0.118665 0.0544346 0.50685 0.323548 1.0421 0 0.330089 0.349066 1.11171 1.37347 -28.1804 270.752 -53.7252 0.089068 0.150544 -0.0207407 2.6251 -98.135 -19.0423 
-0.0602961 0.165621 0.56025 0.651167 -0.174533 0.349066 0 0.0176295 -0.131685 0.0760735 0.1085 0.0527739 0.599616 0.3029 0.910234 0 0.34819 0.349066 1.34312 0.735133 -28.9386 270.594 -53.8843 0.0935997 0.15217 -0.0130642 2.6251 -98.135 -19.0423 
-0.107383 0.137363 0.775711 0.828191 -0.174533 0.349066 0.0100095 0 -0.142539 0.0812613 0.136529 0.201692 0.669925 0.349066 0.749203 0 0.446737 0.349066 1.29485 1.05805 -30.1868 270.566 -53.92 0.0947032 0.147896 -0.0128169 2.6251 -98.135 -19.0423 
-0.059637 0.118159 0.866234 0.966316 -0.174533 0.349066 0.00120095 0 -0.126292 0.073774 0.0662777 0.26529 0.732215 0.349066 0.63754 0 0.456139 0.349066 1.42211 1.09735 -30.2946 270.563 -53.9734 0.100358 0.148785 -0.0137505 2.6251 -98.135 -19.0423 
0.0627919 0.100383 0.913675 1.04392 -0.174533 0.347572 0 0.0782354 -0.135335 0.0701984 0.103633 0.239235 0.758469 0.349066 0.630206 0 0.437828 0.349066 1.58133 1.10469 -30.2495 270.347 -53.8619 0.109576 0.135852 -0.0224413 2.6251 -98.135 -19.0423 
0.11209 0.039788 0.978409 1.17007 -0.172736 0.347547 0 0.0267036 -0.0911194 0.0507339 0.119133 0.31576 0.815057 0.346559 0.561984 0 0.53868 0.349066 1.6174 0.884377 -29.3901 270.539 -53.5738 0.105438 0.136642 -0.0244517 2.6251 -98.135 -19.0423 
0.237064 -0.0335966 0.950323 1.32714 -0.174133 0.348306 0 0.00413879 -0.0360119 0.120694 0.108689 0.286746 0.89293 0.349066 0.466112 0 0.533483 0.349066 1.69477 1.32248 -29.8201 270.349 -53.9732 0.0918375 0.149268 -0.0274441 2.6251 -98.135 -19.0423 
0.283591 -0.123114 1.04715 1.38801 -0.174533 0.348747 0.0871272 0.470587 -0.0382211 0.112291 0.108548 0.0401426 1.01646 0.334222 0.34199 0 0.350765 0.349066 1.74533 1.0727 -30.1465 268.276 -53.2709 0.0832285 0.148279 -0.0385579 2.6251 -98.135 -19.0423 
0.315832 -0.145038 1.0922 1.54117 -0.174533 0.348717 0.0247228 0.470853 -0.0345483 0.0574033 0.108892 0.0343062 1.0093 0.332846 0.34125 0 0.351688 0.349066 1.74533 0.713683 -30.1405 268.266 -53.2623 0.0836611 0.14743 -0.0382612 2.6251 -98.135 -19.0423 
0.603831 -0.145462 0.62481 1.56676 -0.158125 0.348167 0 0.150742 -0.148164 -0.0314232 0.176843 0.20756 0.715632 0.349066 0.572345 0.605956 0.430368 0.313156 1.44437 1.5708 -30.5243 267.624 -54.9703 0.0955806 0.259948 -0.0519117 2.6251 -98.135 -19.0423 
0.706575 -0.20944 0.5655 1.28944 -0.1647 0.324457 0 0.213825 -0.0635648 -0.11702 0.281588 0 0.685974 0.262035 0.043957 0.434902 0.61451 0.322025 1.41319 0.963855 -30.9209 267.896 -53.8637 0.100895 0.258226 -0.0562843 2.6251 -98.135 -19.0423 
0.776936 -0.20944 0.614624 1.04969 -0.174533 0.349066 0 0 -0.0665998 -0.104948 0.275658 0 0.694674 0.219621 0.0520111 0.461577 0.741193 0.349066 1.74533 0 -30.905 267.964 -53.8584 0.10157 0.259936 -0.0549296 2.6251 -98.135 -19.0423 
