0.073348 0.291262 0.369735 0.0539113 0.026631 0.349066 0 0.124273 -0.0845011 0.159076 0.0713461 0.12998 0.135283 0.0237893 0 0 0.346791 -0.349066 0 0.0158958 -26.5931 272.151 -39.6536 0.000605687 -0.0137112 -0.139426 0.0783997 -98.162 -19.083 
0.0933241 0.240644 0.211343 0.0551277 -0.122485 0.349066 0.0261043 0 -0.16393 0.172431 0 0.0682978 -0.0160446 -0.0123925 0 0 0.204615 -0.349066 0 0 -26.5276 272.128 -39.6774 0.0782674 -0.0139219 -0.139396 0.0783997 -98.162 -19.083 
0.109172 0.226639 0.153603 0.0551277 -0.122485 0.349066 0 0 -0.16393 0.172431 0 0.0682978 -0.0338809 -0.0208817 0 0 0.204615 -0.349066 0 0 -26.5276 272.128 -39.6774 0.0782674 -0.0139219 -0.139396 0.0783997 -98.162 -19.083 
0.0994341 0.218355 0.159931 0.0179573 -0.123895 0.349059 0 0 -0.171248 0.162558 0.0454378 0.0949502 -0.0352717 -0.0212289 0 0 0.226227 -0.349066 0 0 -26.732 272.129 -39.9614 0.0717002 -0.00238672 -0.136182 0.0783997 -98.162 -19.083 
0.118703 0.218405 0.163253 0 -0.117046 0.349066 0.0108961 0.040439 -0.161773 0.162223 0.0131506 0.305983 -0.0306518 -0.0114942 0 0 0.227389 -0.349066 0 0 -26.2506 272.029 -40.4241 0.0640982 -0.00605833 -0.135272 0.0783997 -98.162 -19.083 
0.127831 0.209749 0.163253 0 -0.117046 0.349066 0.0108961 0.040439 -0.161773 0.15774 0.0131506 0.305983 -0.0306518 -0.0114942 0 0 0.227389 -0.349066 0 0 -26.2506 272.029 -40.4241 0.0640982 -0.00605833 -0.135272 0.0783997 -98.162 -19.083 
0.127831 0.205282 0.172335 0 -0.117046 0.349066 0.0108961 0.040439 -0.161773 0.15774 0.0131506 0.305983 -0.0306518 -0.0114942 0 0 0.227389 -0.349066 0 0 -26.2506 272.029 -40.4241 0.0640982 -0.00605833 -0.135272 0.0783997 -98.162 -19.083 
0.127831 0.198077 0.172335 0 -0.117046 0.349066 0.0108961 0.040439 -0.161773 0.15774 0.0131506 0.305983 -0.0306518 -0.0114942 0 0 0.227389 -0.349066 0 0 -26.2506 272.029 -40.4241 0.0640982 -0.00605833 -0.135272 0.0783997 -98.162 -19.083 
0.121318 0.175064 0.15044 0 -0.130258 0.349066 0.0290096 0.0341456 -0.153536 0.144953 0.00314248 0.281982 -0.0351627 -0.0177099 0 0.000132163 0.24366 -0.349032 0 0 -26.0806 272.203 -40.8781 0.0665722 0.0038398 -0.129771 0.0783997 -98.162 -19.083 
0.130095 0.166793 0.137468 0 -0.130258 0.349066 0.0290096 0.0341456 -0.153536 0.144953 0.00314248 0.281982 -0.0351627 -0.0177099 0 0.000132163 0.24366 -0.349032 0 0 -26.0806 272.203 -40.8781 0.0665722 0.0038398 -0.129771 0.0783997 -98.162 -19.083 
0.159782 0.14721 0.0825336 0 -0.131466 0.349066 0.0402843 0.0333527 -0.163931 0.142367 0.041921 0.212123 -0.0349734 -0.0173995 0 0 0.242971 -0.349066 0 0 -25.8681 272.235 -40.8584 0.0639725 0.00275186 -0.124969 0.0783997 -98.162 -19.083 
0.155239 0.142191 0.085404 0 -0.1146 0.349066 0.0209764 0.0798464 -0.174533 0.130087 0.0889876 0.15803 -0.0388718 -0.0170256 0 0.00209438 0.246105 -0.349066 0 0 -25.6562 272.298 -41.0235 0.0587273 0.00250916 -0.117264 0.0783997 -98.162 -19.083 
0.155239 0.142191 0.085404 0 -0.1146 0.349066 0.0209764 0.0798464 -0.174533 0.130087 0.0889876 0.15803 -0.0425372 -0.00427663 0 0.00209438 0.233307 -0.349066 0 0 -25.6562 272.298 -41.0235 0.0587273 0.00250916 -0.117264 0.0783997 -98.162 -19.083 
0.155281 0.142182 0.0855843 0 -0.113871 0.349066 0.0216776 0.0813288 -0.174533 0.137535 0.0748978 0.160305 -0.0424478 0.00291074 0 0 0.21864 -0.349066 0 0 -25.6545 272.299 -41.0223 0.0586982 0.00249951 -0.117269 0.0783997 -98.162 -19.083 
0.171736 0.120883 0.0442785 0.0582428 -0.108594 0.349066 0.0195197 0.0420248 -0.174533 0.11635 0.100689 0.208155 -0.0215507 -0.0158096 0 0 0.226348 -0.337782 0 0 -25.4668 272.643 -41.1185 0.0554167 0.000597129 -0.104143 0.0783997 -98.162 -19.083 
0.183413 0.114667 0.0442785 0.0582428 -0.118326 0.349066 0.0195197 0.246953 -0.172169 0.126009 0.134335 0.330198 -0.00909722 0.000723965 0.00807304 0.0606609 0.226348 -0.316447 0 0 -25.4668 272.643 -41.1185 0.0554167 0.000597129 -0.104143 0.0783997 -98.162 -19.083 
0.145545 0.130612 0.0812265 0.244201 -0.14235 0.349066 0.0348546 0.392279 -0.166173 0.126349 0.159442 0.613886 0.0142009 0.0241955 0 0.211233 0.203813 -0.292262 0 0.12405 -25.3231 272.608 -41.2863 0.0612729 0.004442 -0.101493 0.0783997 -98.162 -19.083 
0.161865 0.12693 0.0812265 0.29574 -0.14235 0.349066 0.0815766 0.524249 -0.158827 0.126349 0.259803 0.740044 0.0153357 0.0549617 0.201199 0.680952 0.203813 -0.265124 0 0.194148 -25.3231 272.608 -41.2863 0.0612729 0.004442 -0.101493 0.0783997 -98.162 -19.083 
0.182118 0.107268 0.0909327 0.26928 -0.142679 0.349066 0.116098 0.938948 -0.174533 0.127823 0.401332 1.12483 0.0251844 0.0643874 0.519208 0.633718 0.196627 -0.229418 0.045029 0.270704 -25.3222 272.586 -41.3029 0.0611949 0.00469222 -0.101698 0.0783997 -98.162 -19.083 
0.205089 0.05338 0.00234038 0.511273 -0.152881 0.343246 0.240883 1.46876 -0.156632 0.117324 0.496042 1.5708 0.146327 0.0482827 0.612683 0.698126 0.23322 -0.237036 0 0.444252 -25.5515 272.059 -41.4134 0.0547517 0.00928031 -0.0927512 0.0783997 -98.162 -19.083 
0.204746 0.022957 0 0.505947 -0.165269 0.349066 0.480535 1.5708 -0.161 0.163838 0.771648 1.56565 0.238726 0.0678574 0.786997 0.315443 0.235706 -0.225753 0.117798 0.237888 -25.2182 271.591 -41.8796 0.0414653 0.00327745 -0.0949012 0.0783997 -98.162 -19.083 
0.240363 0.0230811 0.0541421 0.415802 -0.174533 0.349066 0.745785 1.5708 -0.174533 0.186229 1.02236 1.56568 0.368506 0.0807644 0.785678 0.292522 0.210574 -0.174593 0.404721 0.00349422 -24.7417 271.757 -41.9068 0.0437216 -0.00329065 -0.0901913 0.0783997 -98.162 -19.083 
0.237281 0.0148971 0.18504 0.450902 -0.122925 0.348742 0.806507 1.5708 -0.174533 0.202201 1.22743 1.5708 0.474906 0.0589389 0.738641 0.278438 0.277061 -0.121872 0.419009 0 -23.9765 272.547 -42.2022 0.051641 0.00473541 -0.0850776 0.0783997 -98.162 -19.083 
0.355632 -0.0489759 0.147219 0.349245 -0.0947468 0.349066 0.87255 1.5708 -0.174533 0.20745 1.6262 1.5708 0.60278 0.0648666 0.708194 0.127611 0.308707 -0.103196 0.41989 0 -23.9872 272.443 -42.3309 0.0482877 0.000210483 -0.0840678 0.0783997 -98.162 -19.083 
0.374626 -0.0477549 0.187881 0.380623 -0.0459423 0.349066 0.999592 1.5708 -0.140115 0.169825 1.74533 1.5708 0.818496 0.0516105 0.491283 0.0804637 0.328372 -0.0607126 0.513129 0 -23.8005 272.173 -42.0405 0.0482409 -0.000318402 -0.0838415 0.0783997 -98.162 -19.083 
0.369585 -0.0509532 0.266337 0.294945 0.00359646 0.349066 1.21024 1.5426 -0.137923 0.136888 1.74533 1.5708 0.957502 0.0394785 0.439467 0 0.307684 0.0271559 0.575094 0 -23.888 272.178 -42.0031 0.0482675 -0.000920882 -0.0837295 0.0783997 -98.162 -19.083 
0.376017 -0.0411169 0.31157 0.356479 0.025017 0.344223 1.44459 1.54471 -0.156655 0.0970756 1.74533 1.5708 1.12141 0.0276593 0.162474 0.141014 0.281163 0.113046 0.658931 0 -23.5006 271.92 -42.1368 0.0496028 -0.0100126 -0.0836203 0.0783997 -98.162 -19.083 
0.396637 -0.0871611 0.324963 0.214458 0.0067938 0.341634 1.74533 1.54196 -0.166741 0.0386925 1.74533 1.5708 1.16426 0.0179077 0.108614 0.00715979 0.210666 0.178703 0.788854 0.135523 -23.5336 271.259 -42.0688 0.0750177 -0.00904752 -0.0783629 0.0783997 -98.162 -19.083 
0.371206 -0.171315 0.319486 0.0484635 -0.045515 0.300921 1.74425 1.55915 -0.174533 0.0234678 1.74533 1.56534 1.1392 0.00455491 0.0796771 0.0282808 0.0999413 0.224806 0.820164 0.573759 -23.193 270.503 -42.3199 0.129508 -0.0184095 -0.0598994 0.0783997 -98.162 -19.083 
0.348894 -0.207816 0.311533 0 -0.128262 0.231741 1.74531 1.52976 -0.162106 0.0117106 1.74533 1.54666 1.1461 -0.0210177 0.0530561 0.0560018 0.00197131 0.291016 0.798855 1.09788 -22.0059 268.9 -43.1369 0.159253 -0.0506987 -0.0163878 0.0783997 -98.162 -19.083 
0.297107 -0.188849 0.41989 0.0242967 -0.131073 0.243955 1.74533 1.53739 -0.174533 0.0592219 1.74533 1.56037 1.13175 0.0135431 0.0246405 0.0273662 -0.0571492 0.349066 0.842864 1.07204 -21.1105 268.327 -43.1755 0.173313 -0.0572111 -0.0106442 0.0783997 -98.162 -19.083 
0.349027 -0.189304 0.299487 0.0395219 -0.126798 0.349066 1.74533 1.56512 -0.166274 0.151 1.74533 1.56872 1.12455 -0.0307017 0.0193356 0.0530902 -0.174533 0.349066 1.1217 0.109393 -19.6215 267.546 -43.0092 0.194222 -0.0600836 -0.00298786 0.0783997 -98.162 -19.083 
0.379899 -0.206579 0.247722 0.0772508 -0.099441 0.34753 1.74533 1.56623 -0.15859 0.199791 1.74533 1.5708 1.12498 -0.0557238 0.0294164 0 -0.174533 0.349066 1.10097 0.104897 -19.1831 267.192 -43.4613 0.202296 -0.055363 -0.00484281 0.0783997 -98.162 -19.083 
0.34229 -0.20944 0.195469 0.464386 -0.0955019 0.349066 1.74533 1.5708 -0.174533 0.208528 1.74533 1.5708 1.07112 -0.0648297 0.0418093 0 -0.174533 0.349066 1.09015 0 -18.9255 266.906 -44.0902 0.230719 -0.0467381 -0.00472226 0.0783997 -98.162 -19.083 
0.39064 -0.20944 0.172682 0.564562 -0.0228086 0.349066 1.74533 1.5708 -0.154891 0.214356 1.74533 1.5708 1.07405 -0.0918853 0.0239607 4.68618e-005 -0.174533 0.349066 1.10578 0 -18.425 266.073 -43.7816 0.234099 -0.0767679 -0.00923249 0.0783997 -98.162 -19.083 
0.328903 -0.208033 0.308389 0.306703 0.0421729 0.349066 1.74533 1.5708 -0.168266 0.233396 1.74533 1.5708 1.06815 -0.0915241 3.16151e-005 0.0154592 -0.174347 0.349066 1.06338 0.00623166 -18.2169 265.306 -43.0168 0.253947 -0.0883121 -0.0244284 0.0783997 -98.162 -19.083 
0.369379 -0.20944 0.282713 0.291023 0.0831485 0.349066 1.74533 1.5708 -0.173909 0.244407 1.72795 1.5708 1.08369 -0.114381 0 0 -0.174533 0.345688 1.07842 0 -17.5033 265.678 -42.8109 0.275645 -0.106358 -0.0222395 0.0783997 -98.162 -19.083 
0.40159 -0.20944 0.26001 0.0442163 0.121033 0.349066 1.74533 1.5708 -0.174509 0.218293 1.73262 1.5708 1.09499 -0.117254 0 0 -0.174533 0.347904 1.07727 0 -17.6403 265.497 -43.1786 0.271781 -0.106307 -0.024307 0.0783997 -98.162 -19.083 
0.335827 -0.206178 0.269346 0.0420691 0.125912 0.349066 1.74533 1.5708 -0.174522 0.213555 1.73286 1.5708 1.07659 -0.14698 0 0 -0.174533 0.347993 1.12009 0 -17.6011 265.57 -43.241 0.273 -0.104261 -0.0256511 0.0783997 -98.162 -19.083 
0.26047 -0.205948 0.231604 0.110273 0.105966 0.349066 1.74533 1.5708 -0.174533 0.217945 1.74533 1.5708 1.07005 -0.107904 0 0 -0.174533 0.34776 1.11035 0 -17.6128 265.682 -43.7924 0.280356 -0.100764 -0.0252464 0.0783997 -98.162 -19.083 
0.218282 -0.20944 0.190826 0.0256438 0.0928189 0.349066 1.74533 1.46182 -0.134404 0.285601 1.74533 1.5708 1.06776 -0.115029 0 0 -0.174533 0.349066 1.13038 0.0589323 -17.3993 265.56 -43.9333 0.283157 -0.0976731 -0.0189251 0.0783997 -98.162 -19.083 
0.174976 -0.17683 0.227123 0 0.0931783 0.349066 1.74533 1.46151 -0.0882744 0.300024 1.74533 1.5708 1.06248 -0.117243 0 0.00542082 -0.174533 0.349066 1.15126 0.0922489 -17.3682 265.546 -43.996 0.282827 -0.098257 -0.016407 0.0783997 -98.162 -19.083 
0.148231 -0.144834 0.248853 0 0.0381042 0.349066 1.74533 1.33961 -0.0968517 0.296897 1.74533 1.5708 1.0191 -0.0894588 0 0.00311826 -0.174533 0.349066 1.01946 0.0366852 -17.6502 266.355 -43.8364 0.299247 -0.110183 -0.0310244 0.0783997 -98.162 -19.083 
0.140598 -0.157072 0.182255 0.0574368 -0.016442 0.349066 1.74533 1.38351 -0.156879 0.263052 1.74533 1.34309 1.01762 -0.0798039 0 0.000175936 -0.174424 0.349066 0.90435 0.117564 -17.4825 266.431 -43.0924 0.293575 -0.109108 -0.0222925 0.0783997 -98.162 -19.083 
0.205604 -0.20944 0.0259573 0.0434269 -0.115399 0.349066 1.73778 1.44124 -0.174533 0.229131 1.74533 1.29721 1.02118 -0.090197 0 0 -0.17442 0.349066 0.4568 1.45411 -18.1388 266.412 -42.5044 0.295229 -0.101557 -0.027565 0.0783997 -98.162 -19.083 
0.194275 -0.208306 1.50082e-005 0.0191953 -0.158515 0.33505 1.74533 1.57018 -0.174533 0.190577 1.70572 1.50189 0.942928 -0.0964085 0.0184678 0 -0.174533 0.346993 0.0266625 1.55771 -18.8437 267.001 -41.6979 0.304754 -0.10193 -0.0349555 0.0783997 -98.162 -19.083 
0.254236 -0.201121 0 0 -0.167745 0.319019 1.74533 1.5708 -0.174533 0.0945943 1.68348 1.47942 0.946028 -0.0872084 0.0825234 0.0543243 -0.174533 0.349066 0 1.5708 -19.1199 268.686 -41.2176 0.292187 -0.12362 -0.0225241 0.0783997 -98.162 -19.083 
0.35374 -0.197151 4.64106e-005 0.0108791 -0.121636 0.331731 1.71046 1.43937 -0.141695 0.0452121 1.62744 1.56152 1.02384 -0.125466 0.144074 0 -0.174533 0.349066 0.00549054 1.5708 -18.4655 270.584 -40.6611 0.247331 -0.15655 -0.00591113 0.0783997 -98.162 -19.083 
0.413812 -0.198641 0 0 -0.136662 0.251858 1.74533 1.14587 -0.174533 0.0532533 1.61575 1.21506 1.15425 -0.209882 0.0292034 0 -0.174533 0.280944 0 1.5708 -17.9114 271.666 -39.5596 0.203485 -0.181714 0.0361762 0.0783997 -98.162 -19.083 
0.381745 -0.20944 0.0635634 0.00509358 -0.174533 0.265538 1.65691 1.3111 -0.174533 0.0513269 1.50158 1.33877 1.15397 -0.229925 0.0734651 0.0126985 -0.174533 0.262165 0 1.31571 -17.1785 272.423 -40.0508 0.170232 -0.161899 0.051501 0.0783997 -98.162 -19.083 
0.437373 -0.20944 0.00432933 0.0294369 -0.17437 0.276968 1.59773 1.2116 -0.174533 0.110361 1.63696 0.95876 1.1693 -0.209938 0 0.0735808 -0.174533 0.231404 0.011311 0.580029 -17.3698 273.439 -39.4866 0.155516 -0.160024 0.0328705 0.0783997 -98.162 -19.083 
0.356304 -0.14044 0.0683673 0.0994781 -0.174533 0.268884 1.49203 1.43176 -0.168947 0.1157 1.5196 1.04866 1.25439 -0.162369 0 0 -0.174533 0.217877 0.154409 0.503353 -16.6304 273.12 -39.0386 0.0930973 -0.131652 0.0195909 0.0783997 -98.162 -19.083 
0.375018 -0.111282 0.0431016 0.122299 -0.174533 0.251769 1.34996 1.56014 -0.174391 0.0250191 1.20766 1.55802 1.29069 -0.123825 0 0.0427222 -0.174533 0.172741 0 1.2522 -17.1132 273.016 -38.3961 0.0684869 -0.0925643 0.0155015 0.0783997 -98.162 -19.083 
0.414197 -0.100267 0.0185163 0.0524621 -0.174533 0.24004 1.19329 1.56183 -0.172931 -0.0305595 0.875608 1.57046 1.28938 -0.109352 0.00117531 0.0388254 -0.174533 0.0865678 0 1.09667 -17.0612 273.254 -38.414 0.0693071 -0.0914415 0.0156213 0.0783997 -98.162 -19.083 
0.412834 -0.0923819 0 0.0612178 -0.174533 0.226394 0.952788 1.56269 -0.174533 -0.0796549 0.546591 1.5708 1.28914 -0.109434 0.00117511 0.0382694 -0.174533 0.00361263 0 0.502724 -17.0614 273.27 -38.3967 0.069646 -0.0913928 0.0156498 0.0783997 -98.162 -19.083 
0.382115 -0.0876886 0.0038666 0.0521994 -0.174533 0.208777 0.731904 1.57023 -0.174533 -0.106282 0.291219 0.685408 1.28729 -0.104149 0 0 -0.174533 -0.127125 0.000576739 0.216183 -17.1191 273.578 -38.44 0.0726253 -0.0807115 0.0155504 0.0783997 -98.162 -19.083 
0.372499 -0.0728661 0.0111942 0.0140871 -0.167436 0.217464 0.566862 1.39952 -0.156836 -0.118003 0.164136 0.495769 1.31621 -0.0947713 0 0.0189836 -0.17208 -0.262186 0.0046852 0.345796 -16.4577 273.69 -37.9901 0.0595328 -0.0859881 0.0145444 0.0783997 -98.162 -19.083 
0.356965 -0.0580567 0 0.161762 -0.16623 0.22958 0.507801 0.497048 -0.171124 -0.117377 0.242916 0.180052 1.33866 -0.0837159 0 0.0554452 -0.16565 -0.31147 0.0806143 0.249111 -16.262 273.72 -38.2517 0.0420315 -0.0803423 0.0144063 0.0783997 -98.162 -19.083 
0.369902 -0.0553511 0 0.130186 -0.169552 0.233485 0.449664 0.187219 -0.174533 -0.139819 0.186605 0.147431 1.33835 -0.0827926 0 0.0538444 -0.174533 -0.349066 0.0813874 0.249106 -16.2306 273.721 -38.2491 0.0422184 -0.0803983 0.0145531 0.0783997 -98.162 -19.083 
0.39814 -0.0310271 0.00316114 0.0390199 -0.157957 0.227439 0.313744 0.20616 -0.174533 -0.149831 0.103169 0.228684 1.33931 -0.0176554 0 0 -0.174533 -0.349066 0.0650464 0.10664 -15.7464 273.626 -38.0182 0.0493197 -0.077255 0.017611 0.0783997 -98.162 -19.083 
0.415384 -0.0270338 0 0.079003 -0.164892 0.248113 0.294857 0.139864 -0.167582 -0.166257 0.0443182 0.224273 1.30242 0.0460392 0.0335748 0.242384 -0.174533 -0.349066 0.0635242 0.107784 -15.2299 273.627 -38.1444 0.051156 -0.0750382 0.0151936 0.0783997 -98.162 -19.083 
0.430751 -0.0130234 0.00607497 0.0541006 -0.156509 0.268281 0.246145 0.0781454 -0.159787 -0.181445 0.0347343 0 1.25945 0.0704916 0 0.408196 -0.174533 -0.32406 0.147169 0.225154 -15.2002 273.628 -38.0707 0.0511047 -0.0719304 0.00357431 0.0783997 -98.162 -19.083 
0.431818 -0.00882296 0 0 -0.157582 0.288393 0.214483 0.0745206 -0.173749 -0.171575 0.0427611 0.0117179 1.25265 0.0737471 0 0.370855 -0.174339 -0.348186 0.147343 0.221155 -15.2052 273.622 -38.0648 0.0509072 -0.0719521 0.00098811 0.0783997 -98.162 -19.083 
0.445918 -0.00403001 0.000841122 0 -0.167313 0.301495 0.211189 0.0951363 -0.174533 -0.155233 0.0270847 0.0131929 1.23461 0.0780825 0.0872477 0 -0.174533 -0.348806 0.16592 0.215341 -15.164 273.839 -38.1137 0.0554816 -0.0723343 -0.000497965 0.0783997 -98.162 -19.083 
0.457234 0.00393719 0.00112612 0 -0.168881 0.303043 0.220479 0.104981 -0.174533 -0.141154 0.0307271 0.0132519 1.24314 0.0886661 0.000462867 0.0757418 -0.174533 -0.348763 0.181312 0.213624 -15.18 273.779 -38.048 0.0546912 -0.072506 0.00156151 0.0783997 -98.162 -19.083 
0.467795 0.0231823 0.00191596 0 -0.165784 0.303468 0.217343 0.11664 -0.174533 -0.141802 0.0315884 0.013106 1.23079 0.101523 0.000461452 0.00780553 -0.174533 -0.349035 0.184265 0.200264 -15.1838 273.785 -38.0434 0.0554262 -0.0724194 0.00226441 0.0783997 -98.162 -19.083 
