0.26813 0.096083 0.0010255 0 -0.170618 0.349066 0.0158423 0.067686 -0.134623 0.100642 0.090574 0.505039 -0.0238606 0.0413655 0.14012 0.0191854 0.268683 -0.349066 0.129374 0 -49.7513 314.35 -38.1792 0.0648629 0.0220607 0.063839 12.3806 -98.599 -11.1776 
0.3174 0.0716119 0 0 -0.16843 0.349037 0.158308 0.0278788 -0.155376 0.125276 0.299418 0 -0.0119835 0.0645195 0.130304 0 0.373989 -0.349066 0 0 -49.5677 314.92 -37.9567 0.0589169 0.0170995 0.0633158 12.3806 -98.599 -11.1776 
0.328096 0.0678105 0.00933258 0 -0.168633 0.349066 0.135484 0.090373 -0.153657 0.139468 0.298697 0 0.0242355 0.0625185 0.0828883 0 0.372578 -0.349066 0.0310758 0 -49.5358 315.576 -37.9384 0.0586932 0.0158337 0.0627247 12.3806 -98.599 -11.1776 
0.335014 0.0678105 0 0 -0.174533 0.349066 0.135484 0.090373 -0.153657 0.149698 0.298697 0 0.0158892 0.0625185 0.0828883 0 0.372578 -0.349066 0.0310758 0 -49.5358 315.576 -37.9384 0.0586932 0.0158337 0.0627247 12.3806 -98.599 -11.1776 
0.335014 0.0793603 0 0 -0.174533 0.349066 0.135484 0.090373 -0.153657 0.154287 0.298697 0 0.0158892 0.0625185 0.0672133 0 0.372578 -0.349066 0.0310758 0 -49.5358 315.576 -37.9384 0.0586932 0.0158337 0.0627247 12.3806 -98.599 -11.1776 
0.334678 0.0898903 0 0 -0.174533 0.349066 0.136676 0.106857 -0.152199 0.154253 0.293387 0 0.0225166 0.0657576 0.0635979 0 0.37631 -0.349066 0.0225578 0 -49.5249 315.582 -37.9488 0.0587162 0.0158088 0.062779 12.3806 -98.599 -11.1776 
0.334678 0.0994024 0 0 -0.174533 0.349066 0.154598 0.125353 -0.152199 0.154253 0.293387 0 0.0225166 0.0657576 0.0635979 0 0.37631 -0.349066 0.0225578 0 -49.5249 315.582 -37.9488 0.0587162 0.0158088 0.062779 12.3806 -98.599 -11.1776 
0.334678 0.0994024 0 0 -0.174533 0.349066 0.154598 0.125353 -0.152199 0.154253 0.293387 0 0.0225166 0.0657576 0.0635979 0 0.37631 -0.349066 0.0225578 0 -49.5249 315.582 -37.9488 0.0587162 0.0158088 0.062779 12.3806 -98.599 -11.1776 
0.340435 0.0994024 0 0 -0.174533 0.349066 0.154598 0.125353 -0.152199 0.154253 0.293387 0 0.0225166 0.0657576 0.0635979 0 0.37631 -0.349066 0 0 -49.5249 315.582 -37.9488 0.0587162 0.0158088 0.062779 12.3806 -98.599 -11.1776 
0.342533 0.0916716 0 0 -0.174533 0.349066 0.141777 0.146689 -0.153332 0.152086 0.290491 0.0288003 0.0217792 0.064696 0.0597906 0 0.369683 -0.339214 0 0 -49.556 315.62 -37.9656 0.0602702 0.0139207 0.0634288 12.3806 -98.599 -11.1776 
0.346877 0.0884599 0.0172444 0 -0.174533 0.349066 0.15046 0.164931 -0.163835 0.158971 0.274554 0.0648819 0.0205429 0.0919808 0.016225 0 0.332874 -0.321807 0 0 -49.9738 316.004 -38.3863 0.0686751 0.0111107 0.0634209 12.3806 -98.599 -11.1776 
0.362369 0.0884599 0.019118 0.0333066 -0.174533 0.349066 0.178247 0.25848 -0.172771 0.180264 0.274554 0.0346933 0.0171448 0.102024 0.016225 0 0.31465 -0.304204 0 0 -49.9738 316.004 -38.3863 0.0686751 0.0111107 0.0634209 12.3806 -98.599 -11.1776 
0.428187 0.0624096 0.01815 0.0203012 -0.174533 0.349066 0.258727 0.781116 -0.174386 0.190986 0.320736 0 0.021188 0.0861353 0.0255584 0 0.328206 -0.299401 0.0198202 0 -49.9385 317.095 -38.3337 0.0548498 0.0169852 0.0649484 12.3806 -98.599 -11.1776 
0.563946 0.0462181 0 0.322732 -0.174533 0.349066 0.378367 1.5708 -0.174533 0.208433 0.145826 0.270814 0.0357469 0.0645621 0 0 0.276058 -0.311385 0.00539279 0.0166056 -50.155 317.226 -38.3922 0.0544768 0.0202935 0.0667863 12.3806 -98.599 -11.1776 
0.652063 -0.0358235 0.00546713 0.217266 -0.171546 0.349066 0.63273 1.5708 -0.148478 0.19424 0.108557 0.41889 0.0407491 0.0237089 0 0 0.223425 -0.34847 0.04656 0.324488 -50.4541 320.521 -39.7685 0.0477721 -0.00506701 0.0915471 12.3806 -98.599 -11.1776 
0.657494 -0.0997673 0.00024596 0.261556 -0.174486 0.349066 0.790367 1.5708 -0.148945 0.207917 0.124347 0.361438 0.039181 0.0343512 0 0.000126619 0.245164 -0.32791 0.0425589 0.121662 -52.4355 320.5 -39.7585 0.0467573 -0.00541935 0.0910741 12.3806 -98.599 -11.1776 
0.667984 -0.14314 0.0352147 0.055399 -0.174226 0.349066 0.940988 1.55447 -0.167491 0.228242 0.186956 0.464464 0.0450894 0.0464742 0.120952 0.000125381 0.274957 -0.320691 0.045693 0.0386211 -52.3544 320.937 -39.7161 0.0428943 -0.0020388 0.091307 12.3806 -98.599 -11.1776 
0.822859 -0.157773 0.0484179 0.0032063 -0.174533 0.349044 1.09812 1.57065 -0.155294 0.181747 0.171086 0.794314 0.113708 0.0181047 0.00416813 0.300174 0.278549 -0.348865 0.08181 0.00750762 -52.9417 320.781 -40.6819 0.0294288 -0.0205709 0.114722 12.3806 -98.599 -11.1776 
0.960692 -0.194702 0.00143809 0.0317989 -0.174533 0.349066 1.32077 1.5708 -0.174533 0.179752 0.368165 0 0.105533 0.0313918 0 0.0911416 0.288651 -0.349066 0.0115977 0.00174494 -52.5818 320.968 -41.7968 0.0185786 -0.0590715 0.112189 12.3806 -98.599 -11.1776 
1.05401 -0.204201 0 0.0446308 -0.174533 0.349066 1.4939 1.5708 -0.171931 0.186079 0.360782 0 0.104324 0.0287034 0.0121626 0.00653566 0.311823 -0.347211 0.0126343 0.0263952 -53.2776 322.591 -42.4618 0.0127387 -0.0422629 0.117449 12.3806 -98.599 -11.1776 
1.09296 -0.20674 0.0335355 0.0694463 -0.174533 0.349066 1.59329 1.5708 -0.174533 0.190784 0.347404 0.307467 0.096542 0.0186175 0.0301299 0 0.30693 -0.346004 0 0 -53.3664 321.997 -42.0376 0.0111758 -0.0277642 0.122531 12.3806 -98.599 -11.1776 
1.11142 -0.206605 0.0297119 0.0691077 -0.174533 0.349066 1.59311 1.5708 -0.154109 0.190808 0.353758 0.307423 0.0963605 0.018662 0.0298521 0 0.306904 -0.346003 0 0 -53.3661 321.995 -42.0369 0.0111717 -0.0277681 0.12252 12.3806 -98.599 -11.1776 
1.126 -0.206643 0.0320377 0.0693514 -0.174533 0.349066 1.71888 1.46826 -0.133783 0.19078 0.357822 0.0872635 0.0990908 0.0179575 0.0294772 0 0.295165 -0.34641 0.0390569 0.0117437 -53.3724 322.034 -42.019 0.0109554 -0.0278839 0.123071 12.3806 -98.599 -11.1776 
1.13297 -0.206362 0.0239773 0.0734222 -0.142381 0.349066 1.74533 1.4664 -0.134218 0.191815 0.406691 0.0931422 0.0880126 0.0173669 0.0453846 0 0.293567 -0.345985 0.0399411 0.0126817 -53.398 322.025 -42.0177 0.0110923 -0.0278846 0.122957 12.3806 -98.599 -11.1776 
1.14734 -0.209258 0.016452 0.0464124 -0.121933 0.349066 1.70708 1.48319 -0.145393 0.17019 0.442511 0.0912744 0.078428 0.012476 0.0428163 0 0.300982 -0.349053 0.0275807 0.000947902 -53.3959 322.085 -41.9448 0.0119867 -0.0264311 0.124098 12.3806 -98.599 -11.1776 
1.19099 -0.209439 0.0114243 0.049162 -0.0723202 0.34903 1.70571 1.52708 -0.146238 0.16899 0.444768 0.0945382 0.0554536 0.0126906 0.0498275 0 0.313982 -0.349033 8.26975e-005 7.5168e-006 -53.3858 322.069 -41.9423 0.0110967 -0.0260316 0.124113 12.3806 -98.599 -11.1776 
1.18432 -0.209439 0.018401 0.0525894 -0.104747 0.349057 1.74533 1.5708 -0.140208 0.189756 0.451669 0.0527617 0.0530936 0.0358144 0.0258991 0 0.33084 -0.349066 0.00632763 0 -53.3101 322.045 -41.923 0.009706 -0.0266324 0.126252 12.3806 -98.599 -11.1776 
1.20157 -0.20944 0.0153359 0.0328441 -0.119926 0.349066 1.74533 1.5708 -0.112718 0.187097 0.506062 0 0.0411785 0.0395757 0.0740538 0 0.311046 -0.349066 0 0.132976 -53.9037 323.479 -40.4715 0.000621838 -0.0497312 0.124926 12.3806 -98.599 -11.1776 
1.18725 -0.20944 0.0153359 0 -0.166887 0.349066 1.74533 1.5708 -0.0934083 0.173668 0.506062 0 0.0411785 0.0395757 0.0740538 0 0.311046 -0.349066 0 0.132976 -53.9037 323.479 -40.4715 0.000621838 -0.0497312 0.124926 12.3806 -98.599 -11.1776 
1.13061 -0.20944 0 0 -0.174533 0.34864 1.60709 1.5708 -0.12613 0.153167 0.587214 0 0.0686873 0.039552 0.00182843 0.279552 0.301394 -0.349066 0 0.00532418 -53.979 323.443 -40.5026 -0.00194119 -0.0511716 0.123403 12.3806 -98.599 -11.1776 
1.04553 -0.199037 0 0 -0.13231 0.349066 1.0456 1.5708 -0.137967 0.127693 0.600385 0 0.0594865 0.0111099 0.0172108 0.179562 0.291271 -0.349066 0 0.0322432 -53.9922 323.46 -40.4986 -0.0017597 -0.0511798 0.120681 12.3806 -98.599 -11.1776 
0.980159 -0.198477 0 0 -0.174533 0.349066 0.916574 0.573485 -0.130536 0.125842 0.538747 0.162041 0.0553617 -0.0200643 0.0241653 0.0649998 0.298911 -0.349038 0.00163203 0.0270458 -54.5495 323.139 -42.0661 -0.00911273 -0.0518674 0.113701 12.3806 -98.599 -11.1776 
0.939523 -0.19227 0 0 -0.146979 0.349066 0.748536 0.160174 -0.140624 0.100594 0.467537 0.156352 0.0520976 -0.052794 0.00993005 0.0586432 0.289202 -0.349055 0.00231489 0.0290102 -54.5809 322.986 -41.8991 -0.00299574 -0.0480881 0.114331 12.3806 -98.599 -11.1776 
0.941027 -0.138555 0 0.000905218 -0.120022 0.349066 0.66599 0 -0.155827 0.0974857 0.458886 0.0740759 0.0566652 -0.0608899 0.00267596 0.0629466 0.283886 -0.349055 0 0.0331932 -54.3637 322.995 -41.9457 -0.00334787 -0.0516351 0.114682 12.3806 -98.599 -11.1776 
0.927364 -0.092295 0 0.00249569 -0.101721 0.349066 0.587472 0 -0.130555 0.0812529 0.349903 0.100452 0.0410965 -0.0736828 0.0644989 0.0629466 0.283886 -0.349055 0 0.0331932 -54.3637 322.995 -41.9457 -0.00334787 -0.0516351 0.114682 12.3806 -98.599 -11.1776 
0.897357 -0.0242688 0.00824684 0.000763123 -0.0810025 0.349066 0.505163 0 -0.103606 0.0673701 0.247694 0.161601 0.0328714 -0.0735754 0.0949216 0 0.275633 -0.349066 0.00738563 0.07289 -54.3866 322.98 -42.3227 -0.00435256 -0.0465218 0.105535 12.3806 -98.599 -11.1776 
0.86439 0.0490527 0 0 -0.107047 0.349066 0.443826 0 -0.0950085 0.0711893 0.272897 0 0.0276208 -0.0575183 0.0579986 0.075794 0.267288 -0.349066 0.000598999 0 -49.7472 322.887 -42.3825 0.000182495 -0.0465226 0.103199 12.3806 -98.599 -11.1776 
0.85207 0.119101 0 0.0157894 -0.136671 0.349066 0.388679 0.125726 -0.0829888 0.0682907 0.219697 0.0103201 0.0346164 -0.054888 0.0559614 0.0277525 0.258091 -0.349066 0.0153881 0 -49.5705 320.974 -42.873 0.00270713 -0.041363 0.104948 12.3806 -98.599 -11.1776 
0.851706 0.149938 0 0.000928976 -0.141034 0.349066 0.358719 0.11361 -0.0821439 0.0697912 0.22029 0 0.0561915 -0.0680521 0 0.129087 0.270712 -0.349066 0.0430595 0 -49.5706 320.949 -42.886 0.0032653 -0.0415684 0.105422 12.3806 -98.599 -11.1776 
0.839171 0.170796 0 0 -0.120217 0.34905 0.343877 0 -0.0648523 0.0725971 0.212451 0 0.0812269 -0.0785585 0.000165505 0.147178 0.303238 -0.349066 0.085355 3.6314e-005 -49.5019 320.911 -42.7061 -0.00274743 -0.033233 0.102396 12.3806 -98.599 -11.1776 
0.843996 0.186468 0 0 -0.103365 0.349066 0.266463 0 -0.0613195 0.0744344 0.19902 0 0.0772386 -0.0852044 0 0.11508 0.32793 -0.349066 0.0494936 3.60506e-005 -49.5253 321.028 -42.6631 0.00651944 -0.035806 0.100528 12.3806 -98.599 -11.1776 
0.861822 0.195871 0 0 -0.106594 0.349066 0.285083 0.114634 -0.0637528 0.0898054 0.248343 0.006472 0.0857514 -0.0827012 0 0.0131291 0.344037 -0.349066 0 2.21687e-006 -49.3646 320.682 -42.6549 0.0117275 -0.0349832 0.0978765 12.3806 -98.599 -11.1776 
0.904381 0.205769 0 0 -0.101413 0.349066 0.31613 0.166481 -0.0304526 0.1016 0.273636 0 0.0929835 -0.0680992 0 0.000504865 0.280945 -0.349066 0 0.0245574 -48.4842 320.583 -42.9285 0.0100797 -0.0435555 0.0928706 12.3806 -98.599 -11.1776 
0.9703 0.205769 0.014406 0.115876 -0.0822068 0.349066 0.305704 0.166481 0.000310131 0.11687 0.294647 0.255449 0.0941719 -0.0619247 0 0.000504865 0.201597 -0.349066 0.0804774 0 -48.4842 320.583 -42.9285 0.0100797 -0.0435555 0.0928706 12.3806 -98.599 -11.1776 
1.06812 0.152699 0.0177516 0.039993 -0.00848992 0.349066 0.211464 0 0.0296593 0.144582 0.276878 0.806871 0.0346332 -0.0382918 0.0285252 0.0395262 0.122698 -0.344501 0.0212032 0.021215 -48.1504 320.359 -41.4052 0.0217664 -0.0668081 0.0840205 12.3806 -98.599 -11.1776 
1.19394 0.127658 0 0.0418067 0.000710054 0.349066 0.272861 0 0.0328098 0.173911 0.415581 0.75333 0.0398255 -0.00426316 0 0.178409 0.0772087 -0.349066 0.00726331 0 -48.0791 320.138 -37.9917 0.0231074 -0.0683363 0.082062 12.3806 -98.599 -11.1776 
1.23237 0.142541 0.103153 0.112748 0.027515 0.349066 0.254237 0.0944892 0.0386918 0.202989 0.601393 0.567181 0.0498627 -0.0111895 0.00401921 0.204887 0.0392914 -0.348814 0.0179104 0.136513 -48.3516 320.1 -38.1734 0.0248162 -0.0714475 0.0813766 12.3806 -98.599 -11.1776 
1.22101 0.11774 0.213007 0.137928 0.0914868 0.349066 0.159938 0.0400254 0.0889726 0.220282 0.60397 0.859602 0.0276713 -0.00686779 0 0.521818 0.00899483 -0.333485 0.0430229 0.159759 -48.5142 320.25 -38.6871 0.031729 -0.0691876 0.092649 12.3806 -98.599 -11.1776 
1.26757 0.0832453 0.234297 0.0612697 0.107068 0.349066 0.178461 0 0.0955567 0.183492 0.968235 1.26716 0.0897868 0.0209373 0 0.69967 0.0365645 -0.340902 0 0.0198953 -49.5214 319.87 -38.3054 0.0106756 -0.0611 0.090072 12.3806 -98.599 -11.1776 
1.22863 -0.0264503 0.313145 0 0.108466 0.329779 0.139838 0.111774 0.0768778 0.223557 1.30121 1.44624 0.116061 0.0137559 0.0460642 0.0985548 0.075099 -0.349066 0 0 -51.9289 319.643 -38.2835 0.018899 -0.0414457 0.0935965 12.3806 -98.599 -11.1776 
1.26072 -0.0895316 0.281769 0 0.127114 0.313448 0.171164 0.0881144 0.115809 0.267799 1.30939 1.56685 0.127545 0.0455361 0.191733 0 0.130486 -0.349066 1.6692e-005 0.04235 -53.5563 319.779 -37.987 0.00889674 -0.0293607 0.0922491 12.3806 -98.599 -11.1776 
1.26072 -0.152415 0.281769 0 0.127114 0.290277 0.171164 0 0.115809 0.267799 1.30939 1.56685 0.14982 0.0512718 0.191733 0.364764 0.130486 -0.349066 1.6692e-005 0.04235 -53.5563 319.779 -37.987 0.00889674 -0.0293607 0.0922491 12.3806 -98.599 -11.1776 
1.47912 -0.206352 0.0933732 0.126136 0.208 0.269608 0.0501539 0.710182 0.201868 0.328056 1.56088 0.912658 0.254816 0.00390015 0.189676 0.185815 0.247055 -0.349066 0.0528824 0.0213245 -55.3164 325.091 -33.7843 -0.0473799 -0.0372708 0.0953836 12.3806 -98.599 -11.1776 
1.50692 -0.208862 0.0430538 0.0131896 0.216704 0.279236 0 0.863083 0.212063 0.349066 1.71995 0.615485 0.269515 0.0750566 0.178969 0.202782 0.281842 -0.349066 0.0361851 0.12018 -56.7498 323.47 -34.8786 -0.0351275 -0.0227039 0.0825063 12.3806 -98.599 -11.1776 
1.52926 -0.208532 0.0136038 2.47802e-006 0.172734 0.275201 6.71716e-005 0.769557 0.195816 0.349066 1.74533 0.397589 0.222537 0.116496 0.284651 0.24345 0.297086 -0.349066 0.0388201 0 -57.1256 322.991 -36.8074 -0.0126224 0.00543516 0.079027 12.3806 -98.599 -11.1776 
1.53257 -0.209326 0.0129667 0 0.185651 0.275408 0 0.640722 0.194669 0.349066 1.74533 0.38559 0.220989 0.118983 0.373775 0.233932 0.29643 -0.349066 0.0392168 0 -57.0378 323.06 -36.6881 -0.0112019 0.00613699 0.0787242 12.3806 -98.599 -11.1776 
1.53256 -0.209326 0.0130267 0 0.207579 0.273109 0 0.583428 0.193422 0.349066 1.74533 0.385667 0.256315 0.118981 0.373747 0.233994 0.296798 -0.349066 0.0391719 0 -57.0386 323.06 -36.6893 -0.0112055 0.00616096 0.0787302 12.3806 -98.599 -11.1776 
1.53256 -0.209326 0.0130267 0 0.207579 0.273109 0 0.583428 0.193422 0.349066 1.74533 0.385667 0.256315 0.118981 0.373747 0.233994 0.296798 -0.349066 0.0391719 0 -57.0386 323.06 -36.6893 -0.0112055 0.00616096 0.0787302 12.3806 -98.599 -11.1776 
1.53222 -0.209326 0.0131514 0 0.206 0.264326 0.0274741 0.493365 0.191649 0.349066 1.74533 0.381615 0.257068 0.118433 0.372372 0.233113 0.299437 -0.349066 0.000310419 0 -57.041 323.085 -36.7861 -0.0115108 0.00689452 0.0793926 12.3806 -98.599 -11.1776 
1.51877 -0.209306 0.0143798 0.000106622 0.194507 0.274172 0.0313917 0.512072 0.189065 0.347995 1.74533 0.329964 0.269994 0.104592 0.349872 0.206455 0.278621 -0.349066 0.00042813 0.00450051 -57.5458 322.759 -36.4668 -0.0068012 0.00970181 0.0736333 12.3806 -98.599 -11.1776 
1.5708 -0.142372 0.00590229 0 0.21353 0.298324 0 0.0179857 0.12961 0.349066 1.74526 0 0.176255 0.121303 0.552978 0.691285 0.145662 -0.349066 0.179801 0 -53.5586 322.427 -33.1778 0.00924639 -0.0581421 0.0714719 12.3806 -98.599 -11.1776 
1.37076 0.0305697 0.12675 0.525088 0.228705 0.248854 0 0 -0.156798 0.319769 1.63837 0.000103565 -0.0645837 0.111276 1.01302 0 0.118536 -0.349066 0 0 -47.5225 326.22 -32.0922 0.0487094 -0.124414 0.111193 12.3806 -98.599 -11.1776 
1.25647 0.0404015 0.120138 0.51635 0.325888 0.225401 0 0 -0.174533 0.327368 1.51644 0 -0.119045 0.117871 1.08141 0 -0.0614317 -0.349066 0.38316 0.0657623 -46.0095 326.853 -29.1436 0.0405479 -0.199247 0.127137 12.3806 -98.599 -11.1776 
1.2543 0.0705724 0.11902 0.344876 0.334504 0.27638 0.00646908 0.0333665 -0.143381 0.305345 1.28867 0 -0.148554 0.110613 1.07684 0 -0.0489455 -0.349066 0.402242 0.00937519 -45.8917 326.852 -29.2448 0.0408184 -0.197853 0.129508 12.3806 -98.599 -11.1776 
1.32537 0.0752326 0.0366088 0.241664 0.302793 0.339456 0.0222817 0.00402857 -0.0996507 0.280851 1.04945 0 -0.121446 0.0883405 0.99069 0 -0.0675558 -0.349066 0.41825 0 -45.6472 325.908 -30.7927 0.0373403 -0.20457 0.124393 12.3806 -98.599 -11.1776 
1.30338 0.0531831 0.0220268 0.0278014 0.250559 0.349066 0.0543422 0.0844351 -0.0757351 0.262829 0.853548 0.00328418 -0.118432 0.0616026 0.904737 0 -0.0613612 -0.349066 0.404529 0 -45.644 325.898 -30.7692 0.0369487 -0.204498 0.124835 12.3806 -98.599 -11.1776 
1.27892 0.0652879 0 0 0.248639 0.349066 0.0563835 0.00324749 -0.0536576 0.243925 0.726538 0.00359128 -0.0962222 0.0301005 0.853042 0.000127357 -0.0572022 -0.349066 0.336101 0.196471 -45.6719 325.877 -30.6652 0.032507 -0.205163 0.124833 12.3806 -98.599 -11.1776 
1.26649 0.105183 0.00339003 0 0.223086 0.349066 0.0441088 0.0372932 -0.0967695 0.231446 0.688737 0.000432658 -0.0959847 -0.0141524 0.769316 1.53433e-005 -0.0367237 -0.349066 0.345333 0.0293626 -45.6637 325.891 -30.6717 0.0325558 -0.206979 0.124714 12.3806 -98.599 -11.1776 
1.15849 0.125812 0.0137351 0.00924771 0.148253 0.349021 0.0323075 0.0456138 -0.138299 0.173155 0.493663 0.253366 -0.0824992 -0.0442811 0.621564 0.0477774 -0.0908173 -0.34849 0.44404 0.0656518 -45.2998 325.097 -31.6389 0.0254291 -0.219569 0.128093 12.3806 -98.599 -11.1776 
1.10523 0.159306 0.000816271 0.01396 0.0543214 0.349066 0.16225 0.00204322 -0.132021 0.160933 0.337923 0.345197 -0.0771433 -0.0968467 0.580366 0 -0.0745428 -0.348476 0.387862 0.0398585 -45.6443 325.504 -31.6694 0.025626 -0.224943 0.140872 12.3806 -98.599 -11.1776 
1.08208 0.222505 0.00993515 0.00986016 0.00839953 0.349066 0.209843 0.00106834 -0.122176 0.156322 0.275444 0.343283 -0.0534123 -0.140472 0.481252 0.0175847 -0.0550733 -0.348616 0.443093 0 -45.6916 325.485 -38.3396 0.0252449 -0.225648 0.141301 12.3806 -98.599 -11.1776 
1.0882 0.2209 0.00164496 0.0551608 0.0386573 0.349066 0.0721775 0.0942089 -0.0760511 0.123526 0.174592 0.000156397 -0.0201974 -0.158779 0.369791 0.127052 -0.108818 -0.348186 0.502996 0 -45.9283 325.524 -37.0105 0.027732 -0.231924 0.149321 12.3806 -98.599 -11.1776 
1.07604 0.193675 0.00184934 0.0137363 0.0653995 0.349066 0.0397362 0 -0.0684411 0.109806 0.168924 0 0.0337813 -0.162724 0.286447 0.107991 -0.0625539 -0.347483 0.324321 0.0214889 -46.6374 324.766 -36.9906 0.0240248 -0.218832 0.145538 12.3806 -98.599 -11.1776 
1.13116 0.138553 0 0 0.0740651 0.349066 0.0213862 0.000168572 -0.0656501 0.103673 0.159339 0.153921 0.0728945 -0.14535 0.168093 0.42999 -0.0501448 -0.348757 0.150276 0.166299 -49.1367 324.555 -36.6831 0.0242527 -0.226876 0.140964 12.3806 -98.599 -11.1776 
1.16169 0.101599 0.0293149 0 0.0520261 0.349066 0.0482307 0.000168572 -0.0656501 0.117189 0.124883 0.06871 0.0886384 -0.127596 0.303886 0.226634 -0.042058 -0.348757 0.150276 0 -49.1367 324.555 -36.6831 0.0242527 -0.226876 0.140964 12.3806 -98.599 -11.1776 
1.30046 0.0505427 0 0 0.0596296 0.349066 0.00905703 7.61484e-005 -0.105897 0.146512 0.153991 0 0.0836882 -0.116549 0.425147 0.270797 0.000748813 -0.330995 0.00219243 0 -50.7376 324.21 -36.3035 0.0257492 -0.240022 0.137351 12.3806 -98.599 -11.1776 
1.42546 0.0184737 0 0 0.0287773 0.349066 0.0299999 2.10154e-005 -0.143195 0.12225 0.169528 0 0.107117 -0.123897 0.473423 0.271509 0.00251403 -0.345004 0.010446 0.0716327 -53.8124 324.429 -35.5711 0.029863 -0.233614 0.148924 12.3806 -98.599 -11.1776 
1.44238 -0.0345753 0 0 -0.0653253 0.349066 0.0410328 0.0168762 -0.174533 0.110903 0.152699 0 0.161387 -0.072713 0.474815 0.316918 0.0292327 -0.3255 0.108208 0 -53.8065 324.428 -32.7365 0.0451049 -0.158923 0.150094 12.3806 -98.599 -11.1776 
1.544 -0.0712265 0 0 -0.0661978 0.349066 0.0547142 0.0232148 -0.152829 0.108679 0.165735 0 0.203609 -0.0367526 0.494591 0.692661 0.0341659 -0.30779 0.123841 0 -53.8337 324.158 -32.8873 0.0429269 -0.15746 0.145938 12.3806 -98.599 -11.1776 
1.5708 -0.116247 0.0344237 0 -0.0631901 0.349066 0.0423754 0.00179967 -0.174533 0.114192 0.250557 0 0.275862 0.0177812 0.466401 1.12937 0.0264738 -0.301264 0.119753 0 -53.5507 323.809 -34.0149 0.0382459 -0.148356 0.153711 12.3806 -98.599 -11.1776 
1.56993 -0.19547 0.00679536 0 -0.0544143 0.349066 0.117307 0 -0.161273 0.105051 0.247502 0.144087 0.273266 0.0427623 0.840857 0.778045 0.0386346 -0.338527 0.20676 0.0177191 -54.3349 326.076 -34.5848 0.0194043 -0.139586 0.168001 12.3806 -98.599 -11.1776 
1.57048 -0.20944 0.0493747 0.00105961 -0.0406136 0.349066 0.155079 0 -0.136746 0.103361 0.183738 0.245738 0.356482 0.0747336 0.912108 0.619469 0.175675 -0.303245 0 0.0116751 -53.1597 324.717 -37.1374 0.00787462 -0.129764 0.168292 12.3806 -98.599 -11.1776 
1.56859 -0.194689 0.119075 0.193123 -0.0967858 0.3428 0.222738 0.0391301 -0.133991 0.0823009 0.0944671 0.150937 0.297344 0.0795349 1.00434 0.776295 0.219258 -0.300771 0 0.0133541 -53.0793 326.677 -37.9291 0.0227434 -0.114322 0.180209 12.3806 -98.599 -11.1776 
1.56851 -0.194592 0.111213 0.370213 -0.09226 0.343453 0.217992 0.167151 -0.139531 0.0693873 0.151115 0.0868709 0.228895 0.0902383 1.07076 1.15099 0.178899 -0.283594 0.0746733 0 -54.1511 326.842 -37.807 0.0237336 -0.113735 0.180305 12.3806 -98.599 -11.1776 
1.55067 -0.20944 0.0885473 0.496921 -0.0712469 0.34463 0.229571 0.0928528 -0.124192 0.0638917 0.176062 0.10215 0.161293 0.0976733 1.29075 1.09672 0.164666 -0.257464 0.114889 0.0413912 -54.4223 326.892 -37.8869 0.0226453 -0.113604 0.179566 12.3806 -98.599 -11.1776 
1.5708 -0.20944 0.0940074 0.497567 -0.045384 0.333094 0.294662 0.0247487 -0.10317 0.0470842 0.171731 0.0411003 0.147935 0.0569584 1.47377 0.662757 0.144014 -0.286756 0.0749804 0 -54.3588 326.054 -38.2918 0.0209448 -0.136044 0.192708 12.3806 -98.599 -11.1776 
1.5708 -0.20944 0.123534 0.450666 -0.0343296 0.330469 0.283875 0.102301 -0.101933 0.0244349 0.193337 0.0494921 0.255217 0.0774608 1.51045 0 0.123224 -0.271601 0.106518 0 -54.1468 325.918 -38.2273 0.0229496 -0.143714 0.192702 12.3806 -98.599 -11.1776 
1.5708 -0.20944 0.149959 0.369999 -0.0558489 0.291972 0.396786 0 -0.108171 0.0285435 0.247082 0.0277137 0.357063 0.0584115 1.48129 0 -0.0024202 -0.195053 0.200215 0 -54.6646 326.86 -38.111 0.024846 -0.161089 0.193219 12.3806 -98.599 -11.1776 
1.5708 -0.20944 0.153576 0.378807 -0.0229011 0.273547 0.277026 0.109058 -0.131169 0.0200443 0.319895 0 0.397164 0.0601118 1.46279 0 0.011294 -0.197402 0.177372 0 -54.6148 326.255 -38.1444 0.0219263 -0.163634 0.19806 12.3806 -98.599 -11.1776 
1.5708 -0.20944 0.153576 0.378807 -0.0229011 0.273547 0.277026 0.109058 -0.131169 0.0200443 0.319895 0 0.397164 0.0601118 1.46279 0 0.011294 -0.197402 0.177372 0 -54.6148 326.255 -38.1444 0.0219263 -0.163634 0.19806 12.3806 -98.599 -11.1776 
1.5708 -0.20944 0.0731829 0.501399 -0.0123164 0.257172 0.138089 0.341312 -0.113174 0.0240298 0.187381 0 0.281167 0.089807 1.43905 0.324893 -0.0185727 -0.171291 0.322311 0.0821096 -55.3773 326.749 -39.4825 0.0298897 -0.147572 0.201253 12.3806 -98.599 -11.1776 
1.5708 -0.20944 0.0723835 0.495804 -0.0154704 0.251055 0.133834 0.413737 -0.111095 0.0291523 0.188604 0 0.278852 0.0898473 1.45956 0 0.0127396 -0.185509 0.295857 0.207957 -55.3462 326.732 -39.4501 0.0319873 -0.147462 0.202464 12.3806 -98.599 -11.1776 
1.5708 -0.20944 0.0978922 0.195674 -0.02563 0.205891 0.162016 0.405742 -0.118106 0.00463816 0.199065 0 0.0621692 0.0516581 1.43443 0.399362 0.0829541 -0.266932 0.214503 0.000411279 -54.9513 325.98 -40.7856 0.0243973 -0.139308 0.234622 12.3806 -98.599 -11.1776 
1.48047 -0.20802 0.130322 0.111192 -0.0381025 0.235019 0 0.592617 -0.162808 0.0441756 0.178729 0.25134 -0.04903 0.0104895 1.11038 0.698767 0.109981 -0.32566 0.166622 0.0354528 -54.7439 328.626 -38.9849 0.0505161 -0.142326 0.227747 12.3806 -98.599 -11.1776 
1.47731 -0.207781 0.0213186 0.249916 -0.0309745 0.245401 0.028213 0.422447 -0.145597 0.0313506 0.190036 0.302835 -0.138992 -0.030732 1.13376 0 0.0736747 -0.349066 0.317656 0.00407178 -55.0579 329.433 -38.9414 0.0541937 -0.146847 0.223076 12.3806 -98.599 -11.1776 
1.40881 -0.209439 0.0196482 0.00783834 -0.0328764 0.238419 0.0135122 0.165095 -0.118116 0.0298341 0.193535 0.191995 -0.148343 -0.0591974 0.914077 0 0.153705 -0.349066 0.160624 0.310767 -54.8062 327.304 -36.5515 0.0439681 -0.128679 0.211663 12.3806 -98.599 -11.1776 
1.39001 -0.208809 0.00383143 0.006661 -0.0121694 0.235268 0.098464 0 -0.134431 0.00655072 0.243315 0.0893019 -0.138213 -0.0756684 0.695578 0 0.212524 -0.349066 0.107566 0 -54.5618 327.503 -36.7635 0.0437129 -0.13685 0.217461 12.3806 -98.599 -11.1776 
1.35592 -0.20944 0.00383072 0.000815272 -0.0121712 0.235269 0.175439 0 -0.161634 0.00630967 0.297396 0.0893038 -0.131818 -0.0754138 0.604487 0.0781652 0.212949 -0.349066 0.107487 0 -54.5618 327.503 -36.7635 0.0437119 -0.13685 0.217459 12.3806 -98.599 -11.1776 
1.29784 -0.207342 0 0 -0.0392612 0.26059 0.2814 0.162668 -0.164817 0.0239865 0.318349 0 -0.105637 -0.0693583 0.517537 0 0.193101 -0.349066 0.102063 0.175499 -53.515 328.25 -36.3092 0.0409381 -0.129731 0.215809 12.3806 -98.599 -11.1776 
1.21882 -0.150887 0.0363324 0.029923 -0.0578201 0.28727 0.318008 0 -0.169795 0.0418746 0.300085 0.0978121 -0.139817 -0.0695366 0.597369 0.0127623 0.204766 -0.349066 0.101991 0.0161912 -53.6555 328.011 -37.272 0.043599 -0.128368 0.213789 12.3806 -98.599 -11.1776 
1.12968 -0.147463 0 0 -0.14705 0.30632 0.509778 0 -0.0723422 0.0665369 0 0.331685 -0.16943 -0.0682181 0.555944 0 0.267856 -0.349066 0 0 -52.7481 327.682 -37.0954 0.0464451 -0.122923 0.196398 12.3806 -98.599 -11.1776 
0.910755 -0.139672 0 0 -0.173648 0.304279 0.256008 0.544315 -0.174533 0.0740972 0.0416603 0.41916 -0.174533 -0.0816763 0.360199 0.342452 0.302464 -0.349066 0.0409446 0 -53.3678 327.052 -40.0891 0.0492677 -0.0759197 0.187195 12.3806 -98.599 -11.1776 
0.791687 -0.108307 0 0 -0.162891 0.278416 0.150242 0.365607 -0.174533 -0.0211513 0.000665218 0.421511 -0.170403 -0.101711 0.146186 1.06679 0.225155 -0.349066 0.206435 0 -52.9394 327.071 -39.3503 0.0520367 -0.0756102 0.184267 12.3806 -98.599 -11.1776 
0.762341 -0.0531514 0 0 -0.17312 0.269012 0.152543 0.14427 -0.173656 -0.0364814 0.000642073 0.144034 -0.170138 -0.125504 0.169892 0.595859 0.228904 -0.349066 0.206973 0.0798655 -52.817 327.01 -39.3226 0.0531499 -0.0765638 0.185707 12.3806 -98.599 -11.1776 
0.677443 -0.024665 4.51309e-005 0.00394013 -0.174385 0.28747 0.0255493 0.160118 -0.166106 -0.0027083 0 0 -0.147312 -0.116435 0.237102 0 0.269527 -0.348995 0.096147 0.0272913 -54.4008 326.83 -38.0936 0.0567715 -0.0370594 0.167378 12.3806 -98.599 -11.1776 
0.692095 -0.0171989 0.000416345 0 -0.174533 0.30503 0.0121364 0.0437885 -0.172152 0.017267 0 0 -0.105753 -0.102744 0.158616 0 0.314166 -0.348996 0.0559065 3.39097e-005 -54.3969 326.822 -38.0946 0.0566336 -0.0370829 0.167321 12.3806 -98.599 -11.1776 
0.72864 -0.0290099 0.00292224 0 -0.173854 0.31886 0.0150994 0.18051 -0.174228 0.0332875 0.00496884 0 -0.080873 -0.0561788 0.125 0 0.369684 -0.349066 0.0842021 8.4592e-006 -55.0379 325.694 -37.6524 0.0422628 -0.0504815 0.167213 12.3806 -98.599 -11.1776 
0.749967 -0.0462985 0.0132128 0.0367576 -0.174479 0.349066 0.000246757 0.0651704 -0.174533 0.0613078 0.00207622 0 -0.0650309 -0.000279963 0.150471 0 0.438652 -0.295028 0.140892 0.000251289 -54.4921 328.408 -37.2615 0.0395532 -0.0398551 0.161344 12.3806 -98.599 -11.1776 
0.840631 -0.0773828 0.0216823 0.165326 -0.174533 0.349066 0.0508612 0.0812971 -0.174533 0.0460023 0.0329588 0.147606 -0.0625284 -0.0555708 0.165584 0.336211 0.604875 -0.224974 0.108796 0.169427 -54.3951 328.401 -36.931 0.0181814 -0.0426743 0.171897 12.3806 -98.599 -11.1776 
0.95197 -0.129075 0 0.166097 -0.174533 0.348867 0.0395129 0.134084 -0.174533 0.051635 0.0483254 0.0523386 0.00509902 -0.01668 0.0736674 0.39668 0.676597 -0.141301 0.0803737 0.318149 -54.4622 328.403 -33.4877 0.0184158 -0.0435019 0.172481 12.3806 -98.599 -11.1776 
1.10845 -0.181289 0 0 -0.174533 0.349066 0.00888431 0.174049 -0.174533 0.0686408 0.0541358 0.012493 0.0749523 0.0500509 0 0.333309 0.716363 -0.0866604 0 0 -54.4056 328.452 -33.1783 0.0172097 -0.0414538 0.179225 12.3806 -98.599 -11.1776 
1.38778 0.00883912 0.0570603 0 -0.0289353 0.349066 0.133535 0.00854686 -0.172831 0.128809 0 0.621804 0.150313 0.103118 0.12896 0.357647 0.513122 0.000191507 0.374642 0 -51.3945 332.276 -31.3495 -0.0229555 -0.104639 0.198262 12.3806 -98.599 -11.1776 
1.46607 0.000134037 0.00517897 0 -0.157528 0.349066 0.583811 0 -0.174533 0.135968 0.00383346 0.738985 0.227201 0.146325 0.223326 0.0107561 0.628174 0.0640025 0.153199 0 -52.7566 332.356 -30.3551 -0.030775 -0.100965 0.205474 12.3806 -98.599 -11.1776 
1.46287 -0.0575582 0.118761 0 -0.1599 0.349066 0.519959 0 -0.173279 0.132018 0.0173134 0.843768 0.284885 0.149954 0.0670311 0.16856 0.700116 0.176426 0.0107982 0 -51.7288 332.61 -31.183 -0.0240816 -0.112494 0.215483 12.3806 -98.599 -11.1776 
1.4148 -0.075762 0.2111 0.0344198 -0.152784 0.345136 0.531971 0 -0.108819 0.124254 0.0829986 0.47183 0.26231 0.203995 0.00358695 0.246741 0.635005 0.314046 0.189901 0 -54.5764 330.01 -32.5675 -0.0565524 -0.0960857 0.210851 12.3806 -98.599 -11.1776 
1.44874 -0.185913 0.122435 0.00911039 -0.145095 0.349066 0.572645 0 -0.1308 0.122206 0.151132 0.481479 0.215799 0.289839 0 0.0186529 0.54788 0.349066 0.273622 0 -54.9605 329.505 -33.1648 -0.0586726 -0.101139 0.196643 12.3806 -98.599 -11.1776 
1.47981 -0.202316 0.141006 0.00996924 -0.122972 0.34852 0.598931 0 -0.148855 0.0874529 0.30465 0.089873 0.180935 0.315465 0 0 0.557143 0.349066 0.196464 0 -54.7863 329.497 -33.0145 -0.0579286 -0.0998926 0.199683 12.3806 -98.599 -11.1776 
1.49149 -0.20944 0.121978 0.0190915 -0.0922375 0.349066 0.586556 0 -0.128984 0.0853711 0.310614 0.111116 0.183505 0.343234 0 0 0.639675 0.349066 0.133387 0.160569 -54.7814 329.375 -34.8198 -0.0615173 -0.10201 0.197255 12.3806 -98.599 -11.1776 
1.4867 -0.195735 0.146143 0 -0.0623213 0.341504 0.506372 0.0131544 -0.118556 0.0848929 0.237356 0.240819 0.15498 0.347791 0 0 0.554311 0.349066 0 1.5708 -54.5476 329.381 -35.4833 -0.0417723 -0.102637 0.199577 12.3806 -98.599 -11.1776 
1.48016 -0.20944 0.171991 0 -0.0275588 0.300563 0.445018 0.0438179 -0.127348 0.0718095 0.249523 0.300113 0.123947 0.347016 0 0 0.509811 0.349066 0 1.5708 -54.9188 329.556 -35.487 -0.0321444 -0.102608 0.203523 12.3806 -98.599 -11.1776 
1.50004 -0.20944 0.173259 0 0.0052943 0.268137 0.435428 0.0290973 -0.1489 0.0742106 0.248743 0.572092 0.0872485 0.346998 0 0 0.508523 0.349066 0 1.5708 -54.9431 329.622 -35.4712 -0.0307331 -0.103436 0.203849 12.3806 -98.599 -11.1776 
1.49383 -0.20944 0.195497 0.00859907 0.0414452 0.276657 0.421372 0.0810985 -0.162971 0.0644365 0.23177 0.64277 0.0808213 0.343878 0 0 0.479156 0.349066 0 1.34928 -55.4364 330.232 -36.55 -0.0280027 -0.100533 0.203324 12.3806 -98.599 -11.1776 
1.56042 -0.208923 0.123489 0.0351483 0.0523478 0.276029 0.325368 0.268665 -0.173677 0.0599436 0.225337 0.673156 0.0617864 0.342351 0 0 0.482847 0.349066 0 0.0120466 -55.6382 330.16 -36.5401 -0.0346498 -0.0945013 0.204011 12.3806 -98.599 -11.1776 
1.50141 -0.20936 0.129847 0.0419172 0.0474251 0.283474 0.391804 0.0939938 -0.171678 0.0769599 0.228294 0.34217 0.0383403 0.315729 0.000487372 0.00820061 0.438484 0.349066 0 0.105209 -57.1605 331.277 -36.1115 -0.0248711 -0.109793 0.199135 12.3806 -98.599 -11.1776 
1.26289 -0.207871 0.160581 0.117645 0.0816235 0.314493 0.170585 0 -0.171942 0.128415 0.228596 0.222133 0.0314085 0.27722 0.00509344 0 0.450968 0.349066 0.00896441 0.0158008 -57.7376 330.714 -35.3005 -0.0244177 -0.0990857 0.182623 12.3806 -98.599 -11.1776 
1.06179 -0.20944 0 0 0.267118 0.349066 0.114887 0.381527 -0.0340628 0.251292 0.243118 0.310578 -0.0553852 0.3236 0.75429 0 0.682712 0.349066 0.027734 0.233008 -59.6761 332.945 -38.7142 -0.117353 0.00337587 0.149709 12.3806 -98.599 -11.1776 
1.10062 -0.135494 0 0.000779273 0.142074 0.343699 0.348506 0.223837 -0.0449687 0.228464 0.370729 0.322599 -0.0337508 0.243333 0.803012 0.319599 0.725522 0.203069 0.0136588 0.133495 -59.4738 333.042 -31.2261 -0.119456 0.00677641 0.155956 12.3806 -98.599 -11.1776 
1.04193 -0.0610111 0.019283 0 0.104018 0.332217 0.153016 0.606143 -0.115225 0.166126 0.562575 0.00924838 -0.027362 0.16195 0.889581 0.0910322 0.638039 0.0774009 0.220958 0.229253 -59.7101 332.62 -30.0725 -0.1162 0.0350111 0.16871 12.3806 -98.599 -11.1776 
1.03407 -0.0458052 0.00521596 0 0.1155 0.329301 0 0.725579 -0.106347 0.114596 0.584609 0 -0.00165786 0.105523 0.891035 0.0115157 0.697456 -0.0920775 0 0.354695 -59.6433 332.607 -30.1112 -0.116321 0.0339035 0.169872 12.3806 -98.599 -11.1776 
0.972787 -0.0532106 0.00197395 0 0.0761719 0.330504 0.0196282 0.899411 -0.100603 0.0693378 0.604366 0 0.0392843 0.0783872 0.722112 0.116967 0.716286 -0.20761 0 0.203411 -59.493 331.43 -28.9823 -0.118282 0.0425937 0.168408 12.3806 -98.599 -11.1776 
0.981022 -0.0135269 0.00630779 0 0.0797603 0.327906 0.146959 0.49441 -0.0844755 0.0485421 0.598691 0 0.0882392 0.0402625 0.615661 0.0704106 0.68954 -0.329837 0 0 -58.99 330.804 -28.7755 -0.122796 -0.0106239 0.161241 12.3806 -98.599 -11.1776 
0.849636 0.055524 0.0198361 0 0.0219765 0.333076 0.218287 0.398199 -0.0718908 0.0331626 0.527759 0 0.114506 -0.00252886 0.429186 0.182929 0.698202 -0.349066 0 0 -56.0525 330.806 -28.7811 -0.122736 -0.00753082 0.161364 12.3806 -98.599 -11.1776 
0.741639 0.0828326 0 0 0.026259 0.330732 0.0975559 0.438113 -0.0846745 0.00132831 0.529428 0.0504773 0.151372 -0.0474217 0.241297 0.414838 0.705754 -0.349066 0 0 -55.1041 331.018 -29.0542 -0.114149 -0.0100948 0.165315 12.3806 -98.599 -11.1776 
0.607997 0.104541 0.00582915 0 0.024678 0.324152 0.100372 0.202267 -0.0957277 0.0129404 0.536529 0 0.183294 -0.0733491 0.204505 0.164287 0.719801 -0.349066 0 0 -55.5039 331.078 -29.7253 -0.107854 -0.0109097 0.157025 12.3806 -98.599 -11.1776 
0.454024 0.102445 0.00412173 0.0196508 0.00410459 0.327637 0.0719297 0 -0.11226 -0.0233728 0.52653 0.0209098 0.234415 -0.0878846 0.0732359 0.0163922 0.730326 -0.349066 0 0 -55.0383 331.011 -29.7254 -0.0934517 0.00105413 0.156248 12.3806 -98.599 -11.1776 
0.361197 0.0812698 0 0 0.00114729 0.320334 0.0530724 0 -0.0361021 -0.0324075 0.323825 0.0192556 0.279955 -0.0881072 0 0.00308973 0.71614 -0.349066 0 0 -54.9127 329.424 -29.644 -0.0947008 0.00864208 0.159277 12.3806 -98.599 -11.1776 
0.286217 0.0893474 0.048621 0 0.0392307 0.32966 0.0399865 0 0.0644117 0.00357097 0.100485 0.0484562 0.277529 -0.0760755 0 0.000296884 0.665452 -0.349066 0 0.0115654 -54.0831 329.855 -30.5747 -0.086253 -0.0117363 0.146485 12.3806 -98.599 -11.1776 
0.163681 0.0848533 0.119618 0.01329 0.0501537 0.315857 0.0228807 0.085579 0.0890096 0.00644731 0.0328836 0.077178 0.273804 -0.0884203 0.00109223 6.72249e-005 0.697978 -0.349066 0 6.64899e-005 -54.2358 329.787 -30.5229 -0.0812277 -0.0101166 0.14794 12.3806 -98.599 -11.1776 
0.116688 0.0368862 0.0848114 0 0.0549948 0.314882 0.00243617 0.0875995 0.120647 0.0188126 0 0.0735055 0.279294 -0.088231 0 0 0.736867 -0.349066 0 0 -54.303 329.535 -30.6636 -0.0784928 -0.0132359 0.141407 12.3806 -98.599 -11.1776 
