0.055514 0.0970208 0.0128931 0.194793 -0.0165559 0.280293 0.0181435 0.000752511 -0.160543 0.0345695 0.0300832 0.184703 0.0030476 -0.131861 0.00967805 0.157219 0.386741 -0.349056 0.0421932 0.00636219 -24.8545 267.569 -36.192 -0.0135752 0.0702159 -0.035338 0.0783997 -98.162 -19.083 
-0.00721727 0.110156 0.0281327 0.277495 -0.0533177 0.32773 0.00845589 0 -0.174233 0.029024 0.0450735 0.332859 0.00146627 -0.141841 0.022372 0.167673 0.368225 -0.349041 0.0367674 0 -24.5887 267.254 -36.0277 -0.0135752 0.0702159 -0.035338 0.0783997 -98.162 -19.083 
-0.0142578 0.114936 0.020835 0.279239 -0.0696459 0.333792 0 0.0187811 -0.174533 0.0234671 0.0432245 0.365132 0.00762636 -0.146109 0.0141248 0.153502 0.366422 -0.349066 0.0415189 0.00568275 -24.4564 266.973 -35.9906 -0.0135752 0.0702159 -0.035338 0.0783997 -98.162 -19.083 
-0.0120484 0.116256 0.0144484 0.279288 -0.0821697 0.333996 0.000617548 0.0194037 -0.174493 0.0268958 0.0439956 0.353847 0.00866742 -0.148602 0.0129959 0.188829 0.366684 -0.349065 0.0382598 0.0102126 -24.1023 266.7 -36.0176 -0.0135752 0.0702159 -0.035338 0.0783997 -98.162 -19.083 
-0.0124841 0.109161 0.00462796 0.327249 -0.103075 0.32742 0.00625064 0.0139036 -0.169618 0.0356105 0.0381586 0.314329 0.0158967 -0.148007 0.00102323 0.143957 0.392245 -0.349066 6.42068e-005 0.00286785 -23.9335 266.467 -36.1102 -0.0135752 0.0702159 -0.035338 0.0783997 -98.162 -19.083 
-0.0170792 0.109621 0.0047967 0.391054 -0.111495 0.325194 0.00362859 0.00608863 -0.167962 0.0354624 0.0305736 0.306642 0.0207958 -0.140445 0.000143613 0.149283 0.384029 -0.349066 0.00313767 0.00355121 -23.7213 266.254 -36.0889 -0.0135752 0.0702159 -0.035338 0.0783997 -98.162 -19.083 
-0.0170778 0.109175 0.00198016 0.399178 -0.114818 0.324741 0.00274345 0.0027952 -0.172137 0.0330413 0.0296707 0.304059 0.0207819 -0.137885 3.29325e-005 0.14153 0.391861 -0.349066 0.000160942 9.9103e-006 -23.676 266.065 -35.9429 -0.0135752 0.0702159 -0.035338 0.0783997 -98.162 -19.083 
-0.0132428 0.109403 0.000651949 0.359887 -0.117475 0.340895 0.000990751 0.000675308 -0.174207 0.0355939 0.0308434 0.292105 0.0189247 -0.142096 1.22543e-006 0.118213 0.360674 -0.349066 0 0.000202161 -23.6328 265.992 -35.7174 -0.0135752 0.0702159 -0.035338 0.0783997 -98.162 -19.083 
-0.0169387 0.108856 0.000101909 0.36765 -0.118073 0.341158 0.000615189 3.11345e-005 -0.174326 0.036917 0.0303002 0.28751 0.013487 -0.139831 0 0.116265 0.339955 -0.349066 0 0 -23.5869 265.838 -35.4555 -0.0135752 0.0702159 -0.035338 0.0783997 -98.162 -19.083 
-0.0199827 0.115319 0.000103844 0.353476 -0.122161 0.343598 0.00922614 0.00513515 -0.172099 0.0412211 0.0352104 0.294205 0.00628292 -0.140412 0.00591991 0.133805 0.34623 -0.349066 0.000908664 3.70524e-006 -23.5996 265.696 -35.3192 -0.0135752 0.0702159 -0.035338 0.0783997 -98.162 -19.083 
-0.0218224 0.113281 0.000470901 0.344224 -0.134135 0.345732 0.00860295 0.00415607 -0.174142 0.0393178 0.0287472 0.293075 -0.00189558 -0.138805 0.0189714 0.135341 0.332875 -0.348786 0.000441529 3.89113e-007 -23.5542 265.592 -35.0006 -0.0135752 0.0702159 -0.035338 0.0783997 -98.162 -19.083 
-0.0311637 0.114455 0 0.358079 -0.135422 0.346513 7.53319e-005 0.00208389 -0.174519 0.0393254 0.00835695 0.306584 -0.00537528 -0.130662 0.000459868 0.140625 0.315837 -0.349066 2.99615e-005 0 -23.3848 265.522 -34.2351 -0.0135752 0.0702159 -0.035338 0.0783997 -98.162 -19.083 
-0.0331641 0.115721 0.00340818 0.348639 -0.142012 0.34498 0.0187336 0.00208534 -0.174533 0.0417893 0.0109444 0.30623 -0.00807133 -0.13219 0.000554053 0.230736 0.303627 -0.349066 0.000243927 0.116158 -23.3249 265.473 -34.0707 -0.0135752 0.0702159 -0.035338 0.0783997 -98.162 -19.083 
-0.0354383 0.117923 0.00237761 0.362388 -0.153353 0.34729 0.0182439 0.000433766 -0.174533 0.0429926 0.00430857 0.300348 -0.0170015 -0.132435 0.000991598 0.235632 0.279308 -0.349066 0.00157059 0.0154199 -23.2548 265.454 -34.0369 -0.0135752 0.0702159 -0.035338 0.0783997 -98.162 -19.083 
-0.0334428 0.120335 0.000187041 0.367251 -0.160378 0.347855 0.0106491 0.000183777 -0.174533 0.0430607 0.0343813 0.32387 -0.0174719 -0.129346 0.000260636 0.208051 0.275312 -0.349066 2.76195e-005 0.0128311 -23.2636 265.415 -33.5113 -0.0135752 0.0702159 -0.035338 0.0783997 -98.162 -19.083 
-0.0238425 0.122922 0.00185909 0.38328 -0.162479 0.348616 0.0113646 0.0105097 -0.173337 0.0609373 0.101055 0.511273 -0.00605113 -0.112647 0.00560903 0.377813 0.275336 -0.348959 0.000106495 0.0260598 -23.2633 265.382 -33.3992 -0.0135752 0.0702159 -0.035338 0.0783997 -98.162 -19.083 
-0.0130526 0.105222 0.00831262 0.429984 -0.171742 0.348776 0.00116257 0.986068 -0.173888 0.081705 0.10513 1.11254 -0.0105893 -0.0992622 0.0313375 0.843445 0.285361 -0.347643 0.000105717 0.0292458 -23.1804 265.366 -33.1419 -0.0135752 0.0702159 -0.035338 0.0783997 -98.162 -19.083 
0.120342 0.101201 0.0229074 0.614147 -0.174373 0.318308 0.367027 1.35773 -0.174498 0.157636 0.302413 1.4182 -0.138308 -0.0622374 0.479221 1.14137 0.373538 -0.344334 0.0275235 0.498439 -22.8981 265.373 -32.6687 -0.0135752 0.0702159 -0.035338 0.0783997 -98.162 -19.083 
0.212452 0.0826375 0.0406887 0.539699 -0.172391 0.320916 0.778665 1.53696 -0.0777622 0.209027 0.742001 1.35136 -0.144847 -0.0129767 0.867909 1.15709 0.25465 -0.347416 0.228059 0.977012 -22.8315 265.386 -32.2067 -0.0135752 0.0702159 -0.035338 0.0783997 -98.162 -19.083 
0.232179 0.0894924 0.0778343 0.454047 -0.119684 0.310176 0.83907 1.56259 -0.0376377 0.209472 0.98753 1.22382 -0.149821 0.086594 1.09215 1.23491 0.329821 -0.294329 0.298724 1.33264 -22.5119 265.52 -31.6671 -0.0135752 0.0702159 -0.035338 0.0783997 -98.162 -19.083 
0.104163 0.0757334 0.0689103 0.743373 -0.0319112 0.313384 0.943692 1.44766 0.00975483 0.155839 1.20643 1.40357 0.0453327 0.139041 1.09674 1.32447 0.448763 -0.293435 0.358472 1.52794 -22.3 265.974 -31.1315 -0.0135752 0.0702159 -0.035338 0.0783997 -98.162 -19.083 
0.255195 0.0590801 0.03001 0.912525 -0.122013 0.335446 1.44786 1.55232 0.0805768 0.265366 1.37782 1.34911 -0.0504611 0.155644 1.45634 1.16116 0.613875 -0.327054 0.238946 1.56755 -22.09 267.344 -30.7144 -0.0136232 0.0704641 -0.0354629 0.0783997 -98.162 -19.083 
0.200934 0.0628117 0.0536395 1.11144 -0.0991265 0.333621 1.58503 1.5516 0.136936 0.276057 1.50346 1.29574 0.000905987 0.148158 1.49153 1.34286 0.57505 -0.333159 0.615865 1.57062 -21.9944 266.745 -27.3359 -0.0136232 0.0704641 -0.0354629 0.0783997 -98.162 -19.083 
0.210948 0.0618216 0.117894 1.2149 -0.0258486 0.280769 1.69307 1.54878 0.123769 0.273649 1.64618 0.625104 0.0422356 0.206009 1.68036 1.49193 0.541926 -0.317392 1.01168 1.42862 -22.0778 267.032 -26.4407 -0.0136232 0.0704641 -0.0354629 0.0783997 -98.162 -19.083 
0.30357 0.0922785 0.141137 1.26855 0.140422 0.273559 1.72911 1.38598 0.34344 0.294425 1.61505 0.399619 0.131199 0.152817 1.74378 1.39324 0.618393 -0.164056 1.44449 1.50369 -23.221 277.777 -27.4469 -0.0141617 0.0732495 -0.0368647 0.0783997 -98.162 -19.083 
0.31187 0.093148 0.197132 1.38674 0.173134 0.276949 1.70264 1.46526 0.410164 0.282687 1.61589 0.293041 0.0886655 0.16067 1.74291 1.40417 0.530914 -0.154856 1.55111 1.54152 -22.3781 267.283 -26.402 -0.0141617 0.0732495 -0.0368647 0.0783997 -98.162 -19.083 
0.495752 0.210744 0.340714 1.45947 0.509385 0.201517 1.74184 1.44338 0.499982 0.320152 1.49174 0.699045 0.241829 0.222162 1.67865 1.51632 0.864497 -0.223762 1.14967 1.55886 -22.6505 267.341 -26.4373 -0.0141617 0.0732495 -0.0368647 0.0783997 -98.162 -19.083 
0.298455 0.247572 0.640675 1.52239 0.512352 0.260007 1.6804 1.43166 0.67619 0.343504 1.40805 1.42476 0.424295 0.318645 1.73584 1.51497 0.927531 -0.202147 1.37877 1.54051 -22.907 267.371 -27.6591 -0.0141617 0.0732495 -0.0368647 0.0783997 -98.162 -19.083 
0.221551 0.263165 0.699963 1.56728 0.64954 0.24737 1.62586 1.53851 0.816274 0.296484 1.49683 1.55142 0.729236 0.321478 1.74257 1.48714 0.992548 -0.24329 1.37333 1.56895 -22.8977 267.431 -29.2418 -0.0141617 0.0732495 -0.0368647 0.0783997 -98.162 -19.083 
0.273703 0.184236 0.697863 1.56721 0.869084 0.285629 1.68276 1.55404 0.963066 0.309462 1.58737 1.44392 0.891945 0.320529 1.74405 1.53023 0.932302 -0.291114 1.61757 1.55175 -25.4453 267.424 -29.3889 -0.0141617 0.0732495 -0.0368647 0.0783997 -98.162 -19.083 
0.287207 0.197157 0.765502 1.56828 0.92838 0.253787 1.72391 1.55008 1.01176 0.317419 1.67816 1.52774 1.02466 0.317379 1.71951 1.53789 0.966625 -0.306894 1.42562 1.5708 -27.1012 266.995 -28.9755 -0.0141617 0.0732495 -0.0368647 0.0783997 -98.162 -19.083 
0.348868 0.25528 0.796785 1.53088 1.24361 0.0100445 1.6954 1.56078 1.05852 0.179137 1.5478 1.55631 1.34512 0.333778 1.69152 1.55857 1.14959 -0.328734 1.59654 1.47581 -27.6593 266.26 -28.5414 -0.0141617 0.0732495 -0.0368647 0.0783997 -98.162 -19.083 
0.356784 0.238523 0.852913 1.53568 1.27917 0.00347269 1.71193 1.55181 1.08844 0.177157 1.57939 1.5609 1.43118 0.334025 1.73584 1.51255 1.20151 -0.34864 1.62141 1.46995 -27.6724 265.851 -28.4051 -0.0141617 0.0732495 -0.0368647 0.0783997 -98.162 -19.083 
0.31173 0.0892047 0.820955 1.5708 1.57069 0.332918 1.71616 1.35686 1.35698 0.209012 1.745 1.46704 1.55562 0.29052 1.74533 1.29227 1.18428 -0.349066 1.74533 1.5708 -27.576 264.996 -28.3289 -0.0141617 0.0732495 -0.0368647 0.0783997 -98.162 -19.083 
0.317095 0.0866741 0.806117 1.57006 1.56119 0.343305 1.737 1.42776 1.37867 0.241325 1.74512 1.45706 1.55324 0.291696 1.74508 1.25957 1.2057 -0.347053 1.74533 1.56917 -27.5313 264.294 -28.1524 -0.0141617 0.0732495 -0.0368647 0.0783997 -98.162 -19.083 
0.266228 0.102028 0.80676 1.56999 1.56667 0.346124 1.74245 1.43336 1.38542 0.23949 1.74533 1.32664 1.56321 0.297544 1.7452 1.25762 1.20937 -0.347798 1.74533 1.5708 -27.3421 263.495 -27.9147 -0.0141617 0.0732495 -0.0368647 0.0783997 -98.162 -19.083 
0.291518 0.0801968 0.775733 1.57065 1.56895 0.319767 1.74384 1.15181 1.39593 0.260338 1.74508 1.43755 1.52979 0.292702 1.74528 1.29033 1.49822 -0.349066 1.74513 1.53698 -27.342 263.003 -27.2908 -0.0141617 0.0732495 -0.0368647 0.0783997 -98.162 -19.083 
0.224956 0.0670067 0.822232 1.53465 1.57025 0.304212 1.74532 1.24457 1.47957 0.303874 1.68816 1.33608 1.55311 0.269499 1.74533 1.5708 1.57079 -0.348281 1.74422 1.31979 -27.4746 262.635 -26.7122 -0.0141617 0.0732495 -0.0368647 0.0783997 -98.162 -19.083 
0.222907 0.0804431 0.81303 1.53116 1.5708 0.325303 1.74533 1.25859 1.50921 0.303425 1.74532 1.25396 1.55845 0.292761 1.74506 1.5708 1.5708 -0.347486 1.74498 1.29295 -28.1635 262.233 -26.098 -0.0141617 0.0732495 -0.0368647 0.0783997 -98.162 -19.083 
0.142258 0.0725215 0.810807 1.5355 1.5708 0.339722 1.74533 1.06701 1.17613 0.342641 1.74533 1.20093 1.55757 0.301171 1.74524 1.5708 1.57079 -0.349066 1.74532 1.29924 -26.6452 262.109 -26.736 -0.014162 0.0732511 -0.0368655 0.0783997 -98.162 -19.083 
-0.0352162 0.051561 0.763287 1.53961 1.52968 0.3489 1.74533 1.09672 1.16197 0.345547 1.73656 1.5708 1.43226 0.314925 1.7453 1.33443 1.5708 -0.349003 1.74533 1.11774 -25.4094 262.026 -26.8974 -0.014162 0.0732511 -0.0368655 0.0783997 -98.162 -19.083 
-0.0832654 0.0993071 1.08879 1.5708 1.1362 0.194423 1.74533 1.5708 0.654143 0.293662 1.74533 1.50078 1.03883 0.243231 1.74533 1.43066 1.5708 -0.349063 1.74533 1.23177 -24.6774 262.166 -26.8084 -0.014162 0.0732511 -0.0368655 0.0783997 -98.162 -19.083 
-0.0885443 0.0943105 0.670015 1.53345 0.83051 0.285922 1.74448 1.5708 0.763387 0.346557 1.74533 1.35095 0.740305 0.321092 1.73996 1.5495 1.22226 -0.346508 1.74533 1.48181 -23.9111 263.031 -25.9663 -0.014162 0.0732511 -0.0368655 0.0783997 -98.162 -19.083 
-0.108345 0.126215 0.690927 1.45295 0.763768 0.307694 1.74322 1.5708 0.799765 0.347653 1.74471 1.51223 0.734719 0.347039 1.7425 1.56644 1.24063 -0.348868 1.71819 1.55387 -23.4891 264.432 -25.3113 -0.0141858 0.073374 -0.0369274 0.0783997 -98.162 -19.083 
-0.0880318 -0.0237846 0.295195 1.57074 0.472889 0.348059 1.74456 1.48891 0.519306 0.349066 1.74531 1.56927 0.557897 0.349065 1.74533 1.48638 0.968334 -0.1917 1.74533 1.56191 -23.298 264.731 -25.0287 -0.0141858 0.073374 -0.0369274 0.0783997 -98.162 -19.083 
-0.0857795 0.00744403 0.194015 1.5074 0.267706 0.318945 1.74533 1.49479 0.166491 0.333807 1.73635 1.50948 0.388705 0.291801 1.74533 1.35932 0.656732 -0.134218 1.74533 1.52829 -22.7175 265.837 -23.6143 -0.0141855 0.0733726 -0.0369266 0.0783997 -98.162 -19.083 
-0.162727 0.216579 0.385618 1.43534 -0.0751148 0.333848 1.74451 1.56472 -0.0734914 0.342585 1.74515 1.53383 0.350459 0.290836 1.65885 1.53318 0.301823 -0.109572 1.72681 1.57076 -22.433 266.861 -22.4361 -0.0141855 0.0733726 -0.0369266 0.0783997 -98.162 -19.083 
-0.157882 0.202052 0.369475 1.4852 -0.0732717 0.344133 1.74533 1.53052 -0.0679651 0.323111 1.74529 1.54612 0.268796 0.24348 1.69591 1.53598 0.12215 -0.115487 1.7057 1.56731 -22.0944 267.812 -20.9195 -0.0141855 0.0733726 -0.0369266 0.0783997 -98.162 -19.083 
0.0627178 0.157188 0.0500048 1.558 -0.173243 0.328983 1.7451 1.45129 -0.0462699 0.336691 1.74495 1.55892 0.0656581 0.312192 1.71051 1.44894 -0.173591 -0.0848872 1.71418 1.52971 -21.1857 269.579 -21.4711 -0.0141855 0.0733726 -0.0369266 0.0783997 -98.162 -19.083 
0.0108525 0.163428 0.118413 1.57061 -0.174532 0.346584 1.61519 1.56444 -0.122032 0.344194 1.74066 1.47875 -0.0699085 0.344252 1.52657 0.959147 -0.174515 -0.050349 1.7194 1.56557 -20.3577 271.513 -21.4306 -0.0141855 0.0733726 -0.0369266 0.0783997 -98.162 -19.083 
-0.0376128 0.15494 0.0947516 1.56501 -0.125639 0.348516 1.6203 1.55835 -0.170517 0.27318 1.744 1.56755 -0.0584175 0.348014 1.3703 0.872661 -0.174532 -0.0433407 1.71787 1.57031 -20.1792 272.571 -22.1071 -0.0141855 0.0733726 -0.0369266 0.0783997 -98.162 -19.083 
-0.0245933 0.121549 0.0820634 1.55563 -0.174533 0.343944 1.59057 1.56626 -0.173092 0.267606 1.74507 1.57079 -0.0755105 0.333997 1.32729 0.922632 -0.174533 -0.04716 1.70313 1.57052 -19.8987 273.123 -22.1112 -0.0141855 0.0733726 -0.0369266 0.0783997 -98.162 -19.083 
-0.0564479 0.130582 0.173743 1.3378 -0.174478 0.309726 1.6096 1.57079 -0.154072 0.243771 1.55869 1.56934 -0.100287 0.235395 0.922455 1.18236 -0.156631 -0.0934317 1.5984 1.56321 -19.3101 273.983 -22.3303 -0.0141855 0.0733726 -0.0369266 0.0783997 -98.162 -19.083 
-0.0325463 0.127786 0.287758 0.787756 -0.174533 0.315111 1.65005 1.57011 -0.173823 0.192872 1.10915 1.56839 -0.11401 0.252363 0.646654 1.23345 -0.170131 -0.0909953 1.40531 1.5708 -18.9698 274.241 -22.4734 -0.0141855 0.0733726 -0.0369266 0.0783997 -98.162 -19.083 
-0.0538797 0.146526 0.237602 0.888866 -0.174527 0.336981 1.59243 1.56784 -0.17453 0.192661 0.775627 1.5708 -0.0908326 0.221674 0.459915 1.1217 -0.165403 -0.145202 1.06788 1.55844 -18.7071 274.439 -22.68 -0.0141855 0.0733726 -0.0369266 0.0783997 -98.162 -19.083 
-0.069507 0.16905 0.196946 0.964271 -0.172797 0.322313 0.892739 1.57079 -0.174531 0.168289 0.621084 1.50711 -0.101113 0.18599 0.452886 0.647771 -0.169889 -0.145006 0.768364 1.56589 -18.4231 274.598 -22.7974 -0.0141855 0.0733726 -0.0369266 0.0783997 -98.162 -19.083 
-0.090002 0.191857 0.315374 0.756581 -0.157659 0.305352 0.833877 1.5708 -0.174533 0.166631 0.629026 1.51547 -0.062805 0.127766 0.412259 0.407602 -0.164329 -0.142163 0.699223 0.948769 -18.1366 274.768 -22.8533 -0.0141855 0.0733726 -0.0369266 0.0783997 -98.162 -19.083 
-0.0775038 0.192443 0.332704 0.749516 -0.170973 0.310253 0.800454 1.56961 -0.174533 0.16387 0.528379 1.48802 -0.0411425 0.0951782 0.361358 0.340995 -0.144801 -0.13534 0.780802 0.593724 -18.0602 274.821 -22.8529 -0.0141855 0.0733726 -0.0369266 0.0783997 -98.162 -19.083 
-0.105084 0.237766 0.413071 0.693476 -0.174533 0.324485 0.738684 1.49122 -0.171234 0.0852639 0.420331 1.46245 -0.0424348 0.0699869 0.291602 0.260958 -0.109963 -0.246222 0.756842 0.436277 -17.6654 274.897 -22.9844 -0.0141855 0.0733726 -0.0369266 0.0783997 -98.162 -19.083 
-0.0581413 0.219621 0.400698 0.618439 -0.174504 0.316425 0.700331 1.50097 -0.174533 0.0661876 0.257168 0.856924 -0.0414077 0.0476114 0.262516 0.163267 -0.119826 -0.285192 0.839238 0.427603 -16.964 274.93 -23.1363 -0.0141855 0.0733726 -0.0369266 0.0783997 -98.162 -19.083 
-0.0517788 0.211311 0.433856 0.522013 -0.174391 0.327351 0.510315 1.55714 -0.173143 0.0781536 0.214615 0.451635 -0.0509836 -0.00155681 0.213484 0.266821 -0.102204 -0.307335 0.751915 0.231931 -16.4664 274.936 -23.5221 -0.0141855 0.0733726 -0.0369266 0.0783997 -98.162 -19.083 
-0.00499265 0.241192 0.417557 0.540138 -0.174533 0.34457 0.297786 1.56714 -0.174533 0.0890424 0.147206 0.477429 -0.032754 -0.0210903 0.169953 0.224894 -0.129297 -0.328083 0.722223 0.325012 -16.1736 274.884 -23.8352 -0.0141855 0.0733726 -0.0369266 0.0783997 -98.162 -19.083 
-0.00977327 0.261485 0.438212 0.574843 -0.174533 0.346523 0.301163 0.925141 -0.174533 0.098592 0.143928 0.392947 -0.0474185 -0.0176978 0.169153 0.222018 -0.129521 -0.330958 0.813084 0.236633 -16.0554 274.764 -23.9751 -0.0141855 0.0733726 -0.0369266 0.0783997 -98.162 -19.083 
0.00986586 0.282166 0.45841 0.518248 -0.170598 0.347265 0.307591 0.531928 -0.167895 0.0946121 0.131579 0.383768 -0.0401261 -0.0188337 0.16891 0.175229 -0.100706 -0.344532 0.838162 0.0892472 -15.9626 274.617 -24.0026 -0.0141855 0.0733726 -0.0369266 0.0783997 -98.162 -19.083 
0.0353314 0.286752 0.458186 0.427775 -0.171151 0.349061 0.309066 0.427533 -0.171189 0.103685 0.132583 0.345004 -0.036932 -0.0214432 0.159076 0.161303 -0.0998172 -0.348837 0.844563 0.0058289 -15.8484 274.05 -24.3345 -0.0141855 0.0733726 -0.0369266 0.0783997 -98.162 -19.083 
0.0339435 0.290632 0.460539 0.346053 -0.17002 0.348962 0.312131 0.329946 -0.17331 0.105861 0.108604 0.351382 -0.0329817 -0.0286596 0.151057 0.141781 -0.0942881 -0.348625 0.829952 0.0028623 -15.7773 273.719 -24.4498 -0.0141855 0.0733726 -0.0369266 0.0783997 -98.162 -19.083 
