0.400584 0.0379475 0 0 0.0422365 0.278012 0 0 -0.174533 0.0477149 0.100892 0.118249 -0.16448 -0.0742066 0.217347 0.00268006 0.257248 -0.340645 0 0.156194 1.52678 348.066 -78.9434 -0.0434095 -0.165217 0.314358 13.2436 -95.942 -24.8945 
0.379922 0.0567184 0 0 0.0198392 0.284396 0.0307282 0 -0.1446 0.0707416 0.112902 0.00877113 -0.0577402 -0.0653071 0 0.000492824 0.208449 -0.34524 0 0.0186683 1.4529 347.907 -79.1715 -0.0453556 -0.157263 0.306326 13.2436 -95.942 -24.8945 
0.379608 0.0490661 0 0 -0.0153601 0.274786 0.0285381 0.0180817 -0.174533 0.0616832 0.16845 0.0146734 -0.0490303 -0.0666013 0 0 0.198981 -0.345457 0 0.00883652 1.49976 348.954 -79.2484 -0.027263 -0.146296 0.313793 13.2436 -95.942 -24.8945 
0.376764 0.0535008 0 0 -0.0088628 0.272429 0.0417773 0.00371545 -0.174533 0.0386883 0.184059 0.00514548 -0.0598509 -0.0773201 0.0123446 0 0.191116 -0.34531 0.0358703 0.00768092 1.57509 349.079 -79.4353 -0.0286121 -0.148659 0.315219 13.2436 -95.942 -24.8945 
0.382956 0.0697502 0 3.15704e-005 -0.0602389 0.267333 0.128366 0 -0.174533 0.0630255 0.159745 0 -0.0974589 -0.0587904 0 0 0.157694 -0.349066 0 0 1.29491 349.306 -79.4516 -0.0201309 -0.149936 0.307504 13.2436 -95.942 -24.8945 
0.36226 0.0649077 0 0 -0.0568195 0.28722 0.143951 0 -0.174533 0.0990241 0.176776 0.0115442 -0.0961408 -0.0380465 0 0 0.187726 -0.339977 0 0 1.43889 349.898 -79.5727 -0.0227493 -0.154388 0.292888 13.2436 -95.942 -24.8945 
0.351823 0.0598373 0 0 -0.0521144 0.282825 0.145792 0 -0.174533 0.0910063 0.155064 0.00374639 -0.119431 -0.0297168 0 0 0.151106 -0.285471 0 0 1.30693 349.975 -79.5716 -0.021791 -0.153632 0.289551 13.2436 -95.942 -24.8945 
0.349496 0.0308964 0 0 -0.00277418 0.292211 0 0 -0.174533 0.112431 0.0262442 0.00757388 -0.16038 -0.0163702 0 0 0.081664 -0.280798 0 0.204843 1.27084 350.156 -79.4954 -0.0198834 -0.148077 0.285897 13.2436 -95.942 -24.8945 
0.33504 0.013321 0.0141531 0.252737 -0.0710172 0.349066 0.0666173 0.170628 -0.174533 0.104948 0.00819458 0.00464647 -0.169737 -0.0539373 0 0 0.0155301 -0.245877 0 0.00186386 1.40595 350.07 -79.5184 -0.0205138 -0.147397 0.286522 13.2436 -95.942 -24.8945 
0.225712 -0.0419629 0.0786407 0.285678 -0.174533 0.349066 0.163695 0.548834 -0.174533 0.196147 0.000226638 0.0289634 -0.174533 0.0177473 0 0.00329693 -0.035972 -0.199546 0.0460017 0.0807577 0.373379 350.283 -79.5118 -0.0480274 -0.111952 0.256772 13.2436 -95.942 -24.8945 
0.226926 -0.0950853 0.0782763 0.18314 -0.170796 0.349066 0.248065 0.469455 -0.174533 0.207453 1.40231e-006 0.00175524 -0.174533 0.0141341 0.0013206 0.000322643 -0.00590287 -0.217992 0.0197506 0.0245124 1.12816 351.432 -78.8802 -0.0876245 -0.105161 0.271619 13.2436 -95.942 -24.8945 
0.344907 -0.150827 0.0623455 0.0284783 -0.155749 0.349066 0.54381 0.416387 -0.174533 0.197945 0 2.7909e-005 -0.174533 0.00765301 1.99963e-005 0.034124 0.031039 -0.263305 0 0.013092 1.19957 352.234 -79.2309 -0.119957 -0.104086 0.286444 13.2436 -95.942 -24.8945 
0.49802 -0.207939 0.01711 0 -0.163051 0.349066 0.819907 0.166004 -0.174533 0.174885 0.0164351 0.0235439 -0.173926 -0.0157221 0.0117686 0.081354 0.0956221 -0.27308 0.00908814 0.025877 1.29439 353.189 -78.8964 -0.139248 -0.123185 0.30366 13.2436 -95.942 -24.8945 
0.523964 -0.208984 0.0443236 0.0732915 -0.168489 0.349066 0.97161 0.308296 -0.174533 0.191791 0.00105242 0.0736273 -0.174533 -0.0478336 0.00783216 0.0703375 0.082085 -0.305999 0.0487383 0 1.71084 354.394 -78.9924 -0.140704 -0.112106 0.326065 13.2436 -95.942 -24.8945 
0.479024 -0.20944 0.0685866 0.169961 -0.161023 0.349066 1.29927 0.00810573 -0.174533 0.141317 0 0.0920727 -0.170071 -0.00750278 0 0.139163 0.0965216 -0.316679 0.0846205 0.00114083 1.54281 354.32 -79.89 -0.150596 -0.0839251 0.346371 13.2436 -95.942 -24.8945 
0.382713 -0.20944 0.139612 0.286674 0.0436543 0.349066 1.27476 0.449782 -0.174533 0.123087 0.0634787 0.254619 -0.111935 0.00360262 0.0365268 0.10872 0.18948 -0.349066 0.004631 0.0747392 0.735793 354.045 -80.1123 -0.181587 -0.0524484 0.346883 13.2436 -95.942 -24.8945 
0.41984 -0.20944 0.125819 0.236284 0.187968 0.349066 1.05239 0.113568 -0.174533 0.111216 0.0079513 0.254033 -0.147367 -0.06496 0.045276 0.05289 0.168197 -0.297221 0 0.0684906 0.681466 354.153 -79.9299 -0.174686 -0.0549624 0.345702 13.2436 -95.942 -24.8945 
0.536779 -0.206506 0.100397 0.148559 0.339763 0.349066 1.149 1.22717e-005 -0.17441 0.224673 0.162015 0.190975 -0.148896 -0.00753405 0.0308557 0.0355725 0.100506 -0.349066 0.0484905 0.0471045 -0.452842 354.811 -79.6151 -0.161793 -0.074395 0.345026 13.2436 -95.942 -24.8945 
0.40032 -0.20944 0.119034 0.547759 0.476721 0.349066 0.833493 1.51363e-006 -0.174533 0.215426 0.100864 0.125292 -0.172211 -0.0197978 0.122185 0.0128278 0.0706093 -0.293939 0.124782 0 0.786895 356.057 -80.3188 -0.153353 -0.0708807 0.353634 13.2436 -95.942 -24.8945 
0.374525 -0.20944 0.287807 0.513597 0.632415 0.349066 0.805092 3.29699e-008 -0.174533 0.159654 0.0389452 0.366661 -0.173214 -0.0786156 0.144924 0.00143079 0.039311 -0.334898 0.185378 0 0.799155 356.35 -80.2857 -0.153562 -0.0719897 0.358932 13.2436 -95.942 -24.8945 
0.534297 -0.209381 0.287292 0.38845 0.799233 0.347963 0.501088 3.45492e-008 -0.174428 0.242297 0.0276447 0.246553 -0.174365 -0.0918254 0.36061 2.47164e-005 0.054808 -0.290769 0.17497 0 -0.367955 356.132 -80.0709 -0.157644 -0.0744151 0.34106 13.2436 -95.942 -24.8945 
0.538194 -0.20944 0.0844357 0.295484 0.86843 0.349066 0.469433 0.207041 -0.174533 0.233279 0.0176725 0.115716 -0.168325 -0.130773 0.337578 4.63735e-006 0.103333 -0.290062 0 0.0436472 -0.552565 356.2 -79.646 -0.149616 -0.0713693 0.329467 13.2436 -95.942 -24.8945 
0.510871 -0.20944 0.0627669 0.300699 0.875576 0.349066 0.457399 0.193876 -0.174533 0.246768 0.0329459 0.267101 -0.166988 -0.0598798 0.18595 0.00124563 0.139697 -0.272099 0 0.043909 0.379781 356.609 -80.5505 -0.136905 -0.0689817 0.344872 13.2436 -95.942 -24.8945 
0.505908 -0.20944 0.0607065 0.313303 0.87547 0.349066 0.253254 0.186609 -0.174533 0.263539 0.0183545 0.700547 -0.168436 0.021528 0.173391 0 0.145091 -0.302421 0 0.00806134 0.443246 356.555 -80.7021 -0.137781 -0.0705338 0.344764 13.2436 -95.942 -24.8945 
0.460046 -0.167013 0.184056 0.0180396 0.703801 0.349066 0.43874 0.296655 -0.168718 0.238289 0.0275563 0.324485 -0.164048 -0.00524665 0.0939972 0.0888963 0.10023 -0.317419 0.00476955 0.0467485 0.132487 357.031 -79.5978 -0.108304 -0.073321 0.332922 13.2436 -95.942 -24.8945 
0.428632 -0.178015 0.100928 0.050494 0.432861 0.349066 0.5296 0.244941 -0.161779 0.195563 0 0.0704968 -0.171446 -0.0381116 0.123364 0.392495 0.142491 -0.323406 0.0023041 0 -0.323123 356.859 -79.8108 -0.116518 -0.0750889 0.307547 13.2436 -95.942 -24.8945 
0.539503 -0.196791 0 0 0.156866 0.349066 0.336817 0.54793 -0.154329 0.137853 0 0.135211 -0.174533 -0.0601657 0.0857444 0.0390378 0.190024 -0.32666 0.020171 0 -0.403329 357.417 -79.0756 -0.106113 -0.0794732 0.308803 13.2436 -95.942 -24.8945 
0.50815 -0.161096 0 0 -0.0476301 0.349066 0.316975 0.4503 -0.174533 0.125817 0.0895119 0.227784 -0.174533 -0.0919039 0.214109 0.0983371 0.188634 -0.349066 0 0 -0.041001 357.114 -78.8272 -0.11369 -0.0744292 0.312063 13.2436 -95.942 -24.8945 
0.515783 -0.108906 0.00182432 0 -0.174533 0.331645 0.416396 0.0144355 -0.174533 0.105289 0.187467 0.105461 -0.1727 -0.114107 0.214717 0.0372198 0.194411 -0.349066 0.00533106 0 0.550323 357.09 -78.6597 -0.110963 -0.0706877 0.306544 13.2436 -95.942 -24.8945 
0.537062 -0.0431061 0.000121755 0.00497503 -0.174533 0.332569 0.316914 0.0193861 -0.159664 0.088546 0.171907 0 -0.119938 -0.12003 0.089807 0 0.199616 -0.335538 0.030984 0 1.04393 357.483 -78.4515 -0.111589 -0.0721151 0.297381 13.2436 -95.942 -24.8945 
