0.328275 0.148451 0.0281891 0.00296967 -0.134175 0.349066 0.14145 0.171339 -0.0578425 0.150254 0.050701 0.11144 0.0284974 0.0786672 0.0294928 0.060063 0.201103 -0.343669 0.263024 0.0497462 -50.9644 313.412 -34.7581 0.0469101 -0.0260759 0.030281 12.3806 -98.599 -11.1776 
0.335862 0.140585 0.0576567 0.0293445 -0.133328 0.346645 0.152677 0.268248 -0.0661776 0.134698 0.0682135 0.243507 0.0229674 0.0629915 0.0523707 0.0676461 0.212951 -0.346574 0.230828 0.0524075 -51.0789 313.96 -35.0238 0.0479034 -0.0290402 0.0378261 12.3806 -98.599 -11.1776 
0.344154 0.136385 0.0586162 0.0386163 -0.138307 0.348486 0.174651 0.277225 -0.0682285 0.132258 0.0662265 0.242438 0.0218361 0.0583668 0.0263654 0.10347 0.205853 -0.348821 0.226272 0.0146904 -51.3994 314.206 -35.1702 0.0528709 -0.0327515 0.0406892 12.3806 -98.599 -11.1776 
0.349707 0.13518 0.054512 0.025863 -0.148147 0.349066 0.17637 0.27246 -0.0700235 0.13815 0.0532597 0.234705 0.0233353 0.0598998 0.00403718 0.103556 0.213431 -0.349015 0.218482 0.011251 -51.3288 314.476 -35.4566 0.0554736 -0.0299374 0.040915 12.3806 -98.599 -11.1776 
0.364416 0.132947 0.048214 0.00916796 -0.149806 0.348222 0.159603 0.304929 -0.0736618 0.13191 0.0539984 0.248392 0.0090655 0.0558899 0.0121226 0.158889 0.216253 -0.348402 0.23905 0.00579055 -51.4815 314.497 -36.3177 0.0549957 -0.0346483 0.0445641 12.3806 -98.599 -11.1776 
0.370574 0.139072 0.0478657 0.00144178 -0.151278 0.349066 0.158332 0.305927 -0.0746167 0.135381 0.0557909 0.298156 0.00939022 0.0584845 0.0139003 0.123025 0.223762 -0.348948 0.237483 0.00467576 -51.5936 314.748 -36.5862 0.0557045 -0.0365624 0.043903 12.3806 -98.599 -11.1776 
0.37303 0.138529 0.0388619 0.0019118 -0.151679 0.349066 0.134556 0.291353 -0.0770729 0.135565 0.0564873 0.31394 0.0104108 0.0549702 0.00947516 0.114868 0.229795 -0.348954 0.227567 0.00229253 -51.6038 314.764 -36.7221 0.0580249 -0.0346314 0.0463915 12.3806 -98.599 -11.1776 
0.374861 0.131922 0.0400464 0.00978268 -0.151006 0.349066 0.131984 0.293097 -0.075227 0.125843 0.0398102 0.37142 0.00800119 0.0482811 0.00128703 0.121006 0.235696 -0.349057 0.215633 0.000194335 -51.7127 315.097 -37.2082 0.0603133 -0.0376199 0.0500991 12.3806 -98.599 -11.1776 
0.38017 0.131629 0.0444547 0.00566788 -0.154662 0.349062 0.131326 0.293158 -0.099755 0.130109 0.0843558 0.377579 0.00324927 0.0492381 0.000458172 0.115443 0.239416 -0.348884 0.158926 3.94191e-005 -51.7323 315.101 -37.7687 0.0638467 -0.0369315 0.0482101 12.3806 -98.599 -11.1776 
0.388322 0.127407 0.0438026 0.0218372 -0.163362 0.349065 0.13733 0.296415 -0.112019 0.138436 0.0942924 0.365386 0.0025655 0.0493378 0.00793352 0.112434 0.244318 -0.348974 0.119368 0 -51.7346 314.872 -37.9247 0.0657064 -0.0347661 0.0508348 12.3806 -98.599 -11.1776 
0.408978 0.122712 0.0459414 0.0117112 -0.163129 0.349066 0.151115 0.304618 -0.115247 0.143406 0.0910997 0.393609 0.00687715 0.0580717 6.93877e-005 0.0913026 0.24592 -0.349054 0.0915371 0.000449319 -51.9118 315.042 -37.7703 0.06454 -0.0331941 0.0534111 12.3806 -98.599 -11.1776 
0.431088 0.106927 0.0509962 0.060489 -0.167085 0.348643 0.180776 0.379944 -0.111591 0.137083 0.0847758 0.301137 0.00267484 0.0561834 0.000365212 0.0741696 0.235663 -0.348911 0.0789877 0.00191387 -51.801 315.444 -37.6502 0.0672155 -0.0319481 0.0637751 12.3806 -98.599 -11.1776 
0.470228 0.0735285 0.0361763 0.120721 -0.171724 0.348674 0.257346 0.729757 -0.102448 0.137412 0.0678288 0.244995 0.0197186 0.0480749 0.000279797 0.0712619 0.244383 -0.348341 0.0340647 0.000705214 -52.427 315.792 -37.2061 0.0561407 -0.0223251 0.0753328 12.3806 -98.599 -11.1776 
0.543057 0.0380539 0.0927691 0.143134 -0.168413 0.34803 0.410254 1.06864 -0.12158 0.146301 0.0538189 0.294667 -0.00287384 0.0490583 0.00736965 0.0816313 0.20647 -0.347983 0.0244256 5.92642e-006 -53.0823 316.619 -37.3768 0.0616258 -0.0375227 0.0774331 12.3806 -98.599 -11.1776 
0.650122 -0.00934333 0.102687 0.291176 -0.0894128 0.345767 0.596931 1.27266 -0.14252 0.137331 0.148113 0.301131 0.00417666 0.0359776 0.00410879 0.100171 0.18384 -0.341337 0.0163379 0.0375572 -53.1111 317.344 -38.6926 0.0407554 -0.0780575 0.0935587 12.3806 -98.599 -11.1776 
0.673006 -0.0316867 0.146968 0.317777 -0.0795949 0.344923 0.750615 1.33884 -0.147899 0.150143 0.176226 0.244678 -0.00978935 0.0359621 0.0430062 0.112139 0.188229 -0.346651 0.033107 0.0121042 -52.9303 317.666 -38.8319 0.0328506 -0.0781002 0.0961158 12.3806 -98.599 -11.1776 
0.691799 -0.0376131 0.193428 0.342348 -0.0644767 0.349066 0.874638 1.54361 -0.162222 0.170354 0.181287 0.214815 -0.0418207 0.0285556 0.0742655 0.124028 0.139823 -0.349066 0.0827363 0.0485524 -52.6566 318.908 -39.069 0.0441974 -0.0861036 0.0980303 12.3806 -98.599 -11.1776 
0.764619 -0.0646767 0.184733 0.352793 -0.0365309 0.342848 0.934641 1.54829 -0.144529 0.166538 0.21725 0.330394 -0.0155431 0.00534776 0.0972277 0.182557 0.17152 -0.347236 0.0947274 0.0989558 -53.2144 318.703 -39.813 0.021309 -0.0684724 0.109535 12.3806 -98.599 -11.1776 
0.850896 -0.0358019 0.21272 0.347587 -0.0497812 0.337964 1.1961 1.56181 -0.149467 0.154707 0.315719 0.248027 0.00330637 0.00181113 0.13719 0.258651 0.142626 -0.344546 0.313632 0.0931263 -52.6912 319.308 -40.2269 -0.00699864 -0.0486371 0.134223 12.3806 -98.599 -11.1776 
0.842395 -0.0553763 0.279717 0.333889 -0.0468827 0.338489 1.34373 1.55374 -0.138602 0.139015 0.342601 0.261843 0.0273633 -0.011685 0.169365 0.182905 0.154369 -0.346681 0.279191 0.194987 -52.2437 319.603 -40.454 -0.0212025 -0.0403842 0.151698 12.3806 -98.599 -11.1776 
0.859597 -0.0769799 0.297589 0.364978 -0.0429356 0.34464 1.56034 1.49661 -0.13396 0.147028 0.335814 0.261199 0.0174072 0.00434597 0.141903 0.195666 0.156248 -0.344995 0.268068 0.102259 -52.3279 319.703 -40.7839 -0.0119589 -0.0398229 0.150754 12.3806 -98.599 -11.1776 
0.919766 -0.0850449 0.285866 0.234113 -0.0955832 0.349027 1.74533 1.55814 -0.126664 0.151621 0.318536 0.251153 0.0227371 -0.00142933 0.118978 0.187184 0.159869 -0.34417 0.254737 0.0811493 -52.1203 319.952 -40.808 -0.00759104 -0.0401172 0.154634 12.3806 -98.599 -11.1776 
0.943335 -0.0965914 0.283471 0.187155 -0.120713 0.345256 1.74416 1.559 -0.134098 0.146773 0.340673 0.273786 0.0298319 -0.000701316 0.101533 0.178643 0.167094 -0.346999 0.216214 0.0675994 -52.0534 319.792 -40.6133 -0.00465479 -0.0382017 0.151942 12.3806 -98.599 -11.1776 
0.924846 -0.0962252 0.27984 0.202206 -0.127918 0.345774 1.74401 1.56138 -0.124852 0.151215 0.356777 0.288882 0.0288637 -0.00205809 0.129671 0.141568 0.176624 -0.348813 0.228434 0.069408 -51.9887 320.009 -40.4674 -0.00908491 -0.0380362 0.151578 12.3806 -98.599 -11.1776 
0.925658 -0.0980437 0.282198 0.223331 -0.124306 0.346105 1.74415 1.55476 -0.123195 0.149429 0.365176 0.30155 0.0247065 -0.00202931 0.121126 0.144497 0.178236 -0.345928 0.226699 0.0584946 -52.015 319.966 -40.5355 -0.0106133 -0.0322447 0.150475 12.3806 -98.599 -11.1776 
0.935988 -0.10507 0.290102 0.16432 -0.118738 0.345834 1.74234 1.50407 -0.123975 0.149761 0.368969 0.297748 0.0188748 -0.00291734 0.110555 0.21266 0.173955 -0.345918 0.214681 0.0584062 -51.5638 320.362 -40.4403 -0.00871377 -0.0382935 0.155022 12.3806 -98.599 -11.1776 
0.938184 -0.135245 0.264223 0.112596 -0.11618 0.34637 1.7367 1.50854 -0.125398 0.154186 0.366374 0.286682 0.0170484 -0.000600513 0.085514 0.234217 0.174765 -0.345964 0.215575 0.115253 -51.5415 320.398 -40.1257 -0.00531999 -0.0373836 0.154505 12.3806 -98.599 -11.1776 
0.98781 -0.153051 0.218257 0.125523 -0.109682 0.347445 1.74025 1.56092 -0.115414 0.157364 0.378774 0.295556 0.0227354 -0.00543709 0.0652093 0.287623 0.161296 -0.347327 0.224202 0.0991761 -51.3262 321.868 -40.219 -0.000490039 -0.0682019 0.155954 12.3806 -98.599 -11.1776 
1.00388 -0.158657 0.194784 0.105342 -0.139977 0.347461 1.74014 1.56691 -0.117925 0.161725 0.387594 0.307676 0.0186497 0.000373218 0.067094 0.241384 0.16803 -0.348819 0.231653 0.066893 -51.2754 322.04 -40.2237 0.00469873 -0.0680905 0.15529 12.3806 -98.599 -11.1776 
1.0407 -0.160528 0.141893 0.0593996 -0.155637 0.349066 1.57314 1.5708 -0.110494 0.152486 0.380966 0.307989 0.0164589 0.0119515 0.0611467 0.212326 0.189709 -0.348996 0.205562 0.0607363 -51.1684 322.424 -39.6273 0.0010862 -0.0752328 0.150418 12.3806 -98.599 -11.1776 
0.978402 -0.161217 0.0987716 0.0122302 -0.161773 0.349066 1.25847 1.5708 -0.080634 0.120011 0.272679 0.378126 -0.00301834 -0.00155769 0.0610179 0.233147 0.187597 -0.349066 0.197487 0.0485567 -50.9783 322.719 -39.4626 0.00493296 -0.0731608 0.153874 12.3806 -98.599 -11.1776 
0.933314 -0.16868 0.0056477 0 -0.167862 0.347751 0.887522 1.56717 -0.0737979 0.092438 0.240876 0.366406 -0.0177256 -0.0140364 0.0804188 0.229508 0.214505 -0.348132 0.175823 0.0319486 -50.1066 323.39 -38.8726 0.0105785 -0.0517166 0.160274 12.3806 -98.599 -11.1776 
0.92447 -0.132504 0.00156767 0.0166476 -0.163652 0.348124 0.644014 0.910177 -0.0741528 0.0822492 0.24679 0.355332 -0.0108834 -0.0176434 0.0875184 0.233672 0.230044 -0.349066 0.176364 0 -49.932 323.308 -38.8832 0.0100306 -0.0559917 0.160172 12.3806 -98.599 -11.1776 
0.913408 -0.108483 0.000941441 0 -0.163779 0.349066 0.572633 0.447208 -0.0858504 0.0831159 0.255347 0.236956 -0.00211406 -0.0312824 0.0919699 0.101318 0.223124 -0.349066 0.174418 0.000988947 -49.9727 323.242 -38.7827 0.013743 -0.0572023 0.161514 12.3806 -98.599 -11.1776 
0.899011 -0.0870012 0 0.00216106 -0.174135 0.346897 0.574097 0.164883 -0.0951726 0.0728228 0.208723 0.24541 0.00843186 -0.0367758 0.0703561 0.0754305 0.2218 -0.348865 0.154138 0 -49.6631 323.28 -39.1507 0.0225857 -0.0546265 0.160286 12.3806 -98.599 -11.1776 
0.877846 -0.0428577 0.000336722 0 -0.172734 0.349066 0.566602 0.00737922 -0.0993122 0.0810693 0.197642 0.113661 0.00478332 -0.0585675 0.0651969 0 0.214102 -0.349066 0.150558 0 -49.6683 323.339 -41.4365 0.0283387 -0.0539876 0.156385 12.3806 -98.599 -11.1776 
0.872459 0.0116493 0 0 -0.174533 0.349066 0.543265 0.00146259 -0.0953292 0.0573715 0.106469 0.140006 0.00149831 -0.0830531 0.0609851 0 0.228768 -0.349066 0.112437 0 -49.2872 323.444 -41.817 0.0302476 -0.0479067 0.14533 12.3806 -98.599 -11.1776 
0.865054 0.0506283 0 0 -0.174513 0.347979 0.496158 0.000316979 -0.0935249 0.0432639 0.0878492 0.143299 -0.0106594 -0.10701 0.0804517 0.108447 0.23418 -0.349066 0.142954 0 -48.733 323.409 -41.827 0.02948 -0.0427355 0.143465 12.3806 -98.599 -11.1776 
0.864656 0.0959152 0 0 -0.1735 0.349066 0.47824 0.000163233 -0.0951876 0.0411693 0.110457 0.140296 -0.00727145 -0.11035 0.0715815 0.119343 0.24353 -0.349066 0.155755 0 -48.3683 322.809 -41.8188 0.0351136 -0.0437715 0.141348 12.3806 -98.599 -11.1776 
0.844429 0.115409 0 0 -0.174375 0.34903 0.470588 0.000768399 -0.0981238 0.0392549 0.102726 0.17004 -0.00668429 -0.116 0.0763618 0.106115 0.293353 -0.349066 0.0259973 0.0435713 -47.0841 322.243 -43.7967 0.0426068 -0.0465103 0.137182 12.3806 -98.599 -11.1776 
0.843563 0.125337 0 0 -0.174285 0.349065 0.453678 0.000410351 -0.0897881 0.0435208 0.105188 0.217086 -0.00402304 -0.110968 0.0790022 0.112118 0.283049 -0.349066 0.0344102 0.0429299 -47.3687 321.976 -44.2069 0.0423788 -0.0460923 0.133477 12.3806 -98.599 -11.1776 
0.83863 0.117416 0.000867449 0.0001046 -0.174494 0.348885 0.407651 0 -0.0916006 0.0462806 0.107236 0.21802 -0.0113327 -0.108921 0.0633654 0.108869 0.26733 -0.349009 0.00314675 0.0121513 -47.5219 321.752 -44.2315 0.0552467 -0.0469772 0.130888 12.3806 -98.599 -11.1776 
0.863979 0.109942 0.00177735 0 -0.174533 0.345699 0.336539 0.0185353 -0.0939295 0.0684127 0.123664 0.297729 -0.0467328 -0.0903541 0.0457204 0.263093 0.195357 -0.349056 0 0 -47.5094 320.572 -43.7817 0.0691873 -0.035975 0.124822 12.3806 -98.599 -11.1776 
0.881864 0.0727921 0.0187243 0.0447389 -0.164458 0.330581 0.251941 0.0439052 -0.0662381 0.0774883 0.144301 0.426506 -0.0625017 -0.0956649 0.0664711 0.240965 0.108821 -0.345918 0.0250867 0.0431642 -47.2255 320.36 -43.8361 0.0733777 -0.0229173 0.128368 12.3806 -98.599 -11.1776 
0.874216 0.0271152 0.0378371 0.108608 -0.171802 0.328452 0.260478 0.0177981 -0.0634719 0.0972994 0.216647 0.661411 -0.0742821 -0.0780333 0.0960766 0.306505 0.0819601 -0.347259 0.00378336 0.00547172 -46.7732 320.368 -43.4568 0.0729089 0.0114261 0.132755 12.3806 -98.599 -11.1776 
0.906121 0.0154512 0.0926626 0.115791 -0.145443 0.332654 0.224003 0.0349865 -0.0447765 0.121066 0.320702 0.874561 -0.0582512 -0.0640162 0.087836 0.265542 0.0611934 -0.342619 0.00586473 0.0144581 -46.6497 320.259 -42.5032 0.0651947 0.025764 0.134302 12.3806 -98.599 -11.1776 
0.916937 -0.00753641 0.133063 0.171865 -0.123335 0.324705 0.231976 0.0819221 -0.0103226 0.141646 0.390055 0.888481 -0.0432506 -0.0631601 0.153165 0.176868 0.100696 -0.344234 0.0279844 0.0927363 -46.9542 320.675 -41.529 0.052322 0.0464629 0.147276 12.3806 -98.599 -11.1776 
0.985986 -0.0504362 0.131457 0.20731 -0.106335 0.316862 0.246211 0.121542 -0.000470929 0.169492 0.55176 1.18157 -0.029331 -0.0423734 0.183336 0.206625 0.118553 -0.342413 0.039482 0.116822 -46.7728 320.764 -41.436 0.0428693 0.0439451 0.154121 12.3806 -98.599 -11.1776 
1.0501 -0.0995788 0.1193 0.267953 -0.0918569 0.303552 0.31204 0.145747 0.0203688 0.201997 0.70989 1.38917 -0.00755624 -0.0229675 0.276241 0.193907 0.144954 -0.339557 0.0427955 0.152774 -46.6397 321.182 -41.7903 0.0230332 0.035561 0.164004 12.3806 -98.599 -11.1776 
1.01145 -0.123617 0.2099 0.3027 -0.105765 0.288298 0.476725 0.223213 0.00681391 0.246332 1.02525 1.32288 0.00942365 0.00989788 0.363171 0.244341 0.210887 -0.336456 0.0153375 0.11122 -46.8141 322.078 -42.4347 0.0131461 0.0243622 0.169611 12.3806 -98.599 -11.1776 
1.04022 -0.148751 0.205043 0.304859 -0.080064 0.284516 0.436645 0.224124 0.0126835 0.275368 1.12735 1.29355 0.0318822 0.0500232 0.382992 0.359712 0.215754 -0.324543 0.00280946 0.098225 -46.4941 322.115 -42.0786 0.0128351 0.0324991 0.16874 12.3806 -98.599 -11.1776 
1.04159 -0.187471 0.214355 0.284394 -0.0536482 0.274062 0.406806 0.0668954 0.0214723 0.287223 1.15037 1.3119 0.0492105 0.0706667 0.369056 0.36641 0.222244 -0.335588 0.000502734 0.0620235 -46.9581 322.25 -41.6717 0.0215516 0.0376756 0.173151 12.3806 -98.599 -11.1776 
1.0221 -0.208059 0.251837 0.247297 -0.0373086 0.270649 0.381108 0.0453503 0.0199754 0.276207 1.20607 1.47321 0.0682789 0.0836705 0.368351 0.36509 0.229009 -0.33268 0 0.0590581 -47.8953 322.031 -40.9107 0.026177 0.0389777 0.170201 12.3806 -98.599 -11.1776 
1.02423 -0.208861 0.2739 0.245372 -0.035249 0.251749 0.348255 0.14291 0.00482995 0.286903 1.29225 1.44758 0.0827971 0.0895073 0.352788 0.406417 0.230054 -0.332296 0.00358321 0.0426166 -48.3866 322.183 -40.4738 0.0292753 0.0448654 0.169675 12.3806 -98.599 -11.1776 
1.06486 -0.209019 0.282297 0.176279 -0.0268684 0.25059 0.301668 0.294331 -0.00198809 0.301784 1.37676 1.45111 0.0879598 0.0951874 0.363861 0.409625 0.228921 -0.333949 0.00594049 0.039712 -48.4284 322.21 -40.5893 0.030522 0.0437576 0.170624 12.3806 -98.599 -11.1776 
1.08846 -0.2094 0.26522 0.159331 -0.0264284 0.239828 0.294284 0.192429 -0.00118711 0.303721 1.37625 1.45863 0.0772572 0.111044 0.385975 0.426308 0.233142 -0.334623 0.00292341 0.0727551 -48.5493 322.523 -40.1427 0.0421985 0.0501215 0.170778 12.3806 -98.599 -11.1776 
1.09654 -0.205362 0.282244 0.143702 -0.0185471 0.243002 0.295012 0.177212 0.00150938 0.302866 1.41328 1.46307 0.0830416 0.113437 0.404646 0.452233 0.237154 -0.334152 0.00616838 0.075317 -48.5206 323.078 -40.0006 0.0457078 0.0454015 0.168412 12.3806 -98.599 -11.1776 
1.09426 -0.203655 0.279781 0.132667 -0.0121918 0.254293 0.29257 0.154414 -0.0176815 0.311449 1.49458 1.47308 0.0852298 0.127349 0.423948 0.457741 0.216634 -0.340709 0.0232559 0.118469 -48.8395 323.315 -39.3988 0.0471165 0.046355 0.165997 12.3806 -98.599 -11.1776 
1.10013 -0.203999 0.282734 0.10253 -0.0116742 0.259792 0.281029 0.124172 -0.0443253 0.315891 1.52509 1.46266 0.0922212 0.133196 0.411962 0.401632 0.21605 -0.343286 0.0186077 0.137079 -48.6056 323.653 -39.0186 0.0521858 0.044001 0.162521 12.3806 -98.599 -11.1776 
1.1068 -0.203226 0.281149 0.0938205 -0.00515538 0.260785 0.278562 0.123771 -0.0417303 0.320624 1.52423 1.46181 0.106514 0.135209 0.415515 0.38771 0.223644 -0.343502 0.0191882 0.116511 -48.7383 323.897 -39.1107 0.0484547 0.0467382 0.16207 12.3806 -98.599 -11.1776 
1.17726 -0.173706 0.277667 0.0835146 0.0572597 0.255885 0.230785 0.433635 -0.0300447 0.30406 1.37921 1.49423 0.0817259 0.1356 0.512333 0.503192 0.210907 -0.334873 0.0968697 0.0820881 -48.4855 324.525 -38.1049 0.0301611 0.0041528 0.163049 12.3806 -98.599 -11.1776 
1.13818 -0.182904 0.237295 0.0535522 0.0836165 0.21624 0.32938 0.327492 -0.0871296 0.254016 1.39325 1.55343 0.124336 0.0931386 0.657868 0.35023 0.302975 -0.322862 0.119675 0.172392 -49.9565 323.194 -37.2069 -0.0293337 0.0375541 0.178455 12.3806 -98.599 -11.1776 
1.02226 -0.172521 0.199452 0.0660568 0.154572 0.18639 0.375426 0.167036 -0.118126 0.25821 1.34892 1.56157 0.248462 0.0625549 0.522042 0.238653 0.35513 -0.325199 0.219936 0.223732 -48.2245 326.041 -36.5274 -0.0795817 0.0565766 0.191601 12.3806 -98.599 -11.1776 
0.861998 -0.149708 0.173975 0.193623 0.244904 0.159513 0.387032 0.103653 -0.0818296 0.209536 1.28183 1.50574 0.3681 0.0498923 0.425564 0.120153 0.499924 -0.325793 0.261019 0.250798 -50.7077 324.928 -38.0691 -0.171976 0.0930456 0.197497 12.3806 -98.599 -11.1776 
0.847853 -0.131104 0.176902 0.144962 0.235224 0.126314 0.238773 0.133527 -0.156128 0.151025 1.25297 1.5482 0.335692 0.00634124 0.405503 0.105255 0.471071 -0.349058 0.229796 0.258948 -50.6295 324.313 -39.0689 -0.165776 0.0844544 0.204614 12.3806 -98.599 -11.1776 
0.849959 -0.134971 0.107048 0.1042 0.227978 0.14627 0.113967 0.0896781 -0.167024 0.123096 1.03084 0.610992 0.331901 -0.00607448 0.379546 0.0645967 0.497017 -0.349066 0.2158 0.0397725 -50.4353 324.251 -39.1712 -0.1624 0.0843301 0.205832 12.3806 -98.599 -11.1776 
0.857862 -0.134013 0.0589708 0.0309133 0.205573 0.185583 0.0799511 0.0453033 -0.121803 0.106166 0.935749 0.0977608 0.335032 -0.0195225 0.3645 0.0654611 0.518264 -0.349066 0.19207 0.0147733 -50.3709 324.074 -39.0804 -0.160378 0.0865425 0.208097 12.3806 -98.599 -11.1776 
0.860617 -0.124158 0 5.24316e-005 0.164689 0.222499 0.0432832 0.0328824 -0.129839 0.071794 0.850036 0.0157314 0.301345 -0.0652111 0.388988 0.0311481 0.527013 -0.342038 0.170005 0.000117982 -50.5278 324.523 -39.3425 -0.145158 0.0913729 0.211238 12.3806 -98.599 -11.1776 
0.812626 -0.0734858 0.00145747 0.00197271 0.111024 0.231842 0.0381963 0.029732 -0.155404 0.0155095 0.795476 0.008914 0.246381 -0.129532 0.378073 0.0242404 0.512768 -0.348777 0.179481 0.00466534 -49.8356 325.118 -39.6622 -0.130773 0.0900208 0.218192 12.3806 -98.599 -11.1776 
0.777159 -0.0280331 0.000843808 0.0103632 0.0567059 0.261668 0.0175103 0.102244 -0.143406 -0.00719806 0.666308 0.0266307 0.223278 -0.166006 0.298924 0.139448 0.499906 -0.348975 0.116576 0.0115826 -50.7878 324.519 -40.6309 -0.112057 0.0772021 0.209083 12.3806 -98.599 -11.1776 
0.739666 0.00173427 6.39381e-005 0.0129143 0.021061 0.288427 0.00875419 0.126937 -0.15151 -0.0195692 0.636523 0 0.201839 -0.190512 0.334711 0.0900704 0.48007 -0.348764 0.0900354 0.0449749 -50.1101 323.984 -40.9501 -0.101983 0.0660557 0.193442 12.3806 -98.599 -11.1776 
0.698268 0.0200188 6.59081e-005 0.00134749 0.000896844 0.292871 0.000629581 0.0386171 -0.147279 -0.0192236 0.609536 0 0.206966 -0.190464 0.341885 0.0837863 0.480148 -0.348754 0.0763702 0.00746684 -50.1874 323.592 -41.0468 -0.100686 0.0657783 0.185344 12.3806 -98.599 -11.1776 
0.67082 0.0271571 0.000526476 0.000505603 -0.0445873 0.299501 0.000252229 0.00193177 -0.16816 -0.0143121 0.590663 0.000985087 0.205266 -0.186668 0.353083 0.0378446 0.464032 -0.348895 0.0214408 0.000803712 -50.7703 323.913 -41.7027 -0.0813098 0.0720316 0.179326 12.3806 -98.599 -11.1776 
0.672072 0.0203471 0.000350314 0.0193823 -0.0742128 0.309918 9.91241e-008 0.0189094 -0.168604 -0.0123524 0.554344 0 0.22049 -0.177442 0.347951 0.0117195 0.479014 -0.348167 0.00226742 0 -50.8658 323.632 -40.9133 -0.069086 0.0724051 0.183417 12.3806 -98.599 -11.1776 
0.712318 0.00889108 0.00313711 0.120168 -0.0778065 0.328343 0 0.0489794 -0.172536 0.00709764 0.508677 0.0127992 0.270118 -0.139598 0.353517 0.0142901 0.451806 -0.337244 0.0100237 0.0340339 -51.0798 323.992 -40.3551 -0.0692371 0.069891 0.182711 12.3806 -98.599 -11.1776 
0.762721 0.0167364 0.0694797 0.385767 -0.0938918 0.342757 0.0636835 0.0364203 -0.154112 0.0218199 0.43564 0.00792267 0.31109 -0.098033 0.32734 0.0949811 0.417436 -0.308835 0.00807774 0.0425851 -51.1668 323.894 -40.0933 -0.0720311 0.0581327 0.184355 12.3806 -98.599 -11.1776 
0.817857 0.0186683 0.161463 0.402599 -0.113119 0.343339 0.0573991 0.0359757 -0.151745 0.0308026 0.395316 0.0299549 0.322754 -0.0669344 0.348144 0.12001 0.391954 -0.290818 0.0259349 0.0480227 -50.7015 324.085 -39.827 -0.0700709 0.0635235 0.185742 12.3806 -98.599 -11.1776 
0.856789 0.000633343 0.178805 0.716725 -0.122347 0.345696 0.0550861 0.134971 -0.144955 0.0371336 0.377287 0.008413 0.333815 -0.0240922 0.420179 0.231443 0.355891 -0.275028 0.00416851 0.019302 -50.7309 324.05 -39.6251 -0.0673545 0.0620269 0.191792 12.3806 -98.599 -11.1776 
0.974765 -0.0026349 0.207481 0.553754 -0.109202 0.348806 0.0414879 0.178105 -0.138946 0.0242897 0.383212 0.00126066 0.298723 -0.00413535 0.499236 0.470938 0.333037 -0.265318 0.0426611 0.0108181 -49.9517 324.215 -39.043 -0.0723331 0.0623319 0.204786 12.3806 -98.599 -11.1776 
0.99991 -0.0288373 0.229368 0.577716 -0.105276 0.347512 0.0712193 0.144059 -0.139075 0.0313004 0.424482 0.0273338 0.30476 0.0683463 0.534279 0.984956 0.356025 -0.233262 0.0725129 0.0930377 -50.1114 324.47 -38.9308 -0.0753047 0.0740349 0.202262 12.3806 -98.599 -11.1776 
1.00296 -0.0618212 0.285252 0.697092 -0.102046 0.344694 0.0246037 0.267488 -0.111107 0.0310994 0.319127 0.135187 0.305126 0.176072 0.581216 1.10616 0.39388 -0.217826 0.0748012 0.0968906 -50.3535 326.394 -38.3665 -0.0712539 0.0852807 0.208466 12.3806 -98.599 -11.1776 
1.06431 -0.0846273 0.293214 0.70164 -0.115254 0.333983 0.0297329 0.322666 -0.113246 0.0426129 0.349927 0.00617148 0.340075 0.226348 0.741017 1.0014 0.407887 -0.201719 0.141061 0.0214255 -50.7175 325.981 -38.5823 -0.0698497 0.0998526 0.213524 12.3806 -98.599 -11.1776 
1.0471 -0.132602 0.296575 0.705941 -0.12128 0.339824 0.0641362 0.36842 -0.109774 0.0524801 0.34419 0.00123306 0.344049 0.23963 0.792869 1.18233 0.420183 -0.168515 0.140573 0.00585336 -50.1835 325.677 -38.093 -0.0681877 0.0971738 0.207056 12.3806 -98.599 -11.1776 
1.06895 -0.144149 0.298526 0.696115 -0.120758 0.339614 0.0836868 0.388249 -0.107107 0.0531077 0.33446 0.000597767 0.348205 0.247911 0.825721 1.56628 0.420485 -0.157334 0.137987 0.00709077 -50.216 325.732 -38.1314 -0.066559 0.0976454 0.206487 12.3806 -98.599 -11.1776 
1.06258 -0.168476 0.288907 0.668813 -0.122349 0.339763 0.0847711 0.41933 -0.0939268 0.0509983 0.32993 0 0.352876 0.249747 0.895187 1.56656 0.431842 -0.145257 0.142836 0 -50.1276 325.746 -38.2706 -0.0687677 0.108433 0.20288 12.3806 -98.599 -11.1776 
1.07132 -0.190926 0.300177 0.631767 -0.112925 0.335459 0.111309 0.411718 -0.0779088 0.0505936 0.311491 0.0308287 0.355518 0.242129 0.988488 1.41646 0.426274 -0.141509 0.138924 0.00731033 -49.9071 325.882 -37.9539 -0.0753284 0.102909 0.20798 12.3806 -98.599 -11.1776 
1.0711 -0.202527 0.299354 0.620692 -0.116801 0.335481 0.116965 0.39538 -0.0810018 0.0507476 0.284997 0.0363384 0.358118 0.244286 0.993344 1.26742 0.419745 -0.127719 0.136203 0.0127193 -49.9433 325.711 -38.0406 -0.07377 0.103598 0.207305 12.3806 -98.599 -11.1776 
1.04577 -0.206332 0.27724 0.705321 -0.139952 0.343776 0.15527 0.31921 -0.102836 0.0392071 0.337578 0.0310657 0.370343 0.258423 1.10771 0.992084 0.420421 -0.117127 0.148892 0.00412779 -49.8665 325.526 -37.5013 -0.0786939 0.112758 0.207944 12.3806 -98.599 -11.1776 
1.05921 -0.20636 0.267936 0.725116 -0.136553 0.346626 0.212167 0.277615 -0.104741 0.0526574 0.385889 0.0251356 0.366948 0.257046 1.13196 0.893386 0.417655 -0.111826 0.130136 0.00721925 -50.5291 325.636 -37.5006 -0.0845749 0.107408 0.208158 12.3806 -98.599 -11.1776 
1.05921 -0.207352 0.260977 0.712134 -0.131913 0.343805 0.219899 0.285758 -0.0968973 0.0694822 0.358978 0.0144733 0.373427 0.265058 1.13935 0.822403 0.405285 -0.0878559 0.113675 0.0190646 -50.7428 326.106 -37.6608 -0.0825118 0.109583 0.204275 12.3806 -98.599 -11.1776 
1.06022 -0.207965 0.275089 0.743883 -0.12991 0.342643 0.221358 0.274485 -0.0965628 0.0789233 0.357958 0.0196915 0.373388 0.265102 1.13599 0.99312 0.407742 -0.0857157 0.112141 0.00823833 -50.8013 326.103 -37.6835 -0.0823378 0.108223 0.203986 12.3806 -98.599 -11.1776 
1.02588 -0.180675 0.305566 0.690156 -0.10853 0.343338 0.250616 0.317406 -0.0952137 0.119613 0.371037 0.124195 0.35751 0.278169 1.12645 1.09839 0.353056 -0.0586602 0.311505 0.0535663 -51.1534 328.648 -37.5932 -0.0843444 0.0948807 0.193249 12.3806 -98.599 -11.1776 
0.808355 -0.193143 0.397398 0.742685 -0.028459 0.344085 0.125357 0.293179 -0.0283931 0.133889 0.283195 0.107148 0.210214 0.258024 1.11509 0.688028 0.305481 -0.0598314 0.385571 0.266757 -51.3941 330.165 -38.3478 -0.0793124 0.0715339 0.187028 12.3806 -98.599 -11.1776 
0.72626 -0.13392 0.359932 0.796856 -0.0246447 0.346903 0.150603 0.46464 -0.00790255 0.156192 0.29448 0.0842638 0.313612 0.261289 0.755834 0.887629 0.366359 -0.0519559 0.393223 0.11504 -50.3165 328.683 -38.5091 -0.095895 0.0805932 0.171723 12.3806 -98.599 -11.1776 
0.734539 -0.134337 0.25865 0.8135 -0.0236181 0.34825 0.167542 0.452668 0.00122111 0.168769 0.295256 0.135695 0.255477 0.228406 0.700679 0.349074 0.426119 -0.100431 0.35518 0.0561045 -50.2895 328.698 -38.5066 -0.0960549 0.0790444 0.171531 12.3806 -98.599 -11.1776 
0.748011 -0.140268 0.184705 0.806724 -0.0222149 0.34581 0.129774 0.434752 -0.0230595 0.155343 0.323478 0.122447 0.142761 0.187372 0.673567 0.135257 0.431362 -0.138003 0.362565 0.0356016 -50.3389 328.027 -39.1763 -0.0840644 0.0644704 0.173579 12.3806 -98.599 -11.1776 
0.724535 -0.155447 0.166762 0.559067 -0.0700952 0.346874 0.220932 0.325005 -0.0403149 0.144599 0.31465 0.0872014 0.101908 0.162677 0.497896 0.223165 0.456144 -0.176857 0.230893 0.243315 -50.7893 328.275 -37.7546 -0.0696583 0.071765 0.168923 12.3806 -98.599 -11.1776 
0.779437 -0.155454 0.0807745 0.461465 -0.0899164 0.348996 0.223051 0.298216 -0.0351698 0.149812 0.280008 0.00184052 0.093821 0.147825 0.394829 0.145642 0.470407 -0.205137 0.226534 0.0818473 -50.5411 327.427 -37.7539 -0.0610268 0.0781393 0.163744 12.3806 -98.599 -11.1776 
0.826016 -0.101876 0.0704553 0.355773 -0.109578 0.349066 0.223857 0.31842 -0.0553218 0.178938 0.267389 0.106473 0.0822681 0.155335 0.348493 0.258998 0.465831 -0.196442 0.237264 0.0039234 -50.3872 327.895 -37.2621 -0.0642282 0.085184 0.143791 12.3806 -98.599 -11.1776 
0.760046 -0.106503 0.0702941 0.148478 -0.153454 0.344937 0.260905 0.196965 -0.0679204 0.15582 0.260396 0.048219 0.0837962 0.100597 0.316353 0.23203 0.445848 -0.236775 0.282101 0.0548426 -50.8149 328.057 -37.3756 -0.0624508 0.111691 0.152926 12.3806 -98.599 -11.1776 
0.786026 -0.0910461 0.00905381 0.00850145 -0.168842 0.346709 0.239012 0.337955 -0.101257 0.133312 0.317313 0.0367266 0.0964326 0.0473834 0.239242 0.190232 0.458312 -0.270417 0.276861 0.02452 -51.4034 328.187 -37.8761 -0.0607099 0.116664 0.160322 12.3806 -98.599 -11.1776 
0.718543 -0.0417847 6.40811e-005 0.00261077 -0.171441 0.348271 0.259095 0.23491 -0.134563 0.10599 0.322475 0.000961944 0.0906107 0.0105476 0.212558 0.0876589 0.46935 -0.30404 0.272737 0.0204399 -51.4497 328.234 -38.3539 -0.0614977 0.108623 0.163965 12.3806 -98.599 -11.1776 
0.629426 -0.0109644 0 0 -0.172753 0.347723 0.249441 0.135527 -0.146433 0.0826981 0.299008 0 0.0850867 -0.006131 0.182422 0.0481021 0.484934 -0.335178 0.275535 0.000292525 -51.3881 328.292 -38.5317 -0.0554722 0.106288 0.162654 12.3806 -98.599 -11.1776 
0.584896 0.0133275 0.00225649 0.00307801 -0.174533 0.336058 0.240118 0.0273721 -0.141785 0.0621544 0.233719 1.3321e-007 0.072322 -0.0254765 0.189806 0.000493246 0.496497 -0.349066 0.311994 0 -51.2817 328.25 -38.3987 -0.0481068 0.0989681 0.162882 12.3806 -98.599 -11.1776 
0.565754 0.0182444 0.00124744 0.00544733 -0.174533 0.339789 0.187982 0.0261011 -0.146174 0.0641753 0.198435 0.0145444 0.0625806 -0.0254649 0.180576 0.000197431 0.490749 -0.319168 0.336774 0 -51.7511 328.174 -38.2947 -0.0376544 0.0932618 0.159878 12.3806 -98.599 -11.1776 
0.545002 0.0191516 0 0.00449 -0.174533 0.341093 0.148566 0.0146445 -0.148325 0.0542107 0.177318 0.0437155 0.0643585 -0.0161433 0.156526 1.7813e-005 0.497142 -0.295476 0.321889 0.000917046 -52.1667 327.826 -38.2295 -0.0348282 0.0957297 0.15944 12.3806 -98.599 -11.1776 
0.537833 0.00739028 0.0205374 0.00979528 -0.174321 0.34305 0.103633 0.0116055 -0.154172 0.0581984 0.135763 0.0504374 0.0748644 -0.0057132 0.125724 0.000171141 0.510575 -0.26102 0.314058 0.0407861 -52.4702 328.181 -38.0309 -0.0316349 0.0939858 0.163826 12.3806 -98.599 -11.1776 
0.628178 -0.0176808 0.00808945 0.0517052 -0.1742 0.348016 0.0819185 0.0138055 -0.168605 0.0522376 0.117264 0.0503766 0.0539229 0.00183027 0.125897 0.0121454 0.49166 -0.220652 0.298068 0.129985 -52.9102 327.948 -35.6507 -0.0193453 0.0519369 0.167268 12.3806 -98.599 -11.1776 
0.671632 -0.0790102 0.0551235 0.179788 -0.174533 0.345731 0.03644 0.0639692 -0.16813 0.0152945 0.08529 0.0244389 0.0784035 0.00661406 0.0678371 0.0035367 0.615322 -0.183313 0.305155 0.126403 -53.3076 327.439 -36.3451 -0.01499 0.0220931 0.186356 12.3806 -98.599 -11.1776 
0.697017 -0.108222 0.120157 0.300536 -0.166538 0.346476 0.00919663 0.0467354 -0.171999 0.0396026 0.0715381 0.0824996 0.104448 0.0375226 0.0765314 0.0131329 0.647583 -0.0951249 0.33007 0.153836 -53.0531 327.778 -36.1718 -0.0282008 0.0434965 0.183101 12.3806 -98.599 -11.1776 
0.770202 -0.180153 0.11622 0.295168 -0.173437 0.349066 0.00817299 0.0454335 -0.171955 0.0433089 0.0663781 0.089996 0.115105 0.0499747 0.0653941 0.0944269 0.676243 -0.0172359 0.283396 0.130486 -53.1106 327.9 -36.0794 -0.0287426 0.0427981 0.187505 12.3806 -98.599 -11.1776 
0.846368 -0.133731 0.245236 0.230969 -0.174525 0.290986 0.0671369 0.153357 -0.160949 0.0185971 0.152935 0.131443 0.207179 0.0278798 0.0591877 0.0854221 0.688386 0.0399004 0.209539 0.0472017 -54.061 327.663 -34.2431 -0.0730263 0.0685461 0.218371 12.3806 -98.599 -11.1776 
0.893609 -0.123631 0.237432 0.520856 -0.164219 0.270456 0.0881893 0.128298 -0.167603 0.00058033 0.186668 0.148794 0.216426 0.034237 0.0985279 0.287477 0.698638 0.114036 0.0863569 0.0701002 -55.3581 327.116 -34.876 -0.0888075 0.0773063 0.231732 12.3806 -98.599 -11.1776 
0.978606 -0.134056 0.236284 0.53449 -0.154523 0.274103 0.0941041 0.236895 -0.154192 -0.00293226 0.173902 0.2092 0.214772 0.0723596 0.12549 0.335532 0.693536 0.197097 0.0641069 0.0664715 -55.9736 327.863 -34.4641 -0.0887764 0.0795799 0.233746 12.3806 -98.599 -11.1776 
1.03198 -0.136136 0.287034 0.533745 -0.153124 0.293891 0.138889 0.232653 -0.165161 0.00525785 0.208101 0.330454 0.205256 0.12392 0.111484 0.0635717 0.681028 0.313604 0.0319048 0.0853033 -55.762 327.84 -34.9256 -0.084604 0.0777963 0.226334 12.3806 -98.599 -11.1776 
1.04748 -0.159424 0.338689 0.476584 -0.142121 0.28821 0.217708 0.220657 -0.156924 0.0187069 0.202356 0.388064 0.181 0.226312 0.0417706 0.00120674 0.677765 0.330628 0.000362946 0.166661 -56.688 328.313 -35.2493 -0.0808796 0.0618212 0.220666 12.3806 -98.599 -11.1776 
1.10173 -0.166482 0.344515 0.431365 -0.135707 0.29026 0.248485 0.308394 -0.154632 0.012176 0.192372 0.365657 0.143004 0.256771 0.0146662 0.00898412 0.603827 0.344668 0.0747783 0.244211 -56.3613 328.159 -34.5211 -0.0686529 0.0425255 0.221393 12.3806 -98.599 -11.1776 
1.10495 -0.197889 0.341469 0.384022 -0.13322 0.283873 0.276251 0.311483 -0.14816 -0.00411734 0.198896 0.389104 0.131616 0.267045 0.00385024 0.00406752 0.601121 0.34328 0.0756293 0.245243 -56.2701 327.996 -34.5926 -0.0689699 0.0443183 0.223028 12.3806 -98.599 -11.1776 
1.1499 -0.197355 0.356728 0.311097 -0.124751 0.28058 0.291355 0.30876 -0.14928 0.00900679 0.200097 0.398847 0.123759 0.27692 0.00249121 0.00399753 0.58256 0.348444 0.0498269 0.03452 -56.126 327.783 -34.5151 -0.0644878 0.0447014 0.222844 12.3806 -98.599 -11.1776 
1.1608 -0.202234 0.361284 0.311498 -0.134112 0.290189 0.307192 0.31347 -0.173167 0.0237137 0.200164 0.393525 0.0750582 0.291138 0 0 0.484711 0.349066 0.0142129 0.0010281 -56.6804 327.55 -34.0025 -0.045139 0.044405 0.210854 12.3806 -98.599 -11.1776 
1.18403 -0.19246 0.362558 0.294793 -0.130065 0.283311 0.33968 0.296065 -0.172849 0.024808 0.203183 0.408664 0.0608985 0.301764 0 0 0.436102 0.349066 0.00340903 0.000302825 -56.8005 327.712 -34.5234 -0.0458778 0.0377452 0.214293 12.3806 -98.599 -11.1776 
1.23463 -0.181144 0.364758 0.175316 -0.120277 0.27946 0.375778 0.296513 -0.172112 0.0356124 0.206204 0.430819 0.0401188 0.294938 0.00258505 0.0382813 0.424759 0.349066 0.00295275 0.00136382 -56.4398 327.807 -34.8666 -0.0468881 0.0253795 0.222646 12.3806 -98.599 -11.1776 
1.27661 -0.180898 0.360973 0.104526 -0.13669 0.276477 0.353991 0.422931 -0.174017 0.0546497 0.187121 0.457602 0.0276815 0.259252 0 0.00200329 0.426566 0.349066 0.000485299 7.68029e-005 -56.7578 327.619 -34.6652 -0.0451468 0.0245034 0.223248 12.3806 -98.599 -11.1776 
1.24463 -0.195031 0.324465 0.116398 -0.135058 0.246947 0.390368 0.384975 -0.165663 0.0540673 0.178476 0.480943 0.0165392 0.212139 0.0260759 0.00218511 0.426705 0.34812 0.060906 0.0748948 -56.9169 327.991 -34.6752 -0.051322 0.0193592 0.236717 12.3806 -98.599 -11.1776 
1.05658 -0.196782 0.300008 0.1177 -0.0969251 0.243556 0.363683 0.278796 -0.149178 0.0455868 0.195197 0.318137 0.0221035 0.193394 0.0406414 0.00760787 0.486527 0.347777 0.0888036 0.0324414 -56.2362 329.3 -34.6258 -0.0533401 0.0274715 0.233177 12.3806 -98.599 -11.1776 
0.882814 -0.190323 0.187822 0.372228 -0.14087 0.282601 0.400623 0.170751 -0.155161 0.0646941 0.233862 0.322537 -0.0261802 0.182368 0.238951 0.189666 0.462103 0.343756 0.170864 0.274349 -55.9815 328.164 -32.3635 -0.055876 0.050282 0.227033 12.3806 -98.599 -11.1776 
0.657477 -0.180695 0.238697 0.409615 -0.154857 0.276783 0.382451 0.18458 -0.15689 0.0674345 0.241399 0.325093 -0.0068278 0.175649 0.233931 0.609982 0.354184 0.194097 0.289197 0.789177 -56.0972 328.12 -32.4824 -0.0538359 0.0521199 0.228174 12.3806 -98.599 -11.1776 
0.665414 -0.129999 0.230494 0.37727 -0.144114 0.303581 0.424483 0.1678 -0.128224 0.079592 0.317226 0.292213 0.00881763 0.15918 0.318191 0.596366 0.442112 0.0678816 0.276275 0.702393 -55.3807 327.857 -31.8789 -0.0804626 0.0380831 0.211614 12.3806 -98.599 -11.1776 
0.682194 -0.116915 0.184935 0.348417 -0.156247 0.315174 0.407483 0.221251 -0.115217 0.0762459 0.252238 0.386552 0.010887 0.144894 0.344246 0.439378 0.484093 -0.0541292 0.201559 0.539327 -55.0274 328.734 -32.4801 -0.0766668 0.0401441 0.204791 12.3806 -98.599 -11.1776 
0.705928 -0.109412 0.177537 0.132282 -0.157489 0.315335 0.414289 0.225915 -0.118245 0.0761272 0.253905 0.390774 0.017077 0.133985 0.33822 0.282639 0.489181 -0.142275 0.186655 0.352758 -54.977 328.789 -32.4676 -0.0757976 0.036719 0.202887 12.3806 -98.599 -11.1776 
0.691686 -0.0866466 0.14121 0.0256827 -0.159682 0.309661 0.4183 0.0890936 -0.108317 0.0602244 0.222516 0.419187 0.0155987 0.089898 0.366727 0.283755 0.487217 -0.234188 0.228836 0.120469 -54.9691 328.971 -32.3224 -0.0713073 0.0379887 0.203687 12.3806 -98.599 -11.1776 
0.680744 -0.0260081 0.0873055 0.0267591 -0.148478 0.33062 0.381897 0.0737983 -0.107559 0.0774911 0.198346 0.336441 -0.0125756 0.0415439 0.346127 0.258565 0.414019 -0.287739 0.259473 0.0831338 -54.7608 329.469 -33.7078 -0.0578393 0.0155727 0.17862 12.3806 -98.599 -11.1776 
0.637688 -0.0184905 0.00688595 0.0289699 -0.161761 0.323167 0.333158 0.0316609 -0.142834 0.0629075 0.172486 0.343418 -0.0384225 -0.0012825 0.331033 0.127714 0.370681 -0.343064 0.210953 0.0489164 -54.6863 329.072 -33.9366 -0.0278407 0.00111839 0.167194 12.3806 -98.599 -11.1776 
0.49337 -0.0201882 0 0.00581754 -0.153459 0.304387 0.259908 0.0729558 -0.14126 0.037727 0.151968 0.257758 -0.0195426 -0.0338478 0.277104 0.101887 0.426992 -0.345954 0.162285 0.0305313 -55.2624 329.427 -33.5062 -0.0198888 0.0126639 0.159806 12.3806 -98.599 -11.1776 
0.40154 -0.00423398 0.00628786 0.00211364 -0.150599 0.305243 0.27272 0.150225 -0.133664 0.0454723 0.189866 0.203283 -0.0175732 -0.04424 0.284253 0.0742416 0.419364 -0.349066 0.166373 0 -54.8516 329.214 -33.7428 -0.0185552 -0.0142968 0.145734 12.3806 -98.599 -11.1776 
0.35384 0.00596347 0.00285537 0.00425886 -0.169146 0.308899 0.270636 0.137992 -0.127097 0.0422684 0.151058 0.214423 -0.020263 -0.0530437 0.285407 0.0844686 0.431882 -0.349066 0.0715024 0.000739315 -54.6867 328.928 -33.8602 -0.00528825 -0.0338726 0.135992 12.3806 -98.599 -11.1776 
0.269263 0.0134458 0.00477165 0 -0.161545 0.303199 0.202607 0.0470181 -0.11801 0.0360168 0.164226 0.184003 -0.0284469 -0.0724594 0.283488 0.0611315 0.435703 -0.349066 0.0304888 0 -55.1018 327.948 -34.5129 0.00303976 -0.0279603 0.132836 12.3806 -98.599 -11.1776 
0.199839 -0.00173873 0 0.000921921 -0.153688 0.298029 0.204372 0.0435253 -0.103568 0.0277613 0.161631 0.166085 -0.021995 -0.0797524 0.282642 0.0456057 0.447046 -0.349066 0.0390386 0.00470616 -55.0147 327.748 -34.6066 0.00496757 -0.0294492 0.131326 12.3806 -98.599 -11.1776 
0.135528 -0.02223 0 0.00162396 -0.155063 0.295051 0.216578 0.00247847 -0.0923333 0.0330563 0.0850021 0.136257 -0.0255487 -0.092578 0.297879 0.0245632 0.440042 -0.347447 0.0335161 6.46574e-006 -54.0206 326.267 -34.2422 0.0147017 -0.0268305 0.130962 12.3806 -98.599 -11.1776 
