0.212266 0.127225 0.18948 0.0614787 0.0318988 0.349066 0.194498 0 -0.142485 0.0962704 0.150221 0 -0.0496133 -0.0780179 0.0294306 0 -0.0844115 -0.336028 0.258234 0.0474906 -31.54 280.31 -48.5343 0.073892 -0.093969 0.0217305 6.1348 -98.415 -16.6348 
0.179444 0.110937 0.216111 0.0595393 0.000128534 0.349066 0 0.0169793 -0.126787 0.129602 0.0934806 0.121633 -0.0437014 -0.0304491 0.0487453 0.0291942 -0.00939052 -0.349066 0 0.130199 -30.9094 280.468 -48.8109 0.0760056 -0.0929203 0.0262287 6.1348 -98.415 -16.6348 
0.182163 0.107931 0.21876 0.0595161 -0.0370343 0.349066 0.00592758 0.0148094 -0.12679 0.129589 0.0934803 0.120131 -0.0436994 -0.00823691 0.0487129 0.0283238 0.0100247 -0.349066 0 0 -30.9094 280.468 -48.8109 0.0760079 -0.0929217 0.0262281 6.1348 -98.415 -16.6348 
0.201076 0.111698 0.218881 0.00191802 -0.0489794 0.349066 0.00518872 0.0956559 -0.126734 0.129551 0.0937113 0.120304 -0.0438484 0.00325058 0.0565942 0.0359849 0.0258746 -0.349066 0.00879597 0 -30.9048 280.458 -48.8195 0.0757801 -0.0929901 0.0261923 6.1348 -98.415 -16.6348 
0.21719 0.115345 0.207467 0.00191802 -0.0548811 0.349066 0.00518872 0.163594 -0.136143 0.129551 0.108156 0.105913 -0.0506465 0.0109677 0.0588974 0.0359849 0.0258746 -0.349066 0.00879597 0 -30.9048 280.458 -48.8195 0.0757801 -0.0929901 0.0261923 6.1348 -98.415 -16.6348 
0.244779 0.116576 0.179087 0.00924864 -0.0548811 0.349066 0.00518872 0.200597 -0.147692 0.134276 0.101836 0.0547526 -0.0705776 0.0109677 0.0832777 0.0359849 -0.00155187 -0.349066 0.0289328 0 -30.9048 280.458 -48.8195 0.0757801 -0.0929901 0.0261923 6.1348 -98.415 -16.6348 
0.283994 0.105444 0.109395 0.0516687 -0.0782164 0.349066 0 0.534457 -0.173219 0.13924 0.113348 0 -0.0936613 0.00389689 0.10375 0 -0.00254467 -0.332932 0 0.00981265 -31.1189 280.711 -48.8017 0.0838371 -0.0852569 0.029074 6.1348 -98.415 -16.6348 
0.300193 0.107628 0.102406 0.0378612 -0.100013 0.349066 0.0516587 0.546612 -0.174533 0.143435 0.0774006 0.0632571 -0.0965451 0.0167197 0.0435696 0.0806642 -0.0137232 -0.331224 0 0.0214947 -31.2807 280.675 -48.9762 0.0787181 -0.0775318 0.0339149 6.1348 -98.415 -16.6348 
0.331845 0.113315 0.0862597 0.0165787 -0.152188 0.349066 0.18978 0.391679 -0.174533 0.164715 0 0.209339 -0.110275 0.0379219 0.0229729 0 -0.0524216 -0.320719 0.0504274 0.0214947 -31.2807 280.675 -48.9762 0.0787181 -0.0775318 0.0339149 6.1348 -98.415 -16.6348 
0.383753 0.103891 0.059467 0.0330678 -0.168038 0.349066 0.228006 0.384823 -0.174533 0.185217 0.000196232 0.0555631 -0.15273 0.0522634 0.0635999 0.0831036 -0.0509077 -0.3205 0.0492633 0.0200575 -31.3069 280.671 -48.9336 0.0781587 -0.0779452 0.0340432 6.1348 -98.415 -16.6348 
0.434963 0.0991547 0.082421 0.0418094 -0.174533 0.349066 0.255786 0.263778 -0.174533 0.173382 0.000188805 0.0662313 -0.174533 0.0204661 0.105867 0.0135926 -0.0340645 -0.349066 0.0516292 0.020875 -31.8231 281.023 -48.9456 0.080765 -0.0790793 0.0461107 6.1348 -98.415 -16.6348 
0.489656 0.0973461 0.126491 0.0900317 -0.174533 0.349066 0.201055 0.366694 -0.174533 0.183647 0 6.40297e-005 -0.174533 0.00481552 0.0785232 0.0161658 -0.000638722 -0.349066 0 0.0142729 -31.7225 281.974 -49.1224 0.093443 -0.070089 0.0516639 6.1348 -98.415 -16.6348 
0.602943 0.0317851 0.0425404 0 -0.13858 0.349066 0.122601 0.561772 -0.163266 0.197517 0.0278062 0.388234 -0.137123 -0.0195027 0.0550209 0.0229777 0.0789434 -0.349066 0 0.178711 -31.8828 282.7 -49.0065 0.0792583 -0.0502531 0.0569894 6.1348 -98.415 -16.6348 
0.675414 0.0463099 0.177934 0.0752833 -0.174533 0.349066 0.211113 0.365274 -0.174533 0.230995 0.0850893 0.733251 -0.137422 -0.0179261 0.0569399 0.00188655 0.0785945 -0.349066 0.000121081 0.0477692 -31.8869 282.658 -49.0244 0.0792415 -0.0500248 0.0564211 6.1348 -98.415 -16.6348 
0.861371 -0.0145041 0.101165 0 -0.174533 0.349066 0.168107 0.315715 -0.174533 0.226894 0.0848327 0.995423 -0.138752 -0.0271206 0.105588 0.0420425 0.0692983 -0.331724 0 0.0104761 -31.8695 282.75 -49.0265 0.0794328 -0.0523059 0.0557764 6.1348 -98.415 -16.6348 
1.00138 -0.036709 0.0827299 0.0735331 -0.174533 0.349031 0.165279 0.308657 -0.174533 0.246568 0.15801 1.37978 -0.138814 -0.0143473 0.107122 0.0906038 0.0386486 -0.306041 0 0.00579016 -31.3359 282.749 -49.0518 0.0800457 -0.0527354 0.0595209 6.1348 -98.415 -16.6348 
1.16972 -0.0815651 0.0179158 0.111814 -0.174533 0.349037 0.17692 0.390664 -0.147038 0.25952 0.233741 1.5708 -0.0908178 -0.00624381 0 0.257392 0.0171813 -0.288354 0.0180431 0.0190817 -31.3108 283.808 -48.8829 0.0784625 -0.0534353 0.0720806 6.1348 -98.415 -16.6348 
1.29993 -0.0758593 0.0162185 0.0875082 -0.174533 0.349066 0.178528 0.585117 -0.174533 0.296436 0.394958 1.5708 -0.0918068 0.0261982 0 0.427465 -0.0212272 -0.270354 0.0182619 0.0191739 -31.3044 283.81 -48.8859 0.0783271 -0.0534226 0.0718148 6.1348 -98.415 -16.6348 
1.3431 -0.0553747 0.033783 0.136643 -0.164854 0.349066 0.38138 0.0022324 -0.174533 0.324104 0.549347 1.5708 -0.13269 0.0548588 0.160028 0.434578 -0.0252059 -0.272427 0.0717792 0.0223498 -31.5682 283.77 -49.0064 0.0659127 -0.0524593 0.0745428 6.1348 -98.415 -16.6348 
1.35538 -0.0857708 0.0161979 0.0785982 -0.166846 0.349066 0.395159 0 -0.174533 0.343746 0.664512 1.5708 -0.162046 0.0798827 0.278304 0.469662 -0.00649579 -0.248895 0.0746814 0.0294969 -32.1591 284.022 -49.469 0.0661745 -0.0370924 0.0762109 6.1348 -98.415 -16.6348 
1.38105 -0.0861782 0.0218268 0.0654732 -0.171581 0.349066 0.397701 0.266715 -0.174533 0.349066 0.811836 1.5708 -0.167808 0.106381 0.328586 0.517397 -0.00724184 -0.245578 0.0794006 0.01436 -32.1499 283.947 -49.4303 0.0655707 -0.0361975 0.077063 6.1348 -98.415 -16.6348 
1.38323 -0.11803 0 0.0098807 -0.166867 0.349066 0.470648 0.346764 -0.174533 0.349066 0.976884 1.5708 -0.174533 0.119888 0.425299 0.630082 -0.0265187 -0.245152 0.15295 0.0811179 -31.678 283.788 -49.3046 0.0674624 -0.0306007 0.0862814 6.1348 -98.415 -16.6348 
1.37087 -0.145788 0.0110339 0.0106977 -0.055933 0.348385 0.17133 1.21379 -0.174533 0.349066 1.21944 1.5708 -0.148594 0.136979 0.389961 0.942973 -0.00250992 -0.261081 0.0920206 0.101952 -31.2918 283.993 -48.9107 0.0702473 -0.0274636 0.0905525 6.1348 -98.415 -16.6348 
1.36852 -0.150928 0.0305685 0.00177604 -0.0559304 0.348376 0.267703 1.21203 -0.162245 0.349066 1.43762 1.44556 -0.148639 0.137008 0.450882 0.943477 -0.000848929 -0.261079 0.0929417 0.0623241 -31.2919 283.993 -48.9109 0.07025 -0.0274614 0.0905533 6.1348 -98.415 -16.6348 
1.38685 -0.138506 0.0312306 0.000132126 0.0161968 0.348912 0.163539 1.13819 -0.146171 0.349066 1.67459 0.957143 -0.164062 0.136705 0.554613 0.953276 0.00221248 -0.25948 0.090375 0.14426 -31.3227 284.43 -48.6137 0.0697724 -0.0272925 0.0914915 6.1348 -98.415 -16.6348 
1.39395 -0.162512 0 0 0.00166772 0.349016 0.167815 1.05948 -0.073817 0.349066 1.74533 0.961896 -0.173984 0.132363 0.693897 1.14232 0.0146163 -0.255648 0.0939373 0.325071 -31.3304 284.406 -48.7102 0.0638241 -0.02372 0.0920647 6.1348 -98.415 -16.6348 
1.39791 -0.157024 0 0 0.014671 0.349029 0.208052 0.538985 -0.0486445 0.349066 1.74533 1.06028 -0.174475 0.132768 0.763978 1.06739 0.0476659 -0.250789 0.0857573 0.0433387 -31.2666 284.542 -48.6468 0.0636417 -0.0157224 0.0934778 6.1348 -98.415 -16.6348 
1.40438 -0.156629 0 0 0.0185783 0.349066 0.245824 0.533094 -0.0479253 0.349066 1.74525 1.05845 -0.174488 0.132592 0.765765 1.05999 0.0478611 -0.251391 0.0838726 0.0433622 -31.287 284.549 -48.6181 0.0637355 -0.0161606 0.0928413 6.1348 -98.415 -16.6348 
1.43678 -0.139223 0 0 0.0904544 0.340403 0.162013 0.506722 -0.0396895 0.349066 1.74533 1.07621 -0.174533 0.124793 0.818993 0.552727 0.0367294 -0.264549 0.206683 0.0540888 -30.9576 284.791 -48.4236 0.0568599 -0.00905844 0.103909 6.1348 -98.415 -16.6348 
1.40585 -0.129941 0.0195807 0 0.0659778 0.341695 0.305096 0.341266 -0.0131855 0.349066 1.72285 1.22367 -0.174533 0.114616 0.797574 0.405445 0.052035 -0.280547 0.214635 0.0556587 -30.6204 285.821 -48.1016 0.0613036 -0.00939045 0.112767 6.1348 -98.415 -16.6348 
1.2967 -0.126682 0.0619435 0.0724912 -0.025154 0.347254 0.592146 0.307908 -0.00698913 0.349066 1.65425 1.40812 -0.174533 0.077602 0.88153 0.35098 0.120362 -0.274821 0.220679 0.0148914 -30.7658 286.13 -47.6525 0.0460779 0.0181872 0.117781 6.1348 -98.415 -16.6348 
1.12083 -0.20944 0 0 -0.0915975 0.349066 0.708797 0.126137 -0.034563 0.327297 1.52673 1.2692 -0.173158 0.066639 0.83205 0.138434 0.0622738 -0.262728 0.265399 0.029513 -30.6049 285.53 -47.5276 0.0428826 0.0198523 0.11766 6.1348 -98.415 -16.6348 
0.965749 -0.20944 0.00257253 0.0343846 -0.170027 0.349066 0.810299 0.0240866 -0.0853999 0.295798 1.31359 1.25941 -0.174533 0.0546573 0.745203 0 0.129411 -0.26135 0.000980941 0.360965 -30.6305 285.784 -47.5205 0.0398572 0.0233871 0.116049 6.1348 -98.415 -16.6348 
0.846639 -0.207902 0 0 -0.174533 0.344828 0.716649 0.0768174 -0.139359 0.241451 1.01877 1.50412 -0.161583 0.0264762 0.533612 0 0.135498 -0.272587 0 0.347832 -30.0448 287.238 -47.5731 0.0505423 0.0310978 0.125161 6.1348 -98.415 -16.6348 
0.775618 -0.192174 0 0.00909854 -0.174533 0.344828 0.663343 0 -0.159286 0.207207 0.720243 1.5708 -0.155524 0.00222864 0.442212 0 0.118718 -0.298617 0.0640467 0.119115 -30.0448 287.238 -47.5731 0.0505423 0.0310978 0.125161 6.1348 -98.415 -16.6348 
0.748569 -0.16178 0.0185642 0 -0.174533 0.340557 0.573858 0 -0.166005 0.181356 0.527073 1.03581 -0.163487 -0.0231835 0.40983 0 0.127604 -0.327245 0 0.152387 -30.0343 287.245 -47.5276 0.0500854 0.0302343 0.12469 6.1348 -98.415 -16.6348 
0.745067 -0.136697 0 0 -0.174533 0.341541 0.476324 0 -0.147829 0.150373 0.317504 0.501849 -0.158794 -0.0321492 0.379316 0 0.154141 -0.349066 0 0 -30.0411 287.328 -47.3509 0.0501011 0.0346156 0.124492 6.1348 -98.415 -16.6348 
0.738734 -0.1059 0 0 -0.174533 0.341244 0.381344 0.11275 -0.16343 0.136992 0.285978 0.138497 -0.13793 -0.021239 0.341286 0 0.162271 -0.349066 0.00323479 0 -30.0396 287.326 -47.2931 0.0500146 0.0347209 0.12451 6.1348 -98.415 -16.6348 
0.748508 -0.0856081 0 0 -0.174533 0.339989 0.347678 0.0214768 -0.163742 0.132453 0.257408 0.16961 -0.0954542 -0.0100349 0.272176 0 0.185099 -0.349066 0 0 -30.0498 287.847 -47.3034 0.0490493 0.0352994 0.124199 6.1348 -98.415 -16.6348 
0.725269 -0.0671779 0 0 -0.174533 0.339989 0.300217 0.0107443 -0.174533 0.132453 0.257408 0.16961 -0.0954542 -0.0100349 0.272176 0 0.185099 -0.349066 0 0 -30.0498 287.847 -47.3034 0.0490493 0.0352994 0.124199 6.1348 -98.415 -16.6348 
0.675691 -0.0541973 0 0 -0.174533 0.339989 0.255138 0.0167254 -0.174533 0.117973 0.235774 0.144973 -0.0954542 -0.0196581 0.251556 0 0.185099 -0.349066 0 0 -30.0498 287.847 -47.3034 0.0490493 0.0352994 0.124199 6.1348 -98.415 -16.6348 
0.559605 0.0229888 0.121346 0 -0.174533 0.342512 0.21988 0.0731105 -0.1739 0.128888 0.278934 0.0111683 -0.105939 -0.0111365 0.296602 0.0579476 0.222353 -0.349066 0 0 -29.948 287.378 -46.6505 0.0325727 0.0409618 0.11891 6.1348 -98.415 -16.6348 
0.514929 -0.00233545 0.0300185 0.0171799 -0.174367 0.331787 0.180002 0.091144 -0.174038 0.115661 0.277439 0.0100017 -0.0998612 -0.0292221 0.283872 0.0285997 0.219324 -0.349066 0 0 -29.9686 287.364 -46.6346 0.0325854 0.0413764 0.117827 6.1348 -98.415 -16.6348 
0.436899 -0.0167322 0.0140385 0.00134751 -0.174367 0.320222 0.174911 0.091144 -0.174038 0.105214 0.277439 0.0100017 -0.0998612 -0.0436826 0.283872 0.0285997 0.219324 -0.349066 0 0 -29.9686 287.364 -46.6346 0.0325854 0.0413764 0.117827 6.1348 -98.415 -16.6348 
0.378873 -0.0273213 0.009516 0 -0.174533 0.315874 0.205845 0.105181 -0.174533 0.0928174 0.291856 7.27861e-006 -0.0996641 -0.0599537 0.282081 0 0.217949 -0.349066 0 0 -29.9545 287.362 -46.6342 0.0325178 0.0379437 0.117692 6.1348 -98.415 -16.6348 
0.320075 -0.040233 0.009516 0 -0.174533 0.306238 0.205845 0.105181 -0.174533 0.0797712 0.291856 7.27861e-006 -0.0807346 -0.0785212 0.223556 0 0.226836 -0.349066 0 0 -29.9545 287.362 -46.6342 0.0325178 0.0379437 0.117692 6.1348 -98.415 -16.6348 
0.259024 -0.0448771 0.0159282 0 -0.174533 0.299235 0.205845 0.105181 -0.174533 0.0675596 0.291856 7.27861e-006 -0.0748419 -0.0937426 0.197177 0 0.232105 -0.349066 0 0 -29.9545 287.362 -46.6342 0.0325178 0.0379437 0.117692 6.1348 -98.415 -16.6348 
0.21976 -0.0559572 0.000507386 0 -0.174533 0.298604 0.204606 0.105252 -0.170347 0.062336 0.284238 0.00529922 -0.0633556 -0.101447 0.154664 0.0416438 0.238781 -0.349066 0.0149315 0 -29.9557 287.362 -46.6333 0.032811 0.0379227 0.117654 6.1348 -98.415 -16.6348 
0.166505 -0.061266 0.000507386 0 -0.174533 0.298604 0.204606 0.105252 -0.165767 0.0537433 0.278956 0.00529922 -0.0367129 -0.101447 0.0918042 0.0416438 0.25801 -0.349066 0 0 -29.9557 287.362 -46.6333 0.032811 0.0379227 0.117654 6.1348 -98.415 -16.6348 
0.120063 -0.0525431 0 0.0381703 -0.174533 0.304162 0.217963 0.0535215 -0.144476 0.0437658 0.232459 2.77272e-005 -0.0223648 -0.0877214 0.101035 0 0.260466 -0.349066 0 0 -29.8317 287.504 -46.6733 0.0311768 0.037072 0.112466 6.1348 -98.415 -16.6348 
0.0802561 -0.0529072 0 0.0276319 -0.174533 0.293243 0.222158 0.057307 -0.136996 0.033561 0.185796 0 0.00790977 -0.100103 0.0233136 0 0.257584 -0.349066 0 0.0114676 -29.8229 287.681 -46.6826 0.0314577 0.0371532 0.112461 6.1348 -98.415 -16.6348 
0.0133509 -0.0576214 0 0.0205378 -0.174533 0.281168 0.201804 0.100743 -0.137342 0.0218868 0.179924 0 0.00714978 -0.104993 0.0231585 0 0.260451 -0.349066 0 0.024885 -29.8253 287.677 -46.5901 0.031478 0.0371975 0.112407 6.1348 -98.415 -16.6348 
-0.032654 -0.062222 0 0.0205378 -0.174533 0.258192 0.168089 0 -0.141405 0.0094757 0.143738 0 0.00714978 -0.106754 0.0231585 0 0.260451 -0.349066 0 0.00965289 -29.8253 287.677 -46.5901 0.031478 0.0371975 0.112407 6.1348 -98.415 -16.6348 
-0.059228 -0.0609666 0 0.0648493 -0.174533 0.236879 0.094282 0 -0.156503 0.00468992 0.101189 0.0496317 0.0073241 -0.108618 0.0225355 0 0.25487 -0.349066 0 0 -29.8285 287.642 -46.6249 0.0325231 0.0380212 0.108019 6.1348 -98.415 -16.6348 
-0.0947742 -0.0631735 0.030607 0.0679111 -0.174485 0.213896 0.0593816 0 -0.173478 -0.00368544 0.0759548 0.0503234 0.00219037 -0.113928 0 0.0263692 0.241453 -0.349066 0 0 -29.5736 287.319 -46.6871 0.0314884 0.0388156 0.108938 6.1348 -98.415 -16.6348 
-0.0947742 -0.0656927 0.030607 0.0679111 -0.168926 0.20224 0.00344045 0 -0.174533 -0.0128597 0.0484908 0 -0.008714 -0.1228 0 0.0263692 0.232132 -0.349066 0 0 -29.5736 287.319 -46.6871 0.0314884 0.0388156 0.108938 6.1348 -98.415 -16.6348 
-0.0960776 -0.062851 0.0458535 0.0546526 -0.173234 0.184706 0.00274939 0 -0.174533 -0.0172696 0 0.089082 -0.0216858 -0.123649 0 0.0233789 0.225919 -0.349066 0 0 -29.6066 287.335 -46.6583 0.031745 0.0380443 0.108554 6.1348 -98.415 -16.6348 
-0.110756 -0.0548917 0.0459248 0.136561 -0.173925 0.170953 0.00394116 0 -0.174533 -0.0175539 0 0.143351 -0.00898622 -0.119109 0 0.0283278 0.246636 -0.349066 0 0 -29.3961 287.281 -46.5255 0.0236493 0.044849 0.108831 6.1348 -98.415 -16.6348 
-0.109697 -0.0365502 0.0426429 0.204454 -0.174533 0.182467 0 0 -0.174533 0.00471724 0 0.0992514 -0.00651756 -0.121419 0 0.0178384 0.243139 -0.349066 0 0 -29.0516 287.442 -46.321 0.0261225 0.0415085 0.108247 6.1348 -98.415 -16.6348 
-0.109916 -0.0358553 0.0426343 0.204432 -0.174533 0.182477 0 0 -0.174533 0.00536559 0 0.0964152 -0.00593645 -0.121388 0 0.0190852 0.243719 -0.349066 0 0 -29.0515 287.442 -46.3212 0.0261245 0.0415047 0.108248 6.1348 -98.415 -16.6348 
-0.10465 -0.0381318 0.0555329 0.125543 -0.174533 0.198899 0.0138882 0 -0.17288 0.0104517 0 0.175549 0.00179037 -0.11 0 0.0192468 0.248056 -0.349066 0 0 -29.0375 287.235 -46.4383 0.0188831 0.0423517 0.101991 6.1348 -98.415 -16.6348 
