0.00238119 0.00516447 0 0 -0.0431485 0.325252 0 0 -0.0731099 0.0850799 0 0 0.0264562 -0.0527862 0 0 0.300887 -0.349066 0 0 -5.77849 256.893 -56.3591 0.0279649 0.107914 -0.0289167 -6.33311 -99.083 -11.9383 
0.0114457 -0.104859 0 0 -0.174533 0.347836 0 0.142697 -0.150375 0.0951223 0.0753341 0 -0.0596704 -0.0161246 0 0.0459976 0.406754 -0.349066 0 0.000638605 -7.37917 268.104 -62.7352 0.128332 0.146094 -0.0712118 -6.33311 -99.083 -11.9383 
0.150986 -0.0874547 0 0.00356791 -0.174533 0.34884 0 0.0341983 -0.174533 0.0765574 0.142024 0 -0.13246 -0.0948261 0.00412752 0.0671643 0.163791 -0.349066 0 0 -2.1588 269.908 -65.8032 0.190816 0.0481777 -0.0139708 -6.33311 -99.083 -11.9383 
0.194743 -0.0643903 0 0.00688342 -0.118694 0.349066 0 0.0876807 -0.174451 0.11382 0.127838 0.00903026 -0.0898081 -0.056905 0.00846242 0.0816798 0.158967 -0.349066 0 0 -2.80596 272.202 -65.5478 0.173302 0.0490035 -0.0241575 -6.33311 -99.083 -11.9383 
0.141204 -0.0109872 0.0522466 0 -0.11581 0.349066 0.000197962 0.0963385 -0.174295 0.105875 0.0929768 0.0586633 -0.090091 -0.0421195 0.00431676 0.0525918 0.15431 -0.349066 0.00328184 0.0251377 -5.13508 271.507 -66.0917 0.167945 0.0505437 -0.0671272 -6.33311 -99.083 -11.9383 
0.131754 -0.0155858 0.0449554 0 -0.105285 0.343958 0 0.0762868 -0.174498 0.107836 0.0840122 0.0658832 -0.067726 -0.0512432 0.00339472 0.0562484 0.201517 -0.349066 0.000425735 0.0180769 -5.54965 271.46 -66.0508 0.159933 0.0606882 -0.0661243 -6.33311 -99.083 -11.9383 
0.132959 -0.0143768 0.0439019 0.00137689 -0.110744 0.344899 0.0271354 0.0870347 -0.17414 0.113203 0.0870364 0.0630698 -0.075565 -0.0585205 0.0033826 0.0513601 0.198711 -0.348375 0 0.00301495 -5.61432 271.542 -65.3953 0.172076 0.0485941 -0.0749448 -6.33311 -99.083 -11.9383 
0.13221 0.0429676 0.0710041 0.15543 -0.168897 0.343704 0.00408815 0.378271 -0.174533 0.161449 0.0982805 0.191803 -0.0632955 -0.0808623 0.00735485 0.0103759 0.145224 -0.347617 0.172146 0.128546 -5.92795 271.693 -64.2964 0.174482 0.0353003 -0.0955768 -6.33311 -99.083 -11.9383 
0.0832677 0.0400754 0.0691714 0.11977 -0.109199 0.347171 0.00984836 0.417912 -0.173951 0.175606 0.104402 0.302107 -0.106755 -0.053746 0.132708 0.0151722 0.155887 -0.33052 0.137519 0.087993 -4.7729 271.877 -63.7562 0.163282 0.0489921 -0.0864935 -6.33311 -99.083 -11.9383 
0.0993453 0.0409595 0.0646087 0.142994 -0.13409 0.348606 0 0.41042 -0.174533 0.148392 0.0773396 0.305714 -0.120991 -0.04678 0.121936 0.00573605 0.111685 -0.344779 0.175552 0.0811362 -4.61884 271.382 -63.7141 0.171921 0.034512 -0.0737334 -6.33311 -99.083 -11.9383 
0.056344 0.0663291 0.0766459 0.149083 -0.101083 0.349066 0.000461295 0.432108 -0.174533 0.141273 0.0894803 0.304374 -0.130264 -0.0486115 0.143103 0 0.0991058 -0.345731 0.211253 0 -4.11724 269.597 -61.3231 0.165106 0.0550131 -0.0781386 -6.33311 -99.083 -11.9383 
0.0796898 0.071691 0.0825729 0.132293 -0.0972215 0.349066 0 0.417468 -0.174533 0.130318 0.0504258 0.264428 -0.124269 -0.0612551 0.126208 0.000175123 0.0995519 -0.347491 0.191118 0.0014751 -3.46388 270.463 -61.328 0.161719 0.047329 -0.076899 -6.33311 -99.083 -11.9383 
0.0627425 0.0661317 0.075254 0.171966 -0.114117 0.349066 0 0.408647 -0.174533 0.123861 0.0560209 0.254978 -0.122532 -0.0514115 0.126203 0.0072436 0.152223 -0.349039 0.186834 0 -3.94418 269.999 -61.1159 0.172841 0.0498231 -0.0756431 -6.33311 -99.083 -11.9383 
0.0927239 0.0235829 0.0402443 0.194642 -0.0825611 0.348744 0.00191749 0.38656 -0.166872 0.0773559 0.0186555 0.356303 -0.117902 -0.0494719 0.26609 0.182353 0.170542 -0.349066 0.0108922 0.201577 -3.89388 272.12 -61.5043 0.177049 0.0540007 -0.0671014 -6.33311 -99.083 -11.9383 
0.130157 -0.0370429 0.0349062 0.0013079 -0.0559637 0.349066 0 0.372951 -0.174529 0.0863505 0 0.213504 -0.174533 -0.0164338 0.325935 0.293272 0.158386 -0.347873 0.0120119 0.000104667 -2.06287 271.386 -63.3068 0.195694 0.0618748 -0.0383264 -6.33311 -99.083 -11.9383 
0.0612723 -0.00166448 0.0693797 0.0318517 -0.0771511 0.349066 0 0.387952 -0.135574 0.0794131 0.00345378 0.20661 -0.136875 -0.0182997 0.293695 0.297938 0.154569 -0.348726 0.0834203 0.00836878 -1.77582 271.034 -62.7013 0.181183 0.0806658 -0.0370879 -6.33311 -99.083 -11.9383 
0.142571 -0.0434583 0 0 -0.17053 0.349066 0 0.364366 -0.174533 0.104462 0.00199951 0.184536 -0.174533 0.0113693 0.362683 0.280958 0.160985 -0.349066 0 0.0027568 -1.76416 268.847 -60.0281 0.189071 0.0664844 -0.0403082 -6.33311 -99.083 -11.9383 
0.12179 -0.174247 0 0.0112176 -0.119316 0.331335 0 0.441125 -0.160523 0.0798232 0.115567 0.297131 -0.116952 0.0286483 0.449314 0.460377 0.205968 -0.305969 0 0.355084 -1.78044 273.11 -66.8652 0.196586 0.082136 -0.0550083 -6.33311 -99.083 -11.9383 
0.194533 -0.182415 0.0759896 0.0332925 -0.174533 0.315126 0.0713856 0.54853 -0.0768698 0.0339092 0.586729 0.408681 0.16803 0.0279379 0.599242 0.358399 0.396908 -0.145514 0.159096 0.649214 1.75184 276.408 -62.334 0.182594 0.0973646 0.0202976 -6.33311 -99.083 -11.9383 
0.223166 -0.20944 0.0208993 0.0801179 -0.173287 0.314957 0.0329737 0.520625 -0.139827 -0.0134093 0.639169 0.312711 0.355305 -0.034446 0.835928 0.376801 0.370019 -0.0651573 0.124559 0.62896 5.02704 274.302 -66.5158 0.209645 0.056863 0.0239805 -6.33311 -99.083 -11.9383 
-0.158045 -0.196643 0.0761369 0.201058 -0.174533 0.27465 0.00225458 0.701443 -0.078174 -0.0606717 1.05398 0.416119 0.80075 -0.0781446 0.773886 0.357748 0.550804 -0.0555454 0.212161 0.837461 10.5585 265.961 -64.2757 0.090838 0.117184 0.142907 -6.33311 -99.083 -11.9383 
-0.174531 -0.19341 0.283387 0.566852 0.0526983 0.159425 0.482464 0.702238 -0.092167 -0.236328 1.20511 0.409878 0.638421 0.0183539 0.782104 0.213712 0.519605 0.0163925 0.55388 0.859295 2.19833 270.457 -62.8897 0.113456 0.0991016 0.124547 -6.33311 -99.083 -11.9383 
-0.168142 -0.129732 0.166834 0.540315 -0.0480005 0.146937 0.658423 0.901168 -0.0953064 -0.299389 1.37714 0.614746 0.990052 0.107385 0.726663 0.189326 0.611214 0.0291201 0.799554 1.10598 4.51101 268.319 -63.9505 0.0718951 0.190324 0.139316 -6.33311 -99.083 -11.9383 
-0.129305 -0.18419 0.0280371 0.846354 0.181845 0.0251391 0.648008 1.08823 -0.127774 -0.314438 1.35442 0.69575 0.812483 0.0879709 0.644567 0.202067 0.57945 -0.0526156 0.829124 1.36357 2.51261 263.069 -60.8971 0.173137 0.0871866 0.0596621 -6.33311 -99.083 -11.9383 
-0.169223 -0.20909 0.0707012 0.764388 0.00391034 0.000374906 0.776674 1.10548 -0.0838757 -0.278971 1.74533 0.988403 0.880348 0.165041 0.213312 0.360688 0.588156 0.0631006 0.652321 1.42711 -0.118491 262.582 -59.2227 0.190572 0.0829774 0.0788427 -6.33311 -99.083 -11.9383 
-0.0424018 -0.20944 0 0.827969 -0.0550305 0.0162992 1.05595 1.26698 -0.142133 -0.349066 1.74533 1.17721 0.861246 0.131449 0.261423 0.0426385 0.328393 -0.0989576 0.687655 1.44394 1.47606 262.868 -60.3584 0.325971 0.0268251 0.0831241 -6.33311 -99.083 -11.9383 
-0.0555398 -0.208799 0.0497198 0.798572 -0.166024 0.0416616 1.12328 1.29076 -0.168527 -0.345895 1.73646 1.24171 0.833036 0.00160982 0.378085 0.172723 0.441672 -0.175726 0.649369 1.567 2.05814 259.813 -64.2744 0.257522 0.0457797 0.0772029 -6.33311 -99.083 -11.9383 
0.0131072 -0.20944 0.0953218 0.932103 -0.029256 -0.0579706 1.0339 0.916481 -0.137538 -0.249713 1.66062 1.39243 0.872599 0.000876691 0.431153 0.184518 0.577066 -0.0840295 0.613132 1.5708 2.32712 261.058 -60.9396 0.185707 -0.0525706 0.104102 -6.33311 -99.083 -11.9383 
-0.0637361 -0.20944 0.767284 0.978017 -0.103793 -0.28881 1.29354 0.594592 0.17506 -0.348636 1.39283 1.5708 1.09084 -0.275711 0.244282 0 0.626353 -0.137221 1.72632 1.5708 0.970097 256.965 -53.4077 0.279096 -0.0696776 0.265636 -6.33311 -99.083 -11.9383 
0.0970526 -0.20944 0.856912 1.11762 0.0331396 -0.347848 1.45407 0.578124 0.379453 -0.349066 1.36064 1.56885 1.02831 -0.349066 0.176155 0 0.816835 -0.218846 1.74533 1.5708 4.05864 252.819 -50.0034 0.298571 -0.102393 0.353108 -6.33311 -99.083 -11.9383 
0.150518 -0.20944 0.750231 1.04797 -0.123149 -0.349066 1.74533 0.363275 0.279901 -0.349066 1.0077 1.328 0.904508 -0.346566 0 0.238739 0.753534 -0.0770837 1.62134 1.5708 4.15413 255.74 -50.217 0.513519 -0.0490559 0.463321 -6.33311 -99.083 -11.9383 
0.242818 -0.152099 0.60555 1.10906 -0.101031 -0.349066 1.71264 0.311934 0.382674 -0.33917 0.323657 1.47289 0.791384 -0.349066 0.00205829 0.0771206 0.67556 0.0166691 1.58943 1.53877 2.92828 252.052 -51.3065 0.564186 -0.161479 0.286297 -6.33311 -99.083 -11.9383 
-0.102234 -0.194647 0.539062 1.26179 -0.174533 -0.346055 1.74119 0.463288 0.602544 -0.338481 0.727963 1.55537 0.743725 -0.320062 0.104792 0.0315498 0.695008 0.0358423 1.74292 1.5708 7.2187 250.589 -52.805 0.565666 -0.141394 0.349204 -6.33311 -99.083 -11.9383 
-0.0630833 -0.12112 0.924039 1.2848 -0.174533 -0.349066 1.74533 0.485297 0.605957 -0.241887 0.86001 1.54115 0.815757 -0.349066 0.00131239 0 0.66936 -0.0125903 1.74533 1.5708 7.06364 250.88 -51.2088 0.61131 -0.0415423 0.549293 -6.33311 -99.083 -11.9383 
-0.0595576 -0.0971174 1.01779 1.27696 -0.174533 -0.349028 1.74533 0.501512 0.575929 -0.203212 0.827902 1.5565 0.839273 -0.349066 0.000988436 0 0.802265 0.00102081 1.74273 1.5708 5.75392 249.656 -50.7328 0.575335 -0.0214349 0.606635 -6.33311 -99.083 -11.9383 
-0.0254213 -0.140268 1.19862 1.33837 -0.173449 -0.334296 1.74533 0.615384 0.712831 -0.133488 0.716099 1.5708 0.85305 -0.348108 0.0132633 0.00144046 0.724119 -0.0293942 1.74533 1.5708 4.15797 252.729 -52.0201 0.612013 -0.0366714 0.603897 -6.33311 -99.083 -11.9383 
-0.0477965 -0.20944 1.16055 1.37334 -0.174533 -0.349066 1.74533 0.543316 0.729051 -0.120321 0.516377 1.5708 0.810017 -0.348954 0.00611945 0 0.818218 -0.00434728 1.74533 1.5708 1.94926 251.857 -50.9755 0.612992 0.015781 0.595361 -6.33311 -99.083 -11.9383 
0.323885 -0.20944 1.51267 1.3602 -0.109388 -0.349066 1.74533 0.726568 0.939011 -0.316549 0.454373 1.5708 0.774237 -0.312726 0 0.00291265 0.917756 0.187853 1.43053 1.35373 2.19996 250.415 -51.042 0.613095 0.026515 0.60349 -6.33311 -99.083 -11.9383 
0.386042 -0.20944 1.5708 1.27043 -0.174533 -0.349066 1.70242 0.7673 1.21325 -0.347218 0.532622 1.5708 0.715751 -0.349047 0 0.0693885 0.9218 0.181349 1.46159 1.29157 2.92283 250.463 -50.3653 0.655477 -0.0127075 0.597923 -6.33311 -99.083 -11.9383 
0.265544 -0.0754306 1.13408 1.43276 0.00831433 -0.349066 1.65023 0.481021 1.06755 -0.349066 0.481295 1.5708 0.822839 -0.346549 0.00381894 0.000458193 0.98316 0.18966 1.72164 1.19255 4.17034 248.488 -47.8953 0.62639 0.00386772 0.585772 -6.33311 -99.083 -11.9383 
0.22495 -0.0762805 1.18167 1.55045 -0.120581 -0.348879 1.70966 0.473005 1.10952 -0.346094 0.468298 1.56982 0.806555 -0.343832 0.0045631 0.00249255 1.10199 0.216183 1.71365 1.21764 4.40766 249.896 -47.3256 0.630083 0.0042747 0.655219 -6.33311 -99.083 -11.9383 
0.267855 -0.057466 1.25298 1.56745 -0.174533 -0.349066 1.73936 0.565932 1.08016 -0.349066 0.516424 1.5708 0.785978 -0.338244 0.0132016 7.95037e-005 1.11779 0.293105 1.74122 1.50711 4.31719 250.957 -47.7589 0.637609 0.00190336 0.627465 -6.33311 -99.083 -11.9383 
0.147023 -0.0156658 1.47484 1.57061 -0.100376 -0.312932 1.74216 0.67048 0.970292 -0.302174 0.602269 1.55119 0.876818 -0.33843 0 0.171155 1.01854 0.215118 1.74516 1.5087 2.39812 251.665 -46.4515 0.57153 -0.0232614 0.632091 -6.33311 -99.083 -11.9383 
0.209726 0.0422675 1.47407 1.55048 -0.14264 -0.347851 1.74488 1.20199 0.824405 -0.18006 0.598153 1.5708 0.941124 -0.346855 0.000436178 0.141528 0.715697 0.0878932 1.74533 1.5708 2.03071 253.654 -46.2671 0.509504 -0.0465574 0.710908 -6.33311 -99.083 -11.9383 
0.0735076 -0.0277908 1.54936 1.5708 -0.153776 -0.349066 1.71648 1.2509 0.943008 -0.14824 0.632215 1.5708 0.944155 -0.348995 0.00019164 0.0132067 0.835198 0.126054 1.73079 1.57011 -0.603832 254.294 -41.8617 0.519798 0.0712277 0.86697 -6.33311 -99.083 -11.9383 
-0.0147972 -0.0384887 1.54232 1.5708 -0.166065 -0.349066 1.73196 1.27019 0.887313 -0.0996761 0.645438 1.56974 1.006 -0.348042 0.00765458 7.00768e-005 0.798908 0.200477 1.73809 1.56836 -1.08078 255.657 -41.7716 0.521888 0.090459 0.884425 -6.33311 -99.083 -11.9383 
0.167418 -0.189606 1.5708 1.5708 -0.174533 -0.349066 1.74533 1.40341 0.84697 -0.198017 1.74533 1.5708 0.973284 -0.349066 0.111963 0.73721 0.354961 -0.344324 1.74533 1.5708 -4.21439 260.031 -48.1415 0.316961 0.0607366 0.983868 -6.33311 -99.083 -11.9383 
0.786417 -0.0560682 1.5688 1.46376 0.438183 -0.32957 1.42178 1.28885 1.10205 -0.330082 1.2866 1.40155 1.08403 -0.335448 0.282602 0.396491 0.442549 -0.343452 1.7408 1.5708 0.900679 266.29 -45.7734 0.224747 0.139284 0.997588 -6.33311 -99.083 -11.9383 
1.13444 0.106182 1.40286 1.4263 0.267503 -0.161279 1.1992 1.5708 1.56898 -0.114268 1.3354 1.46374 0.797451 -0.212856 0.270231 0.19189 0.543869 -0.349066 1.60719 1.49987 -3.59219 270.376 -48.2075 0.223255 0.303385 0.841446 -6.33311 -99.083 -11.9383 
1.10292 0.0923026 1.53268 1.44853 0.327801 -0.160508 1.32136 1.5708 1.41326 -0.115094 1.5077 1.44893 0.815041 -0.267079 0.589281 0.0462489 0.74009 -0.347656 1.59264 1.56056 -1.67427 268.585 -44.1675 0.210914 0.20436 0.963811 -6.33311 -99.083 -11.9383 
1.5671 0.285142 1.5708 1.5708 -0.174533 -0.0484266 1.74533 1.5708 1.42705 -0.0893886 1.59317 1.5708 0.529637 -0.348915 0.582349 0.0605246 1.04811 -0.340751 1.70599 1.39776 -1.30597 269.617 -47.6051 0.193441 0.413776 0.866484 -6.33311 -99.083 -11.9383 
1.5708 0.33558 1.54237 1.56795 -0.171126 0.0544097 1.74533 1.56766 1.31816 -0.0811915 1.70744 1.56978 0.515906 -0.151993 0.619454 0.237725 0.957742 -0.345327 1.74107 1.4115 -2.44711 267.621 -42.2787 -0.0229717 0.403681 0.926455 -6.33311 -99.083 -11.9383 
1.54028 0.349066 1.5708 1.5708 0.0595148 0.177551 1.74533 1.46963 1.5708 -0.0683037 1.74352 1.5708 0.557413 -0.241334 0.522387 0.880449 0.769133 -0.323727 1.73822 1.45849 -2.21728 270.26 -41.6814 0.00242673 0.332538 0.941763 -6.33311 -99.083 -11.9383 
1.26696 0.349066 1.5708 1.54411 0.498107 0.0019037 1.74533 1.54465 1.5708 -0.349066 1.7448 1.5708 0.126035 -0.184007 0.466431 1.44225 0.777021 -0.332314 1.74533 1.5708 -1.84162 271.275 -50.7723 0.0657861 0.451231 0.474362 -6.33311 -99.083 -11.9383 
1.38644 0.320031 1.57074 1.48855 0.127089 0.0871834 1.74064 1.5708 1.5708 -0.349066 1.74533 1.5708 0.413626 0.00230163 0.438935 1.29576 1.16507 -0.288684 1.74533 1.5708 -8.27517 271.007 -45.3701 -0.0406366 0.391604 0.126721 -6.33311 -99.083 -11.9383 
1.56354 0.177922 1.55878 1.56633 0.177073 -0.00448119 1.74533 1.5708 1.53371 -0.349066 1.72571 1.56303 0.173589 0.0207608 0.318289 1.49489 0.988171 -0.261574 1.61395 1.3986 -9.11111 264.36 -42.332 0.0227698 0.357529 -0.0053859 -6.33311 -99.083 -11.9383 
1.204 0.349066 1.56648 1.56482 0.571349 0.122819 1.74388 1.5708 1.29008 -0.309678 1.70697 1.56812 0.342756 0.0860002 0.00385997 1.57077 0.590783 -0.349066 1.74533 1.55153 -7.42503 272.107 -35.5885 -0.0407315 -0.0454473 -0.199623 -6.33311 -99.083 -11.9383 
0.597737 0.294993 1.51118 1.5708 -0.0777577 0.244739 1.74533 1.5708 1.14828 -0.229447 1.53588 1.5708 -0.174359 0.14166 0.214222 1.35068 0.238227 -0.349066 1.74533 1.5708 -2.16702 265.691 -38.6077 0.170229 0.0672756 -0.165421 -6.33311 -99.083 -11.9383 
0.391467 0.349066 1.55242 1.5708 -0.15685 0.349066 1.74533 1.5708 0.662186 -0.0740994 1.74533 1.5708 -0.174533 0.160965 0.277066 1.43333 0.189584 -0.334022 1.74533 1.5708 -3.45397 263.957 -40.7982 0.10391 0.154484 -0.206263 -6.33311 -99.083 -11.9383 
0.40865 0.349066 1.56204 1.5708 -0.118415 0.349066 1.74442 1.56756 0.641507 -0.11291 1.74533 1.5708 -0.174533 0.212715 0.290041 1.46413 0.202161 -0.33783 1.74527 1.5708 -4.08945 264.398 -41.7317 0.116884 0.145989 -0.241769 -6.33311 -99.083 -11.9383 
0.3837 0.349066 1.57078 1.5708 -0.174236 0.349066 1.74533 1.5708 0.167318 -0.349066 1.74533 1.5708 -0.174088 0.349066 0.0345016 1.5708 0.334598 -0.345287 1.74533 1.5708 -3.27769 267.243 -41.9704 0.122498 0.12842 -0.22561 -6.33311 -99.083 -11.9383 
0.313743 0.348968 1.5708 1.5708 -0.169251 0.34898 1.74533 1.57058 0.18363 -0.349066 1.70791 1.57069 -0.17451 0.349066 0.0161007 1.57079 0.476123 -0.349066 1.74529 1.55837 -1.63102 267.325 -42.7052 0.126705 0.18802 -0.207253 -6.33311 -99.083 -11.9383 
0.339466 0.349066 1.5708 1.5708 -0.149862 0.349066 1.74533 1.5708 0.188697 -0.349066 1.70509 1.57078 -0.174533 0.349066 0.0230313 1.5708 0.270964 -0.349066 1.4758 1.32428 0.346062 266.361 -40.6779 0.0925833 0.232125 -0.185195 -6.33311 -99.083 -11.9383 
0.150398 0.347212 1.5708 1.5708 -0.174533 0.349066 1.74533 1.5708 0.198805 -0.349066 1.74533 1.5708 -0.174533 0.349066 0 1.5708 0.153104 -0.349066 1.39523 1.37955 1.88625 264.502 -42.9171 0.0702389 0.283636 -0.184613 -6.33311 -99.083 -11.9383 
0.111433 0.344618 1.5708 1.52983 -0.174448 0.342336 1.74533 1.5103 0.242595 -0.349066 1.72621 1.5708 -0.117519 0.308436 0.0535517 1.53354 0.245777 -0.349066 1.21175 1.54073 1.58854 261.577 -45.7453 0.0094676 0.31253 -0.188077 -6.33311 -99.083 -11.9383 
-0.0163139 0.347141 1.5708 1.56366 -0.174533 0.349025 1.74521 1.5708 0.224894 -0.349066 1.74202 1.5708 -0.162258 0.30145 0.00271058 1.56483 0.171192 -0.348903 1.03731 1.5708 -1.0235 262.694 -45.0771 0.0836046 0.284552 -0.235536 -6.33311 -99.083 -11.9383 
-0.00306521 0.348742 1.5708 1.57023 -0.174533 0.349066 1.74533 1.5708 0.231351 -0.349066 1.73733 1.5708 -0.16388 0.295074 0.00135799 1.57009 0.18104 -0.349066 1.04408 1.5708 -0.938278 261.841 -45.4432 0.0863958 0.274014 -0.236404 -6.33311 -99.083 -11.9383 
-0.0777284 0.349066 1.5708 1.5708 -0.174533 0.349066 1.74533 1.5708 0.224832 -0.349066 1.74533 1.5708 -0.174533 0.276007 0 1.5708 0.192141 -0.349062 1.01251 1.5708 -1.22613 261.547 -46.0929 0.0753417 0.291093 -0.214893 -6.33311 -99.083 -11.9383 
