-0.0164076 0.0264821 0.0289348 0 -0.165234 0.309086 0.0602211 0.186095 -0.174533 0.0367122 0.0557404 0 -0.0113701 -0.0910539 0 0.0824389 0.339246 -0.349066 0 0 -22.6849 267.485 -46.5159 0.00485001 0.059956 -0.0282025 0.0783997 -98.162 -19.083 
-0.0103182 0.0292629 0.00656955 0.132489 -0.171833 0.305295 0 0.15232 -0.174533 0.053927 0.0671658 0.0375854 -0.00592153 -0.0950475 0.00927304 0 0.343087 -0.349066 0 0 -22.7573 270.862 -46.0603 0.0442585 0.102646 -0.030379 0.0783997 -98.162 -19.083 
-0.0103182 0.0331838 0.00656955 0.132489 -0.171833 0.305295 0 0.15232 -0.174533 0.0637415 0.0671658 0.0375854 -0.00592153 -0.0971032 0.00927304 0 0.343087 -0.349066 0 0 -22.7573 270.862 -46.0603 0.0442585 0.102646 -0.030379 0.0783997 -98.162 -19.083 
-0.0103182 0.0331838 0.00656955 0.132489 -0.171833 0.305295 0 0.15232 -0.174533 0.051924 0.0671658 0.0375854 -0.00592153 -0.0829884 0.00927304 0 0.343087 -0.349066 0 0 -22.7573 270.862 -46.0603 0.0442585 0.102646 -0.030379 0.0783997 -98.162 -19.083 
-0.0103182 0.0331838 0.00656955 0.132489 -0.171833 0.305295 0.0228614 0.15232 -0.174533 0.04765 0.0671658 0.0375854 0.000388091 -0.0829884 0.00927304 0 0.343087 -0.349066 0 0 -22.7573 270.862 -46.0603 0.0442585 0.102646 -0.030379 0.0783997 -98.162 -19.083 
-0.0133133 0.0331522 0.00485267 0.112073 -0.171694 0.304459 0.0214349 0.142235 -0.174533 0.0389276 0.0680446 0.0385309 0.000622226 -0.083312 0.00749527 0 0.344023 -0.349066 0 0 -22.7542 270.863 -46.0611 0.0443082 0.102675 -0.0303595 0.0783997 -98.162 -19.083 
-0.0399592 0.0564812 0.0712896 0.0483979 -0.172179 0.302016 0.026121 0.124554 -0.174345 0.0415423 0.0651801 0.0305859 0.00381643 -0.0765896 0.00278846 0 0.342737 -0.349066 0 0 -22.0506 270.891 -46.0231 0.0457859 0.102674 -0.0306262 0.0783997 -98.162 -19.083 
-0.0378477 0.0552806 0.0931889 0.0152981 -0.174533 0.303934 0.0363927 0.156599 -0.174533 0.0527122 0.0657315 0.036121 0.0136589 -0.0662026 0 0 0.35412 -0.349066 0 0 -21.9829 270.988 -46.0203 0.0416779 0.105275 -0.0332208 0.0783997 -98.162 -19.083 
-0.0338932 0.0549591 0.0925938 0.0938659 -0.174533 0.311817 0.0367751 0.135811 -0.174533 0.0526871 0.0620323 0.0360763 0.0126487 -0.0672829 0 0 0.355006 -0.349066 0 0 -21.9833 270.998 -46.0078 0.0416565 0.105344 -0.0332458 0.0783997 -98.162 -19.083 
-0.0226455 0.0773257 0.110097 0.100437 -0.174426 0.320836 0.0382302 0.0543758 -0.174533 0.0651399 0.0666646 0.0894244 0.0090386 -0.0590596 0.000979229 0.0224662 0.356642 -0.349066 0.0100487 0 -21.9015 271.102 -45.9778 0.0409033 0.102563 -0.0400258 0.0783997 -98.162 -19.083 
-0.00358763 0.0449999 0.0214149 0.228773 -0.169873 0.338259 0.00134022 0 -0.174533 0.0893333 0.0633238 0.0393952 0.0105676 -0.0426719 0.00181226 0.00892981 0.329824 -0.349066 0 0.000438194 -21.698 271.401 -46.4392 0.0435713 0.100646 -0.0419678 0.0783997 -98.162 -19.083 
-0.0440252 0.043057 0.0390362 0.266248 -0.166497 0.33775 0 0 -0.174533 0.104825 0.0548186 0.0279953 0.0192668 -0.0481706 0.0010987 0 0.32634 -0.349066 0 0.000387247 -21.7689 271.511 -46.4085 0.044892 0.100534 -0.0424035 0.0783997 -98.162 -19.083 
-0.0284234 0.0163777 0.0350384 0 -0.15581 0.331332 0 0.107166 -0.172797 0.051748 0.0559644 0.0486498 0.00714612 -0.00144832 0.000193748 0 0.2837 -0.349066 0.0523034 0.00299015 -21.8727 271.293 -46.3718 0.0431789 0.101455 -0.0410144 0.0783997 -98.162 -19.083 
-0.00928169 0.0272775 0.0358528 0 -0.166336 0.33116 0 0.0976631 -0.173009 0.0602476 0.0764309 0.0512595 -0.00792625 -0.0112374 0.000193614 0 0.258937 -0.349066 0.0370833 0.0027907 -21.8723 271.315 -46.3574 0.0433449 0.100224 -0.0406919 0.0783997 -98.162 -19.083 
-0.00844993 0.0351296 0.0344816 0.161034 -0.160094 0.349066 0.00108633 0 -0.174533 0.080968 0.0903748 0.155474 -0.00351863 -0.00186314 7.98124e-005 0 0.253878 -0.318494 0.0280316 0.00184162 -21.8913 271.319 -46.2346 0.0430887 0.0995943 -0.0433906 0.0783997 -98.162 -19.083 
0.000467284 0.0388241 0.0374367 0.179495 -0.156901 0.349066 0.0285915 0 -0.156634 0.107808 0.12293 0.194711 -0.0139508 0.00545903 7.54626e-005 0.264696 0.254264 -0.279736 0.0586782 0.00180232 -21.8927 271.309 -46.2398 0.0430589 0.0997033 -0.0433584 0.0783997 -98.162 -19.083 
0.0200178 0.0161108 0.0471601 0.206308 -0.171456 0.349066 0.0759992 0.230661 -0.171987 0.114764 0.291099 0.295688 -0.00446568 0.022722 0.0261582 0.2915 0.250005 -0.270039 0.0573333 0.109798 -22.0691 271.22 -45.8813 0.0413729 0.0872412 -0.0426036 0.0783997 -98.162 -19.083 
0.0294044 0.0252664 0.0358712 0.0475712 -0.174115 0.349066 0.209745 0.531409 -0.174533 0.149787 0.370501 0.124542 0.0644266 0.0342336 0 0.852682 0.219543 -0.349066 0 0 -22.617 271.37 -46.2715 0.0384767 0.0781457 -0.0501561 0.0783997 -98.162 -19.083 
0.178979 -0.0381983 0 0 -0.168793 0.348945 0 1.5708 -0.121535 0.0821531 0.187909 1.5708 -0.0295626 -0.0387259 0.157189 0.315064 0.142815 -0.298376 0.112989 0.122341 -23.134 271.722 -45.5989 0.0667944 0.0361292 -0.0494121 0.0783997 -98.162 -19.083 
0.117332 -0.058989 0.0017769 0 -0.174533 0.349066 0.377158 1.5708 -0.141386 0.0653066 0.573599 1.5708 -0.174533 -0.0728751 0.121423 0.469232 0.530315 -0.349066 0 0 -22.7301 271.373 -43.9961 0.0418982 0.0316447 -0.035902 0.0783997 -98.162 -19.083 
0.0737784 -0.0376583 0.00846563 0.508597 -0.174533 0.26515 1.48636 1.5708 -0.0305424 0.214519 0.907297 1.07959 -0.0291589 0.0225097 0.0578356 0.554738 0.607282 -0.203102 0.386798 0.0552685 -22.7098 271.519 -44.055 0.041663 0.0210177 -0.034174 0.0783997 -98.162 -19.083 
0.0963106 -0.144862 0.117996 0.237725 -0.0838769 0.121525 1.443 1.5708 -0.174533 0.349066 1.2871 0.36223 -0.174533 0.0940054 0.934262 0.614863 0.74546 0.11302 0.10477 0.274475 -22.5909 272 -44.6869 0.0409004 0.0125808 0.00692511 0.0783997 -98.162 -19.083 
-0.036817 -0.0787212 0.237409 0.587045 -0.111661 0.227889 1.54272 1.39639 -0.174272 0.311874 1.58321 0.569628 -0.174533 0.216689 1.65405 0.862653 0.506951 0.220478 0.326811 0 -22.4685 270.763 -44.5933 0.0373645 0.0291817 0.000597235 0.0783997 -98.162 -19.083 
0.0687676 -0.0241061 0.230116 1.06467 0.0298437 0.20373 1.63574 1.50002 0.0384325 0.0896267 1.28753 0.456368 -0.160786 0.349066 1.74533 1.38978 0.374983 0.0237066 0.333093 0.118018 -23.8672 268.847 -44.0164 0.0590133 0.005089 -0.0269232 0.0783997 -98.162 -19.083 
0.0628466 -0.0758142 0.328189 0.769906 0.166243 0.0499896 1.74353 1.539 0.15328 0.00975351 1.15061 0.148931 0.00361383 0.349066 1.74343 1.52004 0.512727 0.0375045 0.0908893 0.0989985 -23.3718 268.41 -44.048 0.0851259 0.0107263 -0.0158072 0.0783997 -98.162 -19.083 
0.0463636 -0.118857 0.479037 0.100742 0.280082 0.105838 1.69414 1.55395 0.640271 0.0204943 0.834508 0.467188 0.175802 0.349066 1.72036 1.34851 0.650455 0.250835 0.195952 0.0911445 -21.1893 268.941 -43.3274 0.0708595 0.0737233 -0.0103943 0.0783997 -98.162 -19.083 
0.0226082 -0.0683895 0.554163 0.279095 0.310006 0.156387 1.6614 1.5708 1.02975 -0.0118392 0.334908 0.0838534 0.173419 0.349066 1.74533 1.19362 0.658009 0.216468 0.110893 0.1342 -20.4184 269.072 -43.0606 0.0868499 0.0667143 -0.0208877 0.0783997 -98.162 -19.083 
0.0824182 -0.0859524 0.49618 0.388997 0.30846 0.143367 1.69826 1.5708 1.22551 -0.0435771 0.00937602 0 0.217972 0.327698 1.74533 1.36664 0.61542 0.218866 0.12045 0.120323 -20.7334 270.018 -43.3301 0.122266 0.0556523 -0.00145856 0.0783997 -98.162 -19.083 
0.0708281 -0.111526 0.542909 0.0681345 0.311746 0.193258 1.7004 1.5708 1.22984 -0.00517486 0.00985857 0 0.293513 0.339907 1.74533 1.43775 0.602364 0.225003 0.106947 0.116329 -21.1209 269.7 -43.0678 0.128544 0.0598461 -0.00566533 0.0783997 -98.162 -19.083 
0.0692396 -0.182931 0.385201 0.154231 0.450791 0.166208 1.69462 1.5708 1.19793 0.00519677 0.00225026 0 0.343157 0.343832 1.74533 1.42282 0.54368 0.279227 0.0755287 0.14303 -21.2488 270.164 -42.4445 0.170883 0.0773102 -0.0115522 0.0783997 -98.162 -19.083 
0.0652294 -0.167114 0.497654 0.2212 0.408365 0.11476 1.74533 1.55563 1.15545 0.0436216 0 0 0.253667 0.324005 1.7391 1.50612 0.360803 0.303536 0.0761137 0.0687808 -21.4733 269.408 -42.539 0.211021 0.0571616 -0.0182062 0.0783997 -98.162 -19.083 
-0.108403 -0.156424 0.626419 0.214171 0.260038 0.112688 1.74507 1.56292 1.07592 0.0575851 0 0 0.0120507 0.315015 1.74533 1.49996 0.187983 0.311349 0.0598709 0.0795685 -22.5017 269.937 -41.1334 0.284349 0.0941594 -0.0447239 0.0783997 -98.162 -19.083 
-0.163645 -0.176556 0.721787 0 0.113568 0.222309 1.74533 1.57036 0.941956 0.0185254 0.0168037 1.80809e-005 -0.174533 0.349066 1.74533 1.48642 -0.0107228 0.304168 0.0828104 0.0598494 -23.6839 268.738 -40.9921 0.354921 0.0792149 -0.098309 0.0783997 -98.162 -19.083 
-0.174224 -0.143671 0.745124 0 0.0904428 0.275629 1.74533 1.5708 0.955779 0.0327835 0.00916899 0.00440375 -0.174533 0.349066 1.74533 1.49306 -0.0484829 0.296492 0.0778322 0.0606631 -23.4401 268.651 -40.8644 0.352105 0.0819129 -0.109294 0.0783997 -98.162 -19.083 
-0.174533 -0.152317 0.729746 0 0.0862785 0.269718 1.74533 1.5706 0.973647 0.0335704 0.0163634 0.00487322 -0.174533 0.348592 1.74529 1.50246 -0.135844 0.291956 0.101984 0.0719105 -23.5768 268.505 -40.7493 0.369215 0.0942738 -0.10941 0.0783997 -98.162 -19.083 
-0.174533 -0.133682 0.708291 0 0.127956 0.325244 1.74533 1.5708 1.00372 0.0925669 0.0198391 0 -0.174533 0.349066 1.73922 1.51266 -0.145439 0.311194 0.0522458 0.0630107 -22.0417 266.98 -41.1676 0.371432 0.10278 -0.12156 0.0783997 -98.162 -19.083 
-0.174533 -0.187875 0.591822 0 0.173003 0.331611 1.74533 1.5708 0.948188 0.102802 0.000147319 0 -0.174533 0.349066 1.74479 1.52081 -0.154806 0.315407 0.0584227 0.0589704 -21.3364 267.129 -40.8045 0.377181 0.106561 -0.12127 0.0783997 -98.162 -19.083 
-0.174533 -0.162001 0.535784 0 0.107509 0.33101 1.74533 1.5708 0.948773 0.108057 0 0.0102394 -0.174533 0.349066 1.74526 1.53249 -0.152465 0.338413 0.0528695 0.0346524 -20.8405 266.882 -40.1256 0.384012 0.11481 -0.133558 0.0783997 -98.162 -19.083 
-0.0457847 -0.189561 0.384301 0 0.06698 0.346019 1.74533 1.5708 0.965091 0.0956578 0.0255566 0.00319337 -0.174533 0.349066 1.74533 1.54345 -0.150376 0.338838 0.0530139 0.0265715 -20.9021 266.844 -39.866 0.392036 0.115768 -0.128491 0.0783997 -98.162 -19.083 
-0.0380182 -0.203069 0.315989 0 -0.0991417 0.346646 1.74533 1.5708 0.958722 0.0764342 0.00861233 0.00151598 -0.174533 0.349066 1.74533 1.55388 -0.161893 0.344758 0.0447614 0.0191318 -21.1313 266.805 -39.5242 0.394051 0.112639 -0.127802 0.0783997 -98.162 -19.083 
-0.0475331 -0.175765 0.260835 0 -0.174526 0.348209 1.74533 1.5708 0.934282 0.107626 0.00313709 0.0248261 -0.172405 0.346478 1.73449 1.53249 -0.173929 0.348748 0.050798 0.0317825 -21.0499 266.892 -39.4426 0.395916 0.112026 -0.127807 0.0783997 -98.162 -19.083 
-0.0978608 -0.186625 0.219307 0 -0.174533 0.348319 1.73993 1.5708 0.942785 0.123109 0.000397262 0.0176818 -0.172566 0.346664 1.73217 1.51949 -0.173992 0.348968 0.0500688 0.0361737 -21.1558 267.071 -39.2992 0.394457 0.121231 -0.121484 0.0783997 -98.162 -19.083 
-0.0582872 -0.171477 0.149514 0 -0.174533 0.349039 1.74503 1.5708 0.965603 0.129203 0.0110045 0.00826931 -0.174533 0.349066 1.74533 1.55131 -0.174533 0.349066 0.0398792 0.0466653 -21.2983 267.722 -37.5037 0.397873 0.101687 -0.107739 0.0783997 -98.162 -19.083 
-0.0105836 -0.100645 0.214763 0 -0.174493 0.313341 1.74531 1.57065 0.958332 0.107855 0.0171429 0.00279182 -0.174533 0.348774 1.74533 1.55287 -0.174533 0.348849 0.0425707 0.0388942 -21.9462 268.59 -37.3856 0.387817 0.051282 -0.109141 0.0783997 -98.162 -19.083 
-0.136393 -0.0726097 0.259983 0.095453 -0.174533 0.330391 1.74512 1.57065 0.974834 0.0464027 0.0347112 0.00528695 -0.174533 0.348671 1.74533 1.54932 -0.174533 0.34869 0.0696304 0.0360346 -22.9219 269.209 -36.9568 0.381993 0.0487237 -0.109711 0.0783997 -98.162 -19.083 
-0.0738936 -0.0568142 0.205914 0.0641029 -0.174533 0.349066 1.74527 1.56906 0.950077 0.0267139 0.0493215 0.00210039 -0.174533 0.349039 1.74533 1.55575 -0.174533 0.347082 0.0249781 0.0361965 -22.7006 269.451 -36.6644 0.375469 0.0433085 -0.116669 0.0783997 -98.162 -19.083 
-0.102303 -0.0203973 0.266924 0 -0.174533 0.349066 1.74533 1.56907 0.937719 -7.20471e-006 0.0010437 0.000389838 -0.174533 0.349066 1.7435 1.5708 -0.174533 0.349066 0.0107125 0.0187903 -22.7205 269.808 -35.4926 0.364643 0.0445015 -0.10876 0.0783997 -98.162 -19.083 
0.0957463 -0.0289556 0.1257 0 -0.174533 0.226247 1.74533 1.5708 0.975125 -0.0555499 0.0188091 0 -0.174533 0.349066 1.74533 1.5708 -0.174533 0.330979 0.0179922 0.0237149 -23.2359 270.121 -33.2447 0.340321 -0.0036199 -0.119774 0.0783997 -98.162 -19.083 
0.297071 -0.0340595 0.0441646 0 -0.1504 0.186429 1.74533 1.45053 1.04677 -0.13047 0 0.00499078 -0.163943 0.349066 1.74533 1.5708 -0.172652 0.233195 0.10032 0 -26.1328 272.962 -31.9543 0.328023 -0.0362418 -0.142203 0.0783997 -98.162 -19.083 
0.23718 0.0504179 0.257534 0.103269 -0.174533 0.349066 1.57885 1.46269 1.06257 -0.089313 0.0276091 0 -0.174533 0.275104 1.74533 1.57075 -0.174533 0.309833 0 0.00914359 -26.2353 274.55 -31.3526 0.293641 -0.0042097 -0.167739 0.0783997 -98.162 -19.083 
0.134696 0.0480303 0.43806 0.0137448 -0.174533 0.349066 1.55403 1.48223 1.15399 -0.0662087 0.0174917 0.00259403 -0.174533 0.306877 1.50873 1.55155 -0.174533 0.238852 0.0149633 0.00992867 -26.7362 275.633 -30.9557 0.245925 -0.0115701 -0.163125 0.0783997 -98.162 -19.083 
0.139471 0.190231 0.657974 0.0109824 -0.174533 0.149765 1.51423 1.50326 1.05774 -0.114011 0.0174227 0.00162491 -0.174533 0.323717 1.3398 1.52021 -0.174533 0.132389 0.0246261 1.15387 -26.9174 275.434 -30.6021 0.241848 -0.0472154 -0.182348 0.0783997 -98.162 -19.083 
0.26784 0.141908 0.385673 0 -0.0749108 0.0790059 1.51317 1.5708 1.12237 -0.205466 0.00857699 0 -0.174533 0.273112 1.31795 1.43527 -0.174533 0.00999619 0 0.965498 -26.2642 274.977 -30.7984 0.147961 -0.0626753 -0.161281 0.0783997 -98.162 -19.083 
0.29074 0.217152 0.288056 0 -0.174533 0.124962 1.74533 0.189226 1.22993 -0.214067 0.131243 0.0121649 -0.171181 0.330129 0.593674 0.850615 -0.0984068 -0.0482973 0.12199 0.527055 -23.6509 274.551 -29.9326 0.0744252 -0.0186501 -0.148646 0.0783997 -98.162 -19.083 
0.362045 0.169311 0.103794 0 -0.174533 0.324215 1.74533 0.0392886 1.17144 -0.216292 0.126871 0.00013047 -0.174533 0.335771 0.28047 0.721797 -0.174533 -0.158785 0.140301 0.558753 -21.7299 275.233 -28.4254 0.0910093 -0.0295475 -0.133332 0.0783997 -98.162 -19.083 
0.471157 0.0728665 0 0.0888514 -0.174533 0.347327 1.40264 0.0465948 1.19036 -0.230513 0.136281 0.000100914 -0.171476 0.301379 0.374244 0.289751 -0.168614 -0.268925 0.146787 0.459966 -21.734 275.825 -27.3753 0.0830716 -0.0283266 -0.11387 0.0783997 -98.162 -19.083 
0.461282 0.041091 0 0.0203803 -0.173951 0.348051 1.31734 0 1.19115 -0.231553 0.136691 8.77484e-005 -0.174533 0.259418 0.335406 0.0669427 -0.17302 -0.26688 0.173377 0.158502 -21.7554 275.82 -27.3572 0.0822944 -0.0283584 -0.11435 0.0783997 -98.162 -19.083 
0.47605 0.0781999 0 0.0194458 -0.174533 0.349066 1.02812 0 1.22519 -0.252801 0.0712413 0 -0.158432 0.287223 0.280505 0.00709832 -0.117045 -0.251456 0.13749 0.0661839 -21.6094 276.209 -26.9567 0.0926718 -0.0360113 -0.115744 0.0783997 -98.162 -19.083 
0.495997 0.10718 0 0.0182783 -0.164513 0.349066 0.505819 0.581951 1.19801 -0.252976 0.0728033 0.000187242 -0.174533 0.202023 0.162434 0 -0.101415 -0.312113 0.123181 0 -22.4254 276.264 -26.4623 0.0981727 -0.0317463 -0.114408 0.0783997 -98.162 -19.083 
0.512796 0.134145 0 0.0717799 -0.174533 0.349066 0.425622 0.215562 1.19678 -0.253542 0.0729587 0.000180747 -0.174533 0.202383 0.114706 0.0131105 -0.11141 -0.349066 0.183929 0 -22.4284 276.38 -26.5087 0.0975712 -0.0314014 -0.115601 0.0783997 -98.162 -19.083 
0.493517 0.145141 0 0.192283 -0.174156 0.349066 0.279201 0.338091 1.18683 -0.256369 0.0251029 0 -0.150458 0.187158 0.0458709 0.0395627 -0.0969215 -0.349066 0.189358 0.160175 -22.0599 276.467 -26.351 0.100803 -0.023219 -0.10662 0.0783997 -98.162 -19.083 
0.480244 0.161353 0.0202498 0.138813 -0.171028 0.349066 0.18217 0.448915 1.18256 -0.257888 0.0257638 0 -0.17288 0.180689 0.0328304 0.0629696 -0.109243 -0.349066 0.0980949 0.0867358 -21.9909 276.464 -26.4838 0.100853 -0.026388 -0.107825 0.0783997 -98.162 -19.083 
0.495151 0.174646 0.0106758 0.118565 -0.171753 0.349066 0.193947 0.448739 1.18338 -0.258239 0.0257673 0 -0.173512 0.163715 0.0346752 0.0683444 -0.0689505 -0.349066 0.057739 0.0180487 -21.9756 276.47 -26.4555 0.100717 -0.026472 -0.106768 0.0783997 -98.162 -19.083 
0.537548 0.176355 0 0.0724919 -0.172352 0.349066 0.195611 0.3546 1.18062 -0.258483 0.0241856 0 -0.16167 0.171562 0.0365168 0.0241684 -0.102165 -0.349066 0.0101822 0.117253 -22.0088 276.527 -26.4815 0.0993648 -0.0277026 -0.106568 0.0783997 -98.162 -19.083 
0.591852 0.18559 0 0.046817 -0.172328 0.349066 0.208312 0.291607 1.18552 -0.259038 0.024376 0 -0.137478 0.177074 0 0.00824064 -0.0418432 -0.349066 0 0.199353 -22.0441 276.476 -26.6415 0.0944491 -0.0274193 -0.110358 0.0783997 -98.162 -19.083 
0.594681 0.186449 0 0.0497514 -0.173354 0.349066 0.216136 0.289956 1.1841 -0.259399 0.0242266 0 -0.136861 0.175745 0 0 0.00763034 -0.347428 0 0.0852926 -21.8923 276.278 -26.5841 0.0952423 -0.0237235 -0.107343 0.0783997 -98.162 -19.083 
