-0.0958606 0.226096 0.193413 0.251389 -0.174533 0.349066 0 0.0279149 -0.147393 0.136406 0 0.0436536 0.0285826 -0.0136826 0 0 0.414472 -0.349066 0.000899872 0 -22.5177 272.483 -40.0827 0.051564 0.118987 -0.0906435 0.0783997 -98.162 -19.083 
-0.10317 0.180871 0.194343 0.106088 -0.174533 0.349066 0.00824298 0.0366378 -0.174533 0.0900222 0.0186414 0 -0.00616479 -0.0249839 0.00711119 0.00176874 0.3663 -0.349066 0 0 -20.919 272.316 -41.0567 0.0709429 0.0955373 -0.0473744 0.0783997 -98.162 -19.083 
-0.10317 0.180871 0.194343 0.106088 -0.174533 0.349066 0.00824298 0.0366378 -0.174533 0.0900222 0.0186414 0 -0.00616479 -0.0249839 0.00711119 0.00176874 0.3663 -0.349066 0 0 -20.919 272.316 -41.0567 0.0709429 0.0955373 -0.0473744 0.0783997 -98.162 -19.083 
-0.082984 0.180871 0.184331 0.106088 -0.174533 0.349066 0.00824298 0.0366378 -0.174533 0.0900222 0.0186414 0 -0.00616479 -0.0249839 0.00711119 0.00176874 0.3663 -0.349066 0 0 -20.919 272.316 -41.0567 0.0709429 0.0955373 -0.0473744 0.0783997 -98.162 -19.083 
-0.0656483 0.180871 0.18279 0.106088 -0.174533 0.349066 0.00824298 0.0366378 -0.174533 0.0900222 0.0186414 0 -0.00616479 -0.0249839 0.00711119 0.00176874 0.3663 -0.349066 0 0 -20.919 272.316 -41.0567 0.0709429 0.0955373 -0.0473744 0.0783997 -98.162 -19.083 
-0.0596656 0.180871 0.18279 0.128546 -0.174533 0.349066 0.00824298 0.0366378 -0.174533 0.0900222 0.0186414 0 -0.00616479 -0.0249839 0.00711119 0.00176874 0.3663 -0.349066 0 0 -20.919 272.316 -41.0567 0.0709429 0.0955373 -0.0473744 0.0783997 -98.162 -19.083 
-0.0596656 0.180871 0.18279 0.128546 -0.174533 0.349066 0.00824298 0.0366378 -0.174533 0.0900222 0.0186414 0 -0.00616479 -0.0249839 0.00711119 0.00176874 0.3663 -0.349066 0 0 -20.919 272.316 -41.0567 0.0709429 0.0955373 -0.0473744 0.0783997 -98.162 -19.083 
-0.0596656 0.1765 0.18279 0.128546 -0.174533 0.349066 0.00824298 0.0366378 -0.174533 0.0900222 0.0186414 0 -0.00616479 -0.0249839 0.00711119 0.00176874 0.3663 -0.349066 0 0 -20.919 272.316 -41.0567 0.0709429 0.0955373 -0.0473744 0.0783997 -98.162 -19.083 
-0.0596656 0.1765 0.18279 0.128546 -0.174533 0.349066 0.00824298 0.0366378 -0.174533 0.0900222 0.0186414 0 -0.00616479 -0.0249839 0.00711119 0.00176874 0.359521 -0.349066 0 0 -20.919 272.316 -41.0567 0.0709429 0.0955373 -0.0473744 0.0783997 -98.162 -19.083 
-0.0738358 0.169828 0.196139 0.0529743 -0.174533 0.349066 0.00833145 0.019414 -0.174533 0.0891427 0.0127428 0 -0.00559158 -0.0226082 0.00464098 0 0.353696 -0.349066 0 0 -20.8975 272.372 -41.0887 0.0709291 0.0944742 -0.0485597 0.0783997 -98.162 -19.083 
-0.0825276 0.165822 0.19547 0.0127881 -0.174533 0.347172 0.00217108 0.0218357 -0.174533 0.0924929 0.0119812 0 -0.00779615 -0.0216711 0.00497459 0 0.338329 -0.349066 0 0 -20.8978 272.204 -41.1189 0.0712357 0.0955647 -0.0487609 0.0783997 -98.162 -19.083 
-0.0825276 0.158395 0.19547 0.0127881 -0.174533 0.348761 0.00217108 0.0218357 -0.174533 0.0924929 0.0119812 0 -0.00779615 -0.0216711 0.00497459 0 0.34414 -0.349066 0 0 -20.8978 272.204 -41.1189 0.0712357 0.0955647 -0.0487609 0.0783997 -98.162 -19.083 
-0.0813036 0.159193 0.205342 0.00480456 -0.174533 0.348918 0.000730459 0.00794825 -0.174533 0.0936205 0.00534718 0 -0.0182356 -0.0230413 0 0 0.341128 -0.349066 0 0 -20.9106 272.15 -41.0478 0.0732603 0.0932368 -0.0493897 0.0783997 -98.162 -19.083 
-0.0819215 0.160082 0.209355 0.0131956 -0.174533 0.348974 0.000664423 0.00749664 -0.174533 0.0947669 0.00280493 0 -0.0283244 -0.0201995 0 0 0.321966 -0.349066 0 0 -21.0906 272.214 -41.138 0.0747272 0.0944604 -0.0508827 0.0783997 -98.162 -19.083 
-0.0779637 0.160082 0.217594 0.0131956 -0.174533 0.348974 0.000664423 0.00749664 -0.174533 0.0947669 0.00280493 0.123812 -0.0283244 -0.0201995 0 0 0.283476 -0.349066 0.039767 0 -21.0906 272.214 -41.138 0.0747272 0.0944604 -0.0508827 0.0783997 -98.162 -19.083 
-0.0827185 0.161435 0.235239 0.0118556 -0.174533 0.349066 0.000669838 0.029482 -0.174533 0.107273 0.0037621 0.441038 -0.0386825 0.00706607 0.0514142 0 0.257735 -0.322662 0.0683027 0 -21.174 272.196 -41.1389 0.0747439 0.0941753 -0.0519247 0.0783997 -98.162 -19.083 
-0.0731793 0.156154 0.229898 0.0655277 -0.174533 0.349066 0.000669838 0.30177 -0.16462 0.120669 0.0273417 0.724703 -0.0242112 0.0365909 0.0465158 0.255955 0.257735 -0.285129 0.0683027 0 -21.174 272.196 -41.1389 0.0747439 0.0941753 -0.0519247 0.0783997 -98.162 -19.083 
-0.0710757 0.105525 0.246008 0.122782 -0.174533 0.345732 0 0.960951 -0.164609 0.0973848 0.00449816 1.54064 -0.0160165 0.00831028 0.132178 0.82647 0.297331 -0.259161 0.0108869 0.0368428 -21.6046 272.923 -40.7564 0.0847166 0.0807801 -0.0360766 0.0783997 -98.162 -19.083 
-0.0418421 0.113346 0.289583 0.123064 -0.174533 0.349066 0.0336976 1.56398 -0.174533 0.101442 0.280078 1.55625 0.00736435 0.027681 0.0953525 1.5708 0.309758 -0.199196 0.00911352 0.0279118 -21.5022 273.557 -40.8748 0.0836518 0.0821068 -0.0284468 0.0783997 -98.162 -19.083 
-0.148936 0.138273 0.474882 0.0216878 -0.173266 0.332673 0.219292 1.56432 -0.174533 0.105303 0.583157 1.5708 -0.000940981 0.0800732 0.35711 1.53449 0.248961 -0.175677 0.173311 0.35683 -21.2731 273.573 -40.8474 0.0652432 0.0840598 -0.0267795 0.0783997 -98.162 -19.083 
-0.169081 0.109268 0.455658 0 -0.174533 0.344101 0.561893 1.56662 -0.174533 0.131633 0.919182 1.5708 0.114101 0.183345 0.591091 1.30373 0.388916 -0.108244 0 1.10386 -21.0203 273.944 -41.2703 0.0424829 0.135187 -0.0271917 0.0783997 -98.162 -19.083 
-0.130754 0.0229913 0.408711 0 -0.165867 0.343833 0.897032 1.56789 -0.174533 0.226912 1.43183 1.5708 0.213578 0.230729 0.579919 1.53514 0.504194 -0.0903509 0.0520276 1.50825 -21.6921 273.866 -41.5489 0.0261506 0.142337 -0.034302 0.0783997 -98.162 -19.083 
0.0143407 -0.0325662 0.234451 0.15419 -0.174229 0.347588 1.07093 1.57069 -0.158692 0.294738 1.64984 1.5708 0.164223 0.251571 0.719214 1.48858 0.531111 0.0997454 0.0210986 1.5708 -21.4671 273.603 -41.8789 0.020227 0.132804 -0.0426221 0.0783997 -98.162 -19.083 
0.0778526 -0.048251 0.211546 0.0625825 -0.174533 0.349066 1.18402 1.5708 -0.140914 0.336212 1.74533 1.55591 0.15132 0.245372 0.906675 1.16702 0.568222 0.175183 0 1.5708 -21.3808 273.877 -41.7295 0.0211438 0.131035 -0.045931 0.0783997 -98.162 -19.083 
0.0147666 -0.0465834 0.281065 0.329671 -0.161086 0.349066 1.43494 1.5708 -0.0884827 0.345116 1.74533 1.55537 0.182156 0.268731 0.993139 0.849838 0.60546 0.211678 0.146528 1.5708 -21.242 273.896 -41.2014 0.00941494 0.136825 -0.036863 0.0783997 -98.162 -19.083 
-0.0600181 -0.0555201 0.381217 0.437403 -0.174533 0.349066 1.74533 1.5708 -0.0946648 0.343274 1.74533 1.55467 0.186949 0.251884 1.09796 0.48868 0.600519 0.210276 0.226221 1.5708 -21.2408 273.897 -41.203 0.0094274 0.137581 -0.0368548 0.0783997 -98.162 -19.083 
0.0385415 -0.03794 0.377135 0.685675 -0.174533 0.349051 1.74533 1.5708 -0.0395213 0.346457 1.74533 1.5708 0.196346 0.250866 1.27131 0.296644 0.565006 0.264363 0.367107 1.5708 -21.1962 274.08 -41.2205 0.00902307 0.137185 -0.0362403 0.0783997 -98.162 -19.083 
0.230145 -0.107886 0.352563 0.146292 -0.145914 0.34518 1.74533 1.5708 0.0586269 0.344399 1.74532 1.5708 0.236699 0.328747 1.24511 0.0920152 0.57944 0.348901 0.33552 1.53961 -21.7096 275.169 -42.3198 0.00774 0.132788 -0.0433596 0.0783997 -98.162 -19.083 
0.313532 -0.20944 0.0927154 0.203567 -0.174533 0.343941 1.74362 1.5708 -0.139813 0.348727 1.7379 1.5708 0.260141 0.349066 1.0833 0 0.145483 0.349066 1.07852 1.5708 -21.0677 277.782 -46.8854 0.111016 0.159569 -0.0373836 0.0783997 -98.162 -19.083 
0.355524 -0.20944 0.137573 0.212493 -0.132407 0.349066 1.74533 1.5708 -0.151972 0.349066 1.74533 1.5708 0.338438 0.349066 1.21855 0 -0.0596132 0.349066 1.69333 1.5708 -20.092 280.991 -48.8732 0.120993 0.193575 0.0131038 0.0783997 -98.162 -19.083 
0.601055 -0.20944 0.00886203 0.153166 -0.0157004 0.349066 1.7398 0.759862 -0.0151755 0.349066 1.74533 1.5708 0.376308 0.349066 1.23924 0 0.0111017 0.349066 1.74129 1.43003 -17.1431 284.387 -50.6117 0.0875313 0.130351 0.0247067 0.0783997 -98.162 -19.083 
0.540455 -0.20944 0.0371477 0.340112 -0.174533 0.293389 1.74081 1.33494 -0.105201 0.305957 1.74533 1.55004 0.311521 0.349066 1.33629 0 -0.0742713 0.349066 1.74461 1.5708 -16.3581 283.162 -52.3736 0.136731 0.101098 0.0721115 0.0783997 -98.162 -19.083 
0.488258 -0.20944 0 0.505236 -0.174533 0.270321 1.7404 1.29291 -0.168176 0.334515 1.74533 1.55787 0.353065 0.349066 1.26561 0 -0.0456615 0.349066 1.74223 1.5708 -16.0811 285.193 -54.1176 0.164044 0.152019 0.101242 0.0783997 -98.162 -19.083 
0.483516 -0.20944 0.0335168 0.499882 -0.053806 0.349066 1.74055 1.5708 -0.169752 0.332207 1.74533 1.55303 0.284095 0.349066 1.38568 0 -0.0363135 0.349046 1.74533 1.5708 -16.1736 285.161 -54.2289 0.168842 0.14645 0.0935369 0.0783997 -98.162 -19.083 
0.351308 -0.20944 0.093678 0.668073 0.0228931 0.349066 1.62534 1.51089 -0.174533 0.344843 1.74533 1.55229 0.337653 0.349066 1.2445 0 -0.174533 0.349066 1.74533 1.5708 -12.9891 287.231 -57.6852 0.215885 0.144595 0.129591 0.0783997 -98.162 -19.083 
0.373582 -0.20944 0.0735242 0.696625 0.0836069 0.349066 1.61673 1.55758 -0.174533 0.346052 1.74533 1.55737 0.315245 0.347794 1.2758 0 -0.174533 0.349066 1.74533 1.55989 -12.4492 287.561 -57.669 0.220432 0.136497 0.134107 0.0783997 -98.162 -19.083 
0.374949 -0.20944 0.10958 0.54186 0.104193 0.349066 1.61021 1.5708 -0.174533 0.346912 1.74533 1.55734 0.314117 0.347904 1.25547 0 -0.125843 0.349066 1.74533 1.56113 -12.4619 287.543 -57.6401 0.221418 0.135381 0.132468 0.0783997 -98.162 -19.083 
0.391399 -0.20944 0.113465 0.264863 -0.0257315 0.349066 1.74533 1.5708 -0.173258 0.348643 1.74533 1.56769 0.338167 0.348505 1.19799 0 -0.174072 0.349066 1.74533 1.56358 -11.7746 288.533 -57.4219 0.22404 0.14606 0.151621 0.0783997 -98.162 -19.083 
0.330497 -0.20944 0.152101 0.061287 -0.139991 0.346928 1.74533 1.5708 -0.17421 0.349066 1.74533 1.5691 0.350183 0.348697 1.13026 0 -0.174533 0.349066 1.74125 1.56507 -12.0046 289.186 -56.7528 0.229786 0.173599 0.186244 0.0783997 -98.162 -19.083 
0.195424 -0.208069 0.309666 0 -0.158161 0.304974 1.71558 1.5708 -0.154707 0.284857 1.74533 1.5708 0.328875 0.26927 1.16925 0 -0.170247 0.349066 1.73236 1.4582 -12.2078 289.29 -56.078 0.23481 0.142676 0.209294 0.0783997 -98.162 -19.083 
0.128661 -0.209319 0.335569 0 -0.171961 0.349066 1.74006 1.5708 -0.173576 0.268713 1.74533 1.5708 0.240872 0.24161 1.2568 0 -0.174533 0.349066 1.73627 1.42383 -12.5368 289.801 -54.1918 0.239197 0.152564 0.207816 0.0783997 -98.162 -19.083 
0.11524 -0.20944 0.275755 0.00319982 -0.174533 0.349066 1.74512 1.5708 -0.174533 0.241735 1.74533 1.5708 0.262872 0.20776 1.24852 0 -0.0717086 0.349066 1.68839 1.44573 -12.0292 290.38 -52.307 0.210166 0.192073 0.230909 0.0783997 -98.162 -19.083 
0.256378 -0.205972 0.229295 7.03975e-005 -0.171355 0.349066 1.69447 1.56836 -0.166692 0.265834 1.57031 1.54824 0.216953 0.16186 1.13379 0 -0.0672653 0.344976 1.54397 1.50471 -12.8488 291.153 -52.3154 0.194019 0.184327 0.194879 0.0783997 -98.162 -19.083 
0.197161 -0.205768 0.260046 0.0244562 -0.17434 0.349066 1.7152 1.56979 -0.173967 0.214455 1.25841 1.55357 0.197799 0.139789 1.07666 0.00275282 -0.0690493 0.31643 1.51751 1.27515 -13.169 291.479 -52.6196 0.187459 0.183062 0.197701 0.0783997 -98.162 -19.083 
0.0993182 -0.20944 0.455923 0 -0.17312 0.344437 1.31619 1.56915 -0.167572 0.0710258 1.09363 1.5708 0.239174 0.0607169 0.94246 0.0790254 0.0822665 0.320814 1.70814 1.5708 -13.5355 291.982 -50.4888 0.185805 0.151929 0.209175 0.0783997 -98.162 -19.083 
0.367547 -0.20944 0.250424 0.0373042 -0.164478 0.180753 1.03914 1.43212 -0.174533 -0.0336068 0.961728 1.5708 0.176969 -0.0471782 0.995123 0.000773019 0.0482271 0.144796 1.70172 1.5708 -13.223 293.285 -51.5938 0.183442 0.084832 0.252217 0.0783997 -98.162 -19.083 
0.24314 -0.20944 0.273497 0.056301 -0.167738 0.0610962 0.698339 1.5708 -0.163152 -0.0705396 0.762694 1.56939 0.164758 -0.00723229 0.861511 0.100796 -0.00654275 0.155618 1.58646 1.5708 -12.9492 293.101 -51.9684 0.166502 0.097159 0.245373 0.0783997 -98.162 -19.083 
0.224722 -0.20944 0.304741 0.000173945 -0.174533 -0.0125073 0.754998 0.554809 -0.174533 -0.106312 0.773678 1.5708 0.123304 0.0165131 0.899846 0.154603 -0.142697 -0.0383795 1.42089 1.5708 -12.9172 293.082 -52.0381 0.163493 0.091377 0.231093 0.0783997 -98.162 -19.083 
0.0784411 -0.20057 0.2729 0.0519424 -0.174533 -0.0407286 0.747845 0 -0.13876 -0.0925819 0.570435 1.5708 0.0711694 0.0950389 0.763309 0.77736 -0.174533 -0.0671697 1.20074 1.57021 -11.1946 293.031 -48.9555 0.130586 0.192814 0.253044 0.0783997 -98.162 -19.083 
0.158427 -0.205578 0.212299 0.0475107 -0.167549 -0.0177981 0.671165 0.23001 -0.145702 -0.0719368 0.509748 1.25996 -0.0660299 0.0696094 0.935673 0.624301 -0.155734 -0.0711972 0.65993 1.34349 -11.8804 291.891 -47.3054 0.120314 0.176319 0.233351 0.0783997 -98.162 -19.083 
0.140617 -0.20944 0.183197 0.00899962 -0.17426 0.00596585 0.536477 0.354307 -0.143954 -0.119132 0.514797 1.25815 -0.0845811 -0.0122318 0.77245 0 -0.123244 -0.0895154 0.700964 0.363563 -11.4148 291.28 -46.809 0.119935 0.172721 0.23104 0.0783997 -98.162 -19.083 
0.0877172 -0.208389 0.202844 0 -0.174533 0.0166281 0.299965 1.17048 -0.170777 -0.121381 0.669143 0.342637 -0.121279 -0.0632984 0.70257 0 -0.0168471 -0.120421 0.679906 0.01141 -10.744 291.295 -46.3717 0.130054 0.175434 0.223108 0.0783997 -98.162 -19.083 
0.136284 -0.209152 0.144756 0 -0.15494 -0.0125456 0.104681 1.16858 -0.17406 -0.0941134 0.546621 0.259858 -0.164484 -0.107906 0.574584 0.10943 0.0377952 -0.153864 0.553828 0 -10.9845 291.19 -46.1233 0.126329 0.171907 0.208956 0.0783997 -98.162 -19.083 
0.194723 -0.20944 0.107232 0.00317838 -0.174533 -0.0133164 0.230282 0.261922 -0.173036 -0.113698 0.35573 0.544365 -0.167279 -0.121376 0.537619 0.0130624 0.0396964 -0.208011 0.491762 0.0212908 -10.8984 291.161 -46.0634 0.122076 0.171432 0.207573 0.0783997 -98.162 -19.083 
0.274009 -0.20944 0.049628 0 -0.174533 -0.0143065 0.154117 0.307851 -0.174533 -0.114705 0.348496 0.313119 -0.160107 -0.124756 0.452138 0.14895 0.0786347 -0.282706 0.288532 0.0103821 -12.5522 290.616 -44.7717 0.125832 0.147362 0.185528 0.0783997 -98.162 -19.083 
0.283285 -0.20944 0.0340213 0 -0.172268 -0.00856004 0.147116 0.146162 -0.173345 -0.113858 0.32609 0 -0.126671 -0.14828 0.348862 0.260699 0.110343 -0.346696 0.220074 0 -12.4952 290.727 -42.6761 0.14068 0.144064 0.187056 0.0783997 -98.162 -19.083 
0.345269 -0.206825 0 0.000317995 -0.174533 0.0337163 0.159842 0.245002 -0.174458 -0.101987 0.217512 0.0133922 -0.131357 -0.152274 0.241743 0.140137 0.0403928 -0.349066 0.24078 0 -12.6085 289.819 -41.9256 0.148533 0.103264 0.167852 0.0783997 -98.162 -19.083 
0.320245 -0.207612 0 0 -0.174533 0.0426997 0.151683 0.229982 -0.174533 -0.12274 0.201504 0.112123 -0.111305 -0.189577 0.215954 0.0424234 0.0840376 -0.349066 0.188557 0 -12.9266 289.422 -41.3018 0.151872 0.118049 0.173052 0.0783997 -98.162 -19.083 
0.313744 -0.196541 0 0 -0.155944 0.0562472 0.148498 0.285172 -0.17444 -0.124068 0.200881 0.132955 -0.105167 -0.225424 0.192532 0.076546 0.112773 -0.349066 0.160181 0.0281818 -12.814 287.432 -40.9619 0.126016 0.10841 0.168654 0.0783997 -98.162 -19.083 
0.341497 -0.200008 0.00027366 0 -0.137862 0.0658437 0.0996815 0.272886 -0.171297 -0.152657 0.184552 0.021073 -0.033388 -0.264975 0.0714603 0.0498388 0.114678 -0.349066 0.333103 0 -13.5106 286.874 -39.7264 0.11437 0.111307 0.159756 0.0783997 -98.162 -19.083 
0.319113 -0.179618 0 0 -0.174533 0.0839287 0.233184 0.124163 -0.174533 -0.156422 0.0862906 0 -0.0510991 -0.273079 0.0417868 0.0995402 0.205367 -0.349066 0.0443111 0 -13.63 286.774 -39.6249 0.12572 0.112607 0.146799 0.0783997 -98.162 -19.083 
0.339451 -0.17519 0 0 -0.174533 0.0839287 0.233184 0 -0.174533 -0.156422 0.0668267 0 -0.0332437 -0.288233 0.014438 0.0464054 0.257326 -0.349066 0.0127021 0 -13.63 286.774 -39.6249 0.12572 0.112607 0.146799 0.0783997 -98.162 -19.083 
0.326379 -0.128351 5.73595e-006 0 -0.173343 0.13672 0.145793 0.0196207 -0.174533 -0.118114 0.0539017 0.0581262 -0.0208305 -0.237321 0 0 0.265558 -0.349066 0.0408966 0 -13.4852 286.55 -40.1335 0.122589 0.132689 0.119408 0.0783997 -98.162 -19.083 
0.274644 -0.0900381 0 0 -0.174533 0.1863 0 0.146319 -0.174533 -0.0884208 0 0 -0.0429582 -0.196643 0 0.0395686 0.225752 -0.349066 0.0760555 0 -12.9387 284.676 -39.7292 0.124064 0.141604 0.0968978 0.0783997 -98.162 -19.083 
0.292267 -0.0835967 0.0162439 0 -0.172576 0.19842 0 0.0849074 -0.174533 -0.0839956 0 0 -0.0498791 -0.220008 0 0.0200328 0.23351 -0.349066 0.0803264 0 -12.7705 284.571 -39.3376 0.13386 0.144354 0.094592 0.0783997 -98.162 -19.083 
0.302966 -0.0756886 0 0 -0.17164 0.203794 0.0742518 0 -0.164917 -0.0784447 0.00655268 0 -0.0434904 -0.225484 0.016151 0.0605721 0.302874 -0.349066 0 0 -13.1333 283.582 -39.0921 0.115475 0.151617 0.0877679 0.0783997 -98.162 -19.083 
