-0.120915 -0.0429984 0.00368811 0.418582 -0.0101311 0.348697 0.145029 0.699561 -0.00305656 0.0949564 0.0628059 0.00207972 0.151144 -0.00548997 0.0155565 0.00149748 0.511295 -0.347365 0.0125146 0.0150748 -76.212 317.421 -54.3637 -0.109101 0.148423 -0.215617 1.07771 -99.33 -11.5041 
-0.160247 -0.0253717 0.000170534 0.576587 0.00307592 0.349066 0.144667 0.848217 0.0126259 0.0919493 0.111322 0 0.163197 -0.019078 0.0144076 0.0169645 0.523994 -0.348876 0.000312155 0.0099939 -76.4067 317.618 -54.5062 -0.109802 0.165206 -0.216032 1.07771 -99.33 -11.5041 
-0.167461 -0.0104023 8.83952e-006 0.561355 -0.0199418 0.349066 0.167672 0.885215 0.0211426 0.10716 0.0989243 0 0.136834 -0.00499025 0.00797563 0 0.504115 -0.349034 0 0.00756189 -75.8658 318.27 -54.9893 -0.0968897 0.157623 -0.22477 1.07771 -99.33 -11.5041 
-0.171086 -0.0306121 0.000140321 0.553975 -0.0209512 0.349066 0.172899 0.927355 0.0254251 0.105678 0.102677 0.00869078 0.146614 -0.0075683 0.00959355 0.00110093 0.511999 -0.348462 0 0.0106198 -76.1394 318.52 -55.1917 -0.0996742 0.161186 -0.225364 1.07771 -99.33 -11.5041 
-0.173579 -0.0409794 0.00376342 0.509754 -0.00982305 0.349066 0.144458 0.915239 0.0270007 0.10973 0.107654 0.00493875 0.160093 -0.00782576 0.0136824 0.000479629 0.501734 -0.348636 0.000843994 0.00681431 -76.2541 318.741 -55.6329 -0.102761 0.166646 -0.228851 1.07771 -99.33 -11.5041 
-0.167483 -0.0326155 0.0073238 0.48519 -0.0400942 0.349066 0.162232 0.754057 0.0351114 0.107494 0.0846548 0.0073951 0.158153 -0.00792427 0.013635 0.00318625 0.496179 -0.348606 0.000309477 0.00285044 -76.2124 319.364 -55.6783 -0.0967982 0.158533 -0.228077 1.07771 -99.33 -11.5041 
-0.148546 -0.0112909 0.0217084 0.413844 -0.114765 0.349066 0.227011 0.637209 0.00363537 0.103295 0.122733 0.066134 0.19284 -0.00135058 0.0226395 0.000564703 0.563638 -0.347848 0.0270792 0.0129978 -74.5039 320.593 -56.7697 -0.083293 0.168521 -0.237963 1.07771 -99.33 -11.5041 
-0.0919939 -0.0129618 0.0377739 0.300412 -0.143502 0.349066 0.365973 0.521166 -0.0541203 0.122596 0.229933 0.0398348 0.144765 -0.0216117 0.125454 0.0477668 0.732522 -0.348133 0.0105773 0.0482543 -75.3573 321.752 -57.9605 -0.0699883 0.13044 -0.258733 1.07771 -99.33 -11.5041 
-0.100421 -0.017912 0.0183886 0.318524 -0.163009 0.347963 0.275189 0.464391 -0.0961068 0.0877281 0.219328 0.0720113 0.19786 -0.0564948 0.135087 0.0705574 0.850998 -0.348818 0.105016 0.0524846 -76.2531 322.337 -59.3828 -0.027863 0.134599 -0.26069 1.07771 -99.33 -11.5041 
-0.0417115 -0.036853 0.00392722 0.260231 -0.164841 0.349066 0.25646 0.429927 -0.108274 0.041465 0.194112 0.0950917 0.284513 -0.11381 0.220024 0.119606 0.839022 -0.348848 0.411236 0.0234628 -76.1951 321.286 -58.7249 -0.00932609 0.103158 -0.264941 1.07771 -99.33 -11.5041 
-0.0156633 -0.0284411 0.0341156 0.37377 -0.153543 0.349066 0.158759 0.457728 -0.090874 0.0288024 0.285665 0.335642 0.463217 -0.190427 0.258664 0.355944 0.885342 -0.331904 0.354354 0.103913 -76.7136 320.314 -60.8734 0.0222191 0.0401951 -0.270008 1.07771 -99.33 -11.5041 
-0.0976526 0.203084 0.311505 0.576308 -0.0989308 0.290454 0.239474 0.104598 -0.0371457 0.166013 0.753606 0.947847 1.00121 -0.248703 0 0.0678346 1.12971 -0.349066 0.10855 0.046391 -66.9084 313.333 -61.6972 0.025269 -0.101796 -0.293207 1.07771 -99.33 -11.5041 
-0.120043 0.267717 0.384174 0.695702 -0.138079 0.226746 0.195163 0.0930457 0.8292184 0.25313 0.361378 1.24398 1.0351 -0.232911 0 0.0606266 1.14703 -0.312928 0.0751636 0.113709 -70.7983 314.18 -59.2798 0.11389 -0.155411 -0.289211 1.07771 -99.33 -11.5041 
-0.120043 0.267717 0.384174 0.695702 -0.138079 0.226746 0.195163 0.0930457 0.829218 0.25313 0.502005 1.4392 1.0351 -0.232911 0 0.225505 1.14703 -0.312928 0.0381669 0.199703 -70.7983 314.18 -59.2798 0.11389 -0.155411 -0.289211 1.07771 -99.33 -11.5041 
-0.102873 0.295773 0.470001 0.439854 -0.150601 0.220297 0.348615 0.628311 0.614768 0.285593 1.00281 1.48902 0.966539 -0.272453 0.0615351 0.22528 1.06264 -0.325175 0.0839237 0.17168 -70.6313 315.118 -58.9934 0.122343 -0.117958 -0.281166 1.07771 -99.33 -11.5041 
-0.127944 0.210548 0.472613 0.439854 0.059768 0.273291 0.322092 0.628311 0.606777 0.299927 1.00568 1.54666 0.960798 -0.272453 0.0379542 0.115513 1.06264 -0.330361 0.0510029 0.185456 -70.6313 326.038 -58.9934 0.122343 -0.117958 -0.281166 1.07771 -99.33 -11.5041 
-0.174533 -0.0790232 0.683929 0.0369037 0.173144 -0.0969157 0.573528 0.911407 0.483954 0.197175 0.973944 1.5708 0.447804 -0.167013 0.899589 0.129818 1.09569 -0.349066 0.388195 1.25127 -75.4904 334.481 -74.3684 0.157166 -0.00812397 -0.153757 1.07771 -99.33 -11.5041 
-0.127393 -0.133838 0.764551 0.00594805 0.351189 -0.173004 0.774172 0.342946 0.381477 0.0708275 1.03425 1.5708 0.475406 -0.185257 0.836484 0.141887 0.927239 -0.345314 1.41401 1.53176 -76.4568 338.022 -69.6967 0.053285 -0.0139577 -0.122231 1.07771 -99.33 -11.5041 
-0.134795 -0.159391 0.593578 0.0885673 0.347602 -0.177448 0.847302 0.408252 0.2628 0.0150105 0.928586 1.54279 0.381868 -0.18163 0.760758 0.151722 0.906785 -0.28201 1.71618 1.5253 -73.7764 339.802 -68.864 0.0469769 0.025006 -0.100808 1.07771 -99.33 -11.5041 
-0.0404772 -0.121716 0.55111 0.249177 0.344424 -0.178013 0.877867 0.850566 0.251269 0.0068614 0.847278 1.43938 0.329688 -0.20774 0.726292 0.0857182 0.844569 -0.278854 1.73534 1.51277 -71.5807 339.268 -61.5542 -0.000669808 -0.0144332 -0.119182 1.07771 -99.33 -11.5041 
