-0.0958606 0.226096 0.193413 0.251389 -0.174533 0.349066 0 0.0279149 -0.147393 0.136406 0 0.0436536 0.0285826 -0.0136826 0 0 0.414472 -0.349066 0.000899872 0 -22.5177 272.483 -40.0827 0.051564 0.118987 -0.0906435 0.0783997 -98.162 -19.083 
-0.10317 0.180871 0.194343 0.106088 -0.174533 0.349066 0.00824298 0.0366378 -0.174533 0.0900222 0.0186414 0 -0.00616479 -0.0249839 0.00711119 0.00176874 0.3663 -0.349066 0 0 -20.919 272.316 -41.0567 0.0709429 0.0955373 -0.0473744 0.0783997 -98.162 -19.083 
-0.10317 0.180871 0.194343 0.106088 -0.174533 0.349066 0.00824298 0.0366378 -0.174533 0.0900222 0.0186414 0 -0.00616479 -0.0249839 0.00711119 0.00176874 0.3663 -0.349066 0 0 -20.919 272.316 -41.0567 0.0709429 0.0955373 -0.0473744 0.0783997 -98.162 -19.083 
-0.082984 0.180871 0.184331 0.106088 -0.174533 0.349066 0.00824298 0.0366378 -0.174533 0.0900222 0.0186414 0 -0.00616479 -0.0249839 0.00711119 0.00176874 0.3663 -0.349066 0 0 -20.919 272.316 -41.0567 0.0709429 0.0955373 -0.0473744 0.0783997 -98.162 -19.083 
-0.0656483 0.180871 0.18279 0.106088 -0.174533 0.349066 0.00824298 0.0366378 -0.174533 0.0900222 0.0186414 0 -0.00616479 -0.0249839 0.00711119 0.00176874 0.3663 -0.349066 0 0 -20.919 272.316 -41.0567 0.0709429 0.0955373 -0.0473744 0.0783997 -98.162 -19.083 
-0.0596656 0.180871 0.18279 0.128546 -0.174533 0.349066 0.00824298 0.0366378 -0.174533 0.0900222 0.0186414 0 -0.00616479 -0.0249839 0.00711119 0.00176874 0.3663 -0.349066 0 0 -20.919 272.316 -41.0567 0.0709429 0.0955373 -0.0473744 0.0783997 -98.162 -19.083 
-0.0596656 0.180871 0.18279 0.128546 -0.174533 0.349066 0.00824298 0.0366378 -0.174533 0.0900222 0.0186414 0 -0.00616479 -0.0249839 0.00711119 0.00176874 0.3663 -0.349066 0 0 -20.919 272.316 -41.0567 0.0709429 0.0955373 -0.0473744 0.0783997 -98.162 -19.083 
-0.0596656 0.1765 0.18279 0.128546 -0.174533 0.349066 0.00824298 0.0366378 -0.174533 0.0900222 0.0186414 0 -0.00616479 -0.0249839 0.00711119 0.00176874 0.3663 -0.349066 0 0 -20.919 272.316 -41.0567 0.0709429 0.0955373 -0.0473744 0.0783997 -98.162 -19.083 
-0.0596656 0.1765 0.18279 0.128546 -0.174533 0.349066 0.00824298 0.0366378 -0.174533 0.0900222 0.0186414 0 -0.00616479 -0.0249839 0.00711119 0.00176874 0.359521 -0.349066 0 0 -20.919 272.316 -41.0567 0.0709429 0.0955373 -0.0473744 0.0783997 -98.162 -19.083 
-0.0738358 0.169828 0.196139 0.0529743 -0.174533 0.349066 0.00833145 0.019414 -0.174533 0.0891427 0.0127428 0 -0.00559158 -0.0226082 0.00464098 0 0.353696 -0.349066 0 0 -20.8975 272.372 -41.0887 0.0709291 0.0944742 -0.0485597 0.0783997 -98.162 -19.083 
-0.0825276 0.165822 0.19547 0.0127881 -0.174533 0.347172 0.00217108 0.0218357 -0.174533 0.0924929 0.0119812 0 -0.00779615 -0.0216711 0.00497459 0 0.338329 -0.349066 0 0 -20.8978 272.204 -41.1189 0.0712357 0.0955647 -0.0487609 0.0783997 -98.162 -19.083 
-0.0825276 0.158395 0.19547 0.0127881 -0.174533 0.348761 0.00217108 0.0218357 -0.174533 0.0924929 0.0119812 0 -0.00779615 -0.0216711 0.00497459 0 0.34414 -0.349066 0 0 -20.8978 272.204 -41.1189 0.0712357 0.0955647 -0.0487609 0.0783997 -98.162 -19.083 
-0.0813036 0.159193 0.205342 0.00480456 -0.174533 0.348918 0.000730459 0.00794825 -0.174533 0.0936205 0.00534718 0 -0.0182356 -0.0230413 0 0 0.341128 -0.349066 0 0 -20.9106 272.15 -41.0478 0.0732603 0.0932368 -0.0493897 0.0783997 -98.162 -19.083 
-0.0819215 0.160082 0.209355 0.0131956 -0.174533 0.348974 0.000664423 0.00749664 -0.174533 0.0947669 0.00280493 0 -0.0283244 -0.0201995 0 0 0.321966 -0.349066 0 0 -21.0906 272.214 -41.138 0.0747272 0.0944604 -0.0508827 0.0783997 -98.162 -19.083 
-0.0779637 0.160082 0.217594 0.0131956 -0.174533 0.348974 0.000664423 0.00749664 -0.174533 0.0947669 0.00280493 0.123812 -0.0283244 -0.0201995 0 0 0.283476 -0.349066 0.039767 0 -21.0906 272.214 -41.138 0.0747272 0.0944604 -0.0508827 0.0783997 -98.162 -19.083 
-0.0827185 0.161435 0.235239 0.0118556 -0.174533 0.349066 0.000669838 0.029482 -0.174533 0.107273 0.0037621 0.441038 -0.0386825 0.00706607 0.0514142 0 0.257735 -0.322662 0.0683027 0 -21.174 272.196 -41.1389 0.0747439 0.0941753 -0.0519247 0.0783997 -98.162 -19.083 
-0.0731793 0.156154 0.229898 0.0655277 -0.174533 0.349066 0.000669838 0.30177 -0.16462 0.120669 0.0273417 0.724703 -0.0242112 0.0365909 0.0465158 0.255955 0.257735 -0.285129 0.0683027 0 -21.174 272.196 -41.1389 0.0747439 0.0941753 -0.0519247 0.0783997 -98.162 -19.083 
-0.0710757 0.105525 0.246008 0.122782 -0.174533 0.345732 0 0.960951 -0.164609 0.0973848 0.00449816 1.54064 -0.0160165 0.00831028 0.132178 0.82647 0.297331 -0.259161 0.0108869 0.0368428 -21.6046 272.923 -40.7564 0.0847166 0.0807801 -0.0360766 0.0783997 -98.162 -19.083 
-0.0418421 0.113346 0.289583 0.123064 -0.174533 0.349066 0.0336976 1.56398 -0.174533 0.101442 0.280078 1.55625 0.00736435 0.027681 0.0953525 1.5708 0.309758 -0.199196 0.00911352 0.0279118 -21.5022 273.557 -40.8748 0.0836518 0.0821068 -0.0284468 0.0783997 -98.162 -19.083 
-0.148936 0.138273 0.474882 0.0216878 -0.173266 0.332673 0.219292 1.56432 -0.174533 0.105303 0.583157 1.5708 -0.000940981 0.0800732 0.35711 1.53449 0.248961 -0.175677 0.173311 0.35683 -21.2731 273.573 -40.8474 0.0652432 0.0840598 -0.0267795 0.0783997 -98.162 -19.083 
-0.169081 0.109268 0.455658 0 -0.174533 0.344101 0.561893 1.56662 -0.174533 0.131633 0.919182 1.5708 0.114101 0.183345 0.591091 1.30373 0.388916 -0.108244 0 1.10386 -21.0203 273.944 -41.2703 0.0424829 0.135187 -0.0271917 0.0783997 -98.162 -19.083 
-0.130754 0.0229913 0.408711 0 -0.165867 0.343833 0.897032 1.56789 -0.174533 0.226912 1.43183 1.5708 0.213578 0.230729 0.579919 1.53514 0.504194 -0.0903509 0.0520276 1.50825 -21.6921 273.866 -41.5489 0.0261506 0.142337 -0.034302 0.0783997 -98.162 -19.083 
0.0143407 -0.0325662 0.234451 0.15419 -0.174229 0.347588 1.07093 1.57069 -0.158692 0.294738 1.64984 1.5708 0.164223 0.251571 0.719214 1.48858 0.531111 0.0997454 0.0210986 1.5708 -21.4671 273.603 -41.8789 0.020227 0.132804 -0.0426221 0.0783997 -98.162 -19.083 
0.0778526 -0.048251 0.211546 0.0625825 -0.174533 0.349066 1.18402 1.5708 -0.140914 0.336212 1.74533 1.55591 0.15132 0.245372 0.906675 1.16702 0.568222 0.175183 0 1.5708 -21.3808 273.877 -41.7295 0.0211438 0.131035 -0.045931 0.0783997 -98.162 -19.083 
0.0147666 -0.0465834 0.281065 0.329671 -0.161086 0.349066 1.43494 1.5708 -0.0884827 0.345116 1.74533 1.55537 0.182156 0.268731 0.993139 0.849838 0.60546 0.211678 0.146528 1.5708 -21.242 273.896 -41.2014 0.00941494 0.136825 -0.036863 0.0783997 -98.162 -19.083 
-0.0600181 -0.0555201 0.381217 0.437403 -0.174533 0.349066 1.74533 1.5708 -0.0946648 0.343274 1.74533 1.55467 0.186949 0.251884 1.09796 0.48868 0.600519 0.210276 0.226221 1.5708 -21.2408 273.897 -41.203 0.0094274 0.137581 -0.0368548 0.0783997 -98.162 -19.083 
