0.19128 -0.104693 0 0.0704225 -0.0119025 0.27996 0.10071 0.107255 -0.15415 0.155827 0.0702222 0 -0.0947632 -0.041259 0 0.0227558 -0.174533 -0.334468 0 0.00294691 -16.5988 317.09 -45.5189 0.0199761 -0.168337 -0.0225331 1.5104 -99.143 -12.9743 
0.133334 -0.112001 0.000990698 0.0273766 -0.00711278 0.219432 0.0429026 0.142313 -0.171588 0.116807 0.00430739 0 -0.156893 -0.0975222 0 0 -0.0681529 -0.331901 0 0.00258873 -17.9824 318.406 -47.5978 0.0674787 -0.102336 -0.0222528 1.5104 -99.143 -12.9743 
0.143958 -0.110924 0.000138013 0.0163321 -0.0197908 0.219865 0.0426139 0.129406 -0.17444 0.12295 0 0 -0.174255 -0.085416 0 0 -0.0592004 -0.333886 0 0 -17.6542 318.107 -48.2732 0.0776476 -0.0952973 -0.0323364 1.5104 -99.143 -12.9743 
0.161562 -0.108153 0 0.00488455 -0.0135953 0.259894 0.04001 0.0755857 -0.174524 0.114056 0 0 -0.174533 -0.0913659 0 0 -0.0543979 -0.328395 0 0 -17.325 318.381 -50.2372 0.0797867 -0.0782174 -0.0367533 1.5104 -99.143 -12.9743 
0.172456 -0.107617 0 0.00528736 -0.0305474 0.25844 0.0271476 0.0540644 -0.174533 0.122505 0.00369631 0 -0.174533 -0.0348896 0 0 -0.0549718 -0.319571 0 0.00300605 -17.3621 319.554 -51.5577 0.0894166 -0.0743036 -0.0363154 1.5104 -99.143 -12.9743 
0.159543 -0.116123 0 0.000724954 -0.0249207 0.253954 0.00342499 0.0408624 -0.174533 0.119 0.00330184 0 -0.174533 -0.0331197 0 0 -0.0542618 -0.324202 0 0.000419268 -17.5553 319.812 -52.1495 0.0964708 -0.0745494 -0.0257288 1.5104 -99.143 -12.9743 
0.154097 -0.132136 0 0.000138813 -0.0286412 0.266427 0 0.0116294 -0.174533 0.114129 0.00354292 0 -0.174533 -0.0345549 0 0 -0.0523167 -0.320444 0 0 -17.3779 319.361 -52.5859 0.104932 -0.0798625 -0.0203264 1.5104 -99.143 -12.9743 
0.152364 -0.132592 0 3.4424e-006 -0.0303666 0.269235 0 0.00734275 -0.174533 0.11397 0 0 -0.174533 -0.0365728 0 0 -0.0555279 -0.329853 0 0.0018717 -17.4041 319.374 -53.0404 0.111459 -0.0810223 -0.0195585 1.5104 -99.143 -12.9743 
0.128851 -0.136139 0 0 -0.0595697 0.273125 0 0 -0.174533 0.123376 0 0 -0.174533 -0.0269936 0 0 -0.0482576 -0.333878 0 0 -17.4242 319.178 -53.1346 0.112037 -0.0833417 -0.0251758 1.5104 -99.143 -12.9743 
0.0585888 -0.139135 0.000562512 0.00199516 -0.0891866 0.292846 0.00918068 0.0129039 -0.172326 0.109783 0.00050142 0.00634214 -0.174533 -0.0374142 0.00643432 0.0103133 -0.0391562 -0.343987 0.00245413 0.00187782 -16.7953 318.966 -54.4947 0.119717 -0.0789531 -0.0349111 1.5104 -99.143 -12.9743 
0.0264747 -0.142676 0 0 -0.0815085 0.301009 0 0.0277564 -0.174533 0.104936 0.00262323 0.00644653 -0.174533 -0.0260757 0.00441881 0.0126007 -0.0229854 -0.349066 0.00404412 0 -16.8224 318.03 -54.1234 0.118398 -0.100202 -0.0454294 1.5104 -99.143 -12.9743 
0.0192574 -0.146864 0 0 -0.094173 0.316694 0.00290176 0.0240966 -0.174533 0.114358 0.000389955 0.000979074 -0.174162 -0.0412708 0.00476826 0.000772088 -0.0224224 -0.349066 0.00942861 0.0725295 -16.4971 317.41 -53.9185 0.128783 -0.120921 -0.0436343 1.5104 -99.143 -12.9743 
-0.00712555 -0.147188 2.64228e-005 0.00170604 -0.115973 0.317747 8.64676e-005 0.0236202 -0.173815 0.114009 0.00102888 0.00511045 -0.171688 -0.0408221 0 0.00636533 -0.0216391 -0.348492 0 0.274481 -17.0097 317.066 -54.8599 0.136642 -0.152213 -0.0329677 1.5104 -99.143 -12.9743 
-0.0855102 -0.14508 0 0 -0.125524 0.324247 9.39899e-005 0 -0.174533 0.112119 0.000107191 0.00106262 -0.174533 -0.0315404 0 0.00720198 -0.0315439 -0.349066 0.103007 0.565367 -17.3071 316.774 -55.5846 0.139762 -0.162118 -0.0341623 1.5104 -99.143 -12.9743 
-0.0861478 -0.142718 0 0.00577265 -0.104896 0.318577 9.62858e-006 0.00941637 -0.154626 0.105328 1.91885e-005 0.0304032 -0.150803 -0.0309354 0.00151593 0.00256557 -0.0188993 -0.32936 0.172044 0.654143 -17.083 318.122 -54.5157 0.150712 -0.217736 -0.0273183 1.5104 -99.143 -12.9743 
-0.170515 -0.138352 0 0 -0.130987 0.346202 6.29968e-007 0.00862846 -0.158729 0.0851604 0.038063 0.0300005 -0.174533 0.0186102 0 0 -0.0114867 -0.25532 0.123569 0.666724 -17.9705 318.582 -56.2336 0.194677 -0.307061 -0.0249983 1.5104 -99.143 -12.9743 
-0.174517 -0.1433 0.0164432 0 -0.132914 0.322916 1.90599e-008 0.000942842 -0.142671 0.0831047 0.040586 0.0345808 -0.151548 0.040178 0.00226387 0.031047 0.000912313 -0.257264 0.255892 0.649661 -18.0625 318.325 -55.5819 0.184146 -0.334277 -0.0157603 1.5104 -99.143 -12.9743 
-0.165997 -0.125573 0.030174 0.00560047 -0.134232 0.299083 0.0275876 0.0916167 -0.161011 0.10297 0.0757016 0.0834053 -0.131287 0.00866524 0.0125227 0.394215 0.0482658 -0.116127 0.355702 0.671859 -18.2552 319.66 -55.3495 0.182935 -0.383133 -0.0114621 1.5104 -99.143 -12.9743 
-0.104258 -0.106582 0.0200925 0.0817315 -0.148483 0.254835 0.0172394 0.152431 -0.164805 0.071817 0.0425837 0.0559109 -0.123868 0.00542445 0.118137 0.296816 0.136601 0.020814 0.27195 0.602328 -19.1277 319.802 -54.8127 0.200052 -0.457309 0.0364822 1.5104 -99.143 -12.9743 
-0.0882341 -0.0957751 0.0078341 0.0700148 -0.109055 0.266256 0.0521281 0.131252 -0.167233 0.0798689 0.120711 0.0492842 -0.0646922 0.0454034 0.182323 0.242391 0.261049 0.04092 0.273726 0.488709 -18.0748 319.037 -56.9387 0.198672 -0.533791 0.0372093 1.5104 -99.143 -12.9743 
-0.112231 -0.126806 0.00587358 0.028787 -0.127802 0.277527 0.107063 0.0877514 -0.151984 0.167214 0.0933428 0.0445352 -0.041308 0.0909051 0.260064 0.191477 0.257834 0.0917267 0.418082 0.371438 -19.0699 314.638 -57.8377 0.103473 -0.596793 0.091038 1.5104 -99.143 -12.9743 
-0.113796 -0.164388 0.0664962 0.0156945 0.00444956 0.303041 0.0311873 0.0345667 0.0236833 0.148425 0.0508899 0.0242803 -0.1019 -0.0728093 0.413958 0.378371 0.0611909 0.105707 0.809093 0.305549 -23.0584 314.169 -55.2584 0.0416677 -0.773225 0.122013 1.5104 -99.143 -12.9743 
-0.15308 -0.183696 0.170626 0.284375 -0.0456142 0.0487075 0.233385 0.121772 0.158998 0.133556 0.0923902 0.0457676 0.196716 0.0855374 0.262477 0.346503 0.361967 0.0556782 0.714881 0.244944 -21.3272 280.701 -45.7011 -0.201805 -0.684536 0.0363307 1.5104 -99.143 -12.9743 
-0.15308 -0.183696 0.170626 0.284375 -0.0456142 0.0487075 0.233385 0.121772 0.158998 0.133556 0.0923902 0.0457676 0.196716 0.0855374 0.262477 0.346503 0.361967 0.0556782 0.714881 0.244944 -21.3272 280.701 -45.7011 -0.201805 -0.684536 0.0363307 1.5104 -99.143 -12.9743 
0.282564 -0.181282 0.145804 0.24053 0.15006 0.109001 0 0.113161 0.276711 0.0496188 0.150718 0 0.0239349 0.163397 0.431628 0.464146 0.633744 0.125106 0.481219 0.170419 -13.5898 241.72 -47.4184 -0.300023 -0.707497 0.112437 1.5104 -99.143 -12.9743 
0.262439 -0.155114 0.0558903 0.313233 0.0662244 0.113268 0.384022 0.330415 0.086891 0.169707 0.297359 0.0455303 0.214395 0.214831 0.868808 0.338346 0.684819 0.152477 0.334218 0.52858 -15.7084 239.53 -52.3775 -0.493163 -0.926346 0.332916 1.5104 -99.143 -12.9743 
-0.0814051 -0.20944 0.690087 0.29643 0.432167 0.104243 0.682227 0.39432 0.409613 -0.05084 0.962384 0 0.413743 0.186464 0.338289 0.702663 0.792093 -0.00807001 0 0 -21.5979 241.341 -48.1017 -0.621478 -1.1484 0.314324 1.5104 -99.143 -12.9743 
0.198156 -0.20944 0.997095 0.393777 0.629674 0.217485 0.824075 0.766707 0.600617 0.0650123 0.881395 0.42743 0.33273 0.146596 0.00486307 0.844318 1.09941 -0.00959003 0 0 -19.5991 243.997 -47.0092 -0.860882 -1.28624 0.344213 1.5104 -99.143 -12.9743 
0.258896 -0.205532 0.672602 0.147178 0.307583 0.243523 0.654169 0.34469 0.545018 -0.0302589 1.42257 0.457846 0.0358998 0.246128 0 1.30765 0.438333 0.241676 0.464641 0.309336 -27.7355 236.77 -54.618 -0.761176 -1.25416 0.332058 1.5104 -99.143 -12.9743 
0.0274833 -0.204838 0.573546 0.255787 -0.120883 0.246271 0.595197 0.844337 0.230815 0.0199645 1.4325 0.747858 -0.0212818 0.305833 0.166902 1.3506 0.666892 0.271312 0.729466 0.232608 -37.8428 226.75 -47.261 -0.681009 -1.30438 0.176495 1.5104 -99.143 -12.9743 
-0.174533 -0.20944 0.162988 0.142945 -0.174533 0.349066 0.826295 0.482071 1.11607 0.349066 1.74533 1.21129 -0.174533 0.0894263 0.729759 0.388726 0.522291 0.349066 0.576837 0 -31.5481 245.388 -37.7713 -0.696301 -1.43232 0.37082 1.5104 -99.143 -12.9743 
0.41247 -0.161826 0.486011 0.292027 -0.144904 0.299033 0.316994 0.196206 1.13894 0.129722 1.53613 1.0244 -0.158278 -0.222888 0.475972 0.630059 0.174447 0.232635 0.251289 0.428832 -35.0696 228.999 -34.8069 -0.851103 -1.4805 0.539219 1.5104 -99.143 -12.9743 
0.357344 -0.07815 0.66668 0.20635 -0.149035 0.296948 0.555424 0.950878 0.617132 0.0374546 1.70611 0.528195 0.272835 -0.0190526 0.589011 0.144364 -0.0204332 0.0964092 0.38386 0.453824 -29.664 233.095 -26.878 -0.679227 -1.61129 0.375853 1.5104 -99.143 -12.9743 
0.306955 0.23966 0.481902 0.721033 -0.174533 0.349066 0.750276 0.815232 0.158399 -0.109959 1.74533 0.744553 0.676953 0.215519 0.123797 0.0556859 -0.0550987 0.102064 0.725544 0.780374 -40.8157 240.519 -25.3592 -0.802846 -1.51842 0.478959 1.5104 -99.143 -12.9743 
0.0672201 0.00739234 0.743559 1.39576 -0.166771 0.136434 0.617447 1.10917 0.670184 -0.122708 1.66771 0.683631 0.635098 0.23617 0.0617387 0.116621 0.206877 0.274672 1.08889 0.905857 -40.4999 233.987 -36.6091 -0.565953 -1.63052 0.493608 1.5104 -99.143 -12.9743 
0.17526 0.214802 0.617462 1.40788 0.339717 0.32542 0.00454522 1.45008 0.255384 -0.313749 1.08507 0.792351 0.579115 0.247857 0.595505 0 0.407347 0.295426 1.22895 0.596074 -32.3656 236.122 -21.4668 -0.637881 -1.35961 0.558658 1.5104 -99.143 -12.9743 
-0.0667141 0.279 0.26901 1.25981 0.497013 0.155193 0 1.52883 0.460462 -0.274844 1.45333 0.394966 0.0801206 0.144673 1.16063 0 -0.174533 0.167317 1.37224 0.618195 -25.2444 249.024 -16.7261 -0.637233 -1.18314 0.768941 1.5104 -99.143 -12.9743 
-0.166951 0.239073 0.368638 1.37827 0.384796 0.129917 0.359992 1.50256 0.668828 -0.198813 1.58861 0.854814 0.46871 0.331352 1.35333 0 0.155249 0.0175528 1.07292 0.774774 -24.1254 244.482 -18.5725 -0.78865 -1.35454 0.519686 1.5104 -99.143 -12.9743 
-0.0874519 0.278063 0.357603 1.46633 0.412235 0.325851 0.735829 1.46633 0.383069 -0.312726 1.40807 1.09424 -0.0659894 0.325851 1.44289 0.826448 0.0396245 0.16073 0.736153 1.31133 -27.747 235.228 -9.76548 -0.55995 -1.49411 0.735572 1.5104 -99.143 -12.9743 
-0.0531764 0.161775 0.410816 1.39603 0.213655 0.336479 0.519864 1.42572 0.726663 -0.291991 1.06138 1.02138 -0.117719 0.28219 1.25739 0.561641 -0.0267492 -0.0358384 0.54138 1.29063 -24.838 231.319 -2.6164 -0.375249 -1.84958 0.75486 1.5104 -99.143 -12.9743 
-0.0241354 0.346547 0.126344 1.17753 -0.174277 0.346557 0.838902 1.3457 0.811803 -0.0823032 0.971849 0.830191 -0.0131246 0.290692 1.60216 0.485782 -0.173205 0.142872 0.628909 0.591944 -36.0273 242.975 -4.68615 -0.257374 -1.81129 0.764082 1.5104 -99.143 -12.9743 
-0.145547 0.177417 0.172703 1.01539 0.0693845 0.297353 0.892067 1.2478 0.296439 -0.0284081 0.688424 0.473066 0.0441278 0.244067 1.39394 0.607288 -0.11228 0.18822 0.165616 0.499576 -30.8799 221.92 0.3491 -0.407508 -1.59891 0.689845 1.5104 -99.143 -12.9743 
