-0.16114 0.111451 0.198964 0.0462532 -0.163179 0.349066 0.00141334 0.00486078 -0.117758 0.0415304 0 0.271812 0.0805152 0.0309369 0 0.148304 0.493561 -0.32398 0 0 -29.1186 267.152 -54.5569 0.0219408 0.183576 -0.0366753 2.6251 -98.135 -19.0423 
-0.170483 0.0927713 0.21332 0 -0.174533 0.335703 0 0.00160151 -0.164632 0.0620495 0 0.324601 0.0267509 -0.0313543 0.00374283 0 0.393461 -0.349066 0.0560993 0 -28.156 268.659 -54.6667 0.057414 0.154841 -0.0178188 2.6251 -98.135 -19.0423 
-0.174485 0.0780663 0.136123 0.102987 -0.174533 0.329966 0 0.0015182 -0.174533 0.0651084 0.0183908 0.271465 0.0078852 -0.0570033 0 0 0.382821 -0.349066 0.00703671 0 -28.143 268.708 -54.7053 0.0609098 0.149344 -0.0160489 2.6251 -98.135 -19.0423 
-0.174489 0.0779411 0.12564 0.105281 -0.174533 0.32996 0 0.00152612 -0.174533 0.0650591 0.0183915 0.274253 -0.000558281 -0.0570573 0 0 0.381409 -0.349066 0 0 -28.1427 268.711 -54.7082 0.060956 0.149298 -0.0160415 2.6251 -98.135 -19.0423 
-0.174489 0.0779411 0.12564 0.105281 -0.174533 0.32996 0 0.00152612 -0.174533 0.0751545 0 0.274253 -0.0120856 -0.0470039 0 0 0.370046 -0.349066 0 0 -28.1427 268.711 -54.7082 0.060956 0.149298 -0.0160415 2.6251 -98.135 -19.0423 
-0.17452 0.0940153 0.157767 0.156283 -0.174533 0.340955 0 0.000170333 -0.174533 0.0816628 0 0.187167 -0.0333554 -0.0389268 0.000389569 0 0.340317 -0.349066 0.00458361 0 -28.1617 268.786 -54.6958 0.0635973 0.128375 -0.0181968 2.6251 -98.135 -19.0423 
-0.174533 0.0972952 0.155148 0.184598 -0.174533 0.349066 8.4413e-005 0.000258421 -0.174408 0.08413 0 0.135483 -0.0462135 -0.0322661 0.00038829 0 0.31587 -0.349066 0 0.000423363 -28.1365 268.774 -54.676 0.0636784 0.128032 -0.0183995 2.6251 -98.135 -19.0423 
-0.17452 0.0846717 0.13978 0.160692 -0.174533 0.349066 5.68636e-005 0.000174082 -0.174498 0.092761 0 0.122508 -0.0492638 -0.0264948 0.000120435 0.00328346 0.28625 -0.349066 0.0193803 0.000116351 -28.0311 269.111 -54.7054 0.0631341 0.133638 -0.0162779 2.6251 -98.135 -19.0423 
-0.17335 0.0849252 0.116469 0.11405 -0.174533 0.34652 4.95866e-005 0 -0.15347 0.0830215 0 0.131537 -0.0235278 -0.0239258 0.000119122 0.00216281 0.274943 -0.349066 0.0427577 0.000101461 -28.1429 269.968 -54.0027 0.0524184 0.138343 -0.0137477 2.6251 -98.135 -19.0423 
-0.174533 0.0630239 0.10862 0.170115 -0.174533 0.348563 0 0 -0.174533 0.0791446 0.0387034 0 -0.0301589 -0.0187616 0 0 0.269839 -0.349066 0.00132585 0.0329425 -28.3396 270.61 -53.774 0.0578919 0.137167 -0.0173448 2.6251 -98.135 -19.0423 
-0.174533 0.0576748 0.106004 0.20084 -0.174533 0.348862 0 0 -0.17453 0.0755028 0.0514898 0 -0.0222402 -0.02141 0.00338022 0 0.290587 -0.349066 0.02124 0 -28.2664 270.735 -53.6145 0.0553819 0.137875 -0.0165103 2.6251 -98.135 -19.0423 
-0.169714 0.0642639 0.110306 0.223387 -0.174533 0.349066 0 0 -0.174533 0.07162 0.0297296 0 -0.0278818 -0.0151449 0.0482138 0.0932469 0.318318 -0.349066 0.0310747 0 -28.2571 271.087 -53.6233 0.0582242 0.138283 -0.0172778 2.6251 -98.135 -19.0423 
-0.157142 0.0763212 0.118883 0.223387 -0.174533 0.349066 0 0 -0.174533 0.07162 0.0297296 0 -0.0264842 -0.0151449 0.128391 0.252216 0.32002 -0.346892 0.0981861 0.0937538 -28.2571 271.087 -53.6233 0.0582242 0.138283 -0.0172778 2.6251 -98.135 -19.0423 
-0.139691 0.0907329 0.118883 0.290449 -0.174533 0.349066 0 0 -0.174533 0.07162 0.0551822 0 0.0541677 -0.00864055 0.0380042 0.596704 0.330165 -0.332147 0.271113 0 -28.2571 271.087 -53.6233 0.0582242 0.138283 -0.0172778 2.6251 -98.135 -19.0423 
-0.152894 0.11658 0.138329 0.43394 -0.174533 0.349066 2.67282e-005 0 -0.170099 0.069341 0.0599796 0.103742 0.0503746 0.00191659 0.238372 0.532071 0.33225 -0.302979 0.33675 0.00311913 -28.2672 271.096 -53.5119 0.0577623 0.139248 -0.016862 2.6251 -98.135 -19.0423 
-0.129868 0.124894 0.150433 0.436159 -0.174533 0.349066 2.77315e-005 0 -0.167366 0.0696155 0.0701742 0.143242 0.091611 0.03021 0.252664 0.67506 0.343122 -0.26943 0.39365 0.00624345 -28.2702 271.099 -53.5131 0.0577424 0.139288 -0.0168962 2.6251 -98.135 -19.0423 
-0.105074 0.118718 0.239015 0.233143 -0.167829 0.349066 2.45056e-005 0.00106338 -0.154893 0.0588454 0.0249159 0.152583 0.127987 0.0604859 0.592281 0.232727 0.384605 -0.229318 0.28115 0 -28.1939 271.092 -54.3737 0.0587642 0.141286 -0.0189524 2.6251 -98.135 -19.0423 
-0.0905305 0.117441 0.244306 0.215849 -0.172466 0.349066 0 0.00260302 -0.154025 0.058208 0.0112517 0.227266 0.209668 0.117055 0.81488 0.00226828 0.410951 -0.181958 0.341517 0.187371 -28.4683 271.19 -53.6094 0.0648377 0.151383 -0.0199421 2.6251 -98.135 -19.0423 
-0.0376585 0.115423 0.189213 0.342197 -0.174533 0.343838 0 0.0101413 -0.16979 0.0612869 0.00715297 0.337918 0.203685 0.11299 1.04913 0.00524024 0.299608 -0.130046 0.646785 0.115456 -28.5085 271.119 -53.2099 0.0872955 0.147985 -0.013491 2.6251 -98.135 -19.0423 
-0.0156816 0.132308 0.208474 0.34737 -0.174533 0.346464 0.00971572 0.00907716 -0.169453 0.0777332 0.0337401 0.36715 0.241699 0.127021 1.03931 0.0127344 0.274558 -0.0480717 0.915534 0 -28.577 271.281 -53.0588 0.0921582 0.152835 -0.0195606 2.6251 -98.135 -19.0423 
0.0310785 0.157874 0.162889 0.633445 -0.174533 0.349066 0 6.06467e-005 -0.174533 0.0746862 0.105754 0.270516 0.113222 0.233352 1.16441 0.538097 0.318149 0.0202446 0.914395 0 -28.8988 271.594 -52.6922 0.0980774 0.157587 -0.0250805 2.6251 -98.135 -19.0423 
0.036528 0.178734 0.174431 0.802841 -0.173511 0.349066 0 0 -0.169979 0.0973321 0.106056 0.275529 0.13618 0.254429 1.3158 1.03631 0.378651 0.209399 0.972928 0.0754451 -28.8035 271.699 -52.7057 0.0970902 0.164554 -0.0262111 2.6251 -98.135 -19.0423 
0.046045 0.178368 0.17447 0.870124 -0.173516 0.349066 0.00463611 0 -0.169468 0.0969674 0.105533 0.270083 0.156951 0.247958 1.35776 0.555699 0.479275 0.253511 0.977085 0.077354 -29.1523 271.7 -52.7135 0.0962929 0.164754 -0.0258755 2.6251 -98.135 -19.0423 
0.0815367 0.182863 0.192722 0.878813 -0.163581 0.349066 0.0279572 0 -0.16947 0.0967197 0.13903 0.280434 0.194799 0.253394 1.39907 0.192072 0.58704 0.349066 0.984915 0.199602 -29.0399 272.559 -52.3821 0.0952172 0.16391 -0.0193189 2.6251 -98.135 -19.0423 
0.132499 0.167525 0.205089 0.894833 -0.173891 0.348284 0.0151411 0.0304249 -0.167125 0.0853143 0.153281 0.28828 0.198503 0.265748 1.57773 0.0231225 0.568107 0.349066 1.12801 0.195763 -29.467 272.814 -52.357 0.101178 0.156429 -0.0219535 2.6251 -98.135 -19.0423 
0.140071 0.120393 0.189823 1.09696 -0.173994 0.348285 0.0152742 0.0304438 -0.161362 0.0854729 0.12155 0.287939 0.225482 0.265951 1.57253 0.0179072 0.568798 0.349066 1.1356 0.183536 -29.4602 272.824 -52.3788 0.101277 0.156314 -0.0219681 2.6251 -98.135 -19.0423 
0.166249 0.11189 0.487596 0.721247 -0.174006 0.34894 0.0156129 0.0273721 -0.133315 0.0923562 0.0883203 0.277256 0.243599 0.266854 1.5591 0 0.567613 0.349066 0.876435 1.5708 -29.6507 272.881 -52.3477 0.104079 0.156246 -0.0236343 2.6251 -98.135 -19.0423 
0.198535 0.0534906 0.55984 1.44746 -0.17202 0.349066 0.0114894 0.0401777 -0.0846052 0.119302 0.0470471 0.686989 0.161991 0.302408 1.53959 0 0.614559 0.349066 1.74533 1.5708 -28.7604 271.958 -52.8423 0.115028 0.144343 -0.0171217 2.6251 -98.135 -19.0423 
0.169669 -0.0347964 0.666868 1.56846 -0.155368 0.324597 0.0473193 0.0385395 -0.0388056 0.0791776 0 0.618271 0.174666 0.24524 1.61339 0.00131792 0.877607 0.349066 1.74533 1.56915 -27.8404 270.762 -53.7786 0.0952136 0.136452 0.017319 2.6251 -98.135 -19.0423 
0.236688 -0.0431997 0.779254 1.56924 -0.159371 0.349066 0.057422 0.0806292 -0.0786047 0.0530844 0.151186 0.183559 0.144354 0.252816 1.74112 0 0.936491 0.349066 1.74533 1.5708 -28.053 270.684 -53.7676 0.0938559 0.135432 0.0174205 2.6251 -98.135 -19.0423 
0.244004 -0.063757 0.822769 1.55121 -0.162748 0.349066 0.0648441 0.287723 -0.073446 0.0355487 0.163089 0.0560826 0.125593 0.193757 1.74533 0 0.876181 0.349066 1.74533 1.5708 -28.2354 270.566 -54.069 0.0882227 0.124312 0.018253 2.6251 -98.135 -19.0423 
0.275628 -0.086184 0.828834 1.45742 -0.174533 0.349066 0.083902 0.274989 -0.0727008 0.031207 0.163659 0.0551764 0.119342 0.195032 1.73302 0 0.875615 0.349066 1.74533 1.5708 -28.246 270.562 -54.131 0.0873871 0.122939 0.0179185 2.6251 -98.135 -19.0423 
0.282263 -0.165155 0.84146 1.24844 -0.174533 0.346289 0 0.270882 -0.0677845 0.0088625 0.145321 0.152943 0.119787 0.196569 1.67004 0 0.878919 0.349066 1.74533 1.5708 -28.2416 270.561 -54.1463 0.087124 0.12323 0.0183114 2.6251 -98.135 -19.0423 
0.337948 -0.209122 0.867287 1.09295 -0.174533 0.349066 0 0 -0.0924632 -0.0149013 0.127466 0.501982 0.13886 0.17564 1.71968 0 0.86306 0.349066 1.74533 1.5708 -28.5942 269.562 -54.262 0.0679957 0.1238 0.00571287 2.6251 -98.135 -19.0423 
0.527106 -0.20944 0.831159 0.919712 -0.174533 0.349066 0 0 -0.0973113 -0.0237869 0.129629 0.504758 0.161123 0.145403 1.72873 0 0.924252 0.349066 1.74133 1.56673 -28.7293 269.499 -54.3072 0.0709112 0.124687 0.00318156 2.6251 -98.135 -19.0423 
0.629846 -0.20944 0.846113 0.715477 -0.174533 0.34898 0 0 -0.0984471 -0.0336802 0.223128 0 0.170059 0.0839332 1.72835 0 1.06425 0.349066 1.74047 1.55667 -28.8231 269.546 -54.3223 0.0728814 0.122742 0.00258539 2.6251 -98.135 -19.0423 
0.83031 -0.196082 0.856523 0.628259 -0.174533 0.349066 0 0 -0.0612567 -0.0631955 0.10207 0.0362094 0.163018 -0.0128562 1.74533 0 1.148 0.349066 1.74533 0.780068 -30.8849 269.701 -53.4075 0.0864204 0.0996126 -0.0131568 2.6251 -98.135 -19.0423 
0.912852 -0.20944 0.77266 0.5383 -0.174533 0.341859 0 0 -0.0342838 -0.0749576 0.0447182 0 0.281782 -0.00507013 1.71221 0 1.07711 0.349066 1.70096 0.635448 -30.9625 269.934 -53.3426 0.0919096 0.102432 -0.0145003 2.6251 -98.135 -19.0423 
0.907022 -0.20944 0.825615 0.333943 -0.174533 0.343031 0 0 -0.0386801 -0.0910713 0.0731919 0.0244376 0.376622 0.00945333 1.63547 0 1.08551 0.349066 1.63538 0.403267 -31.1531 270.354 -53.3273 0.0898334 0.105794 -0.0117313 2.6251 -98.135 -19.0423 
0.905679 -0.197399 0.833493 0.348182 -0.174533 0.340383 0 0 -0.0518148 -0.0984294 0.0708094 0.0176376 0.407717 0.0118059 1.62259 0 1.08492 0.349066 1.63837 0.405562 -31.1418 270.364 -53.3625 0.089923 0.105071 -0.0106146 2.6251 -98.135 -19.0423 
0.935656 -0.119312 0.845177 0.520304 -0.174533 0.341534 0 0 -0.0615737 -0.093527 0.0818128 0.018296 0.417755 0.0158086 1.64328 0 1.0896 0.349066 1.65292 0.316826 -30.8401 270.004 -53.5428 0.0829831 0.101777 -0.00935623 2.6251 -98.135 -19.0423 
0.92638 -0.143826 0.852915 0.45787 -0.16971 0.347796 0 0 -0.0703166 -0.0801206 0.0939731 0.00463881 0.368432 -0.00267832 1.63249 0 1.06395 0.338806 1.7189 0.319713 -30.7679 270.083 -54.8115 0.0879406 0.0819931 -0.0250313 2.6251 -98.135 -19.0423 
1.14892 -0.135273 0.801901 0.517264 -0.171186 0.349066 0 0 -0.0688075 -0.077166 0.0906484 0.0351876 0.299557 -0.00740403 1.62923 0 1.1104 0.349066 1.68775 0.812831 -30.7344 270.033 -54.8089 0.0853502 0.0852805 -0.0239195 2.6251 -98.135 -19.0423 
1.56771 -0.150383 0.779343 0.0606322 -0.16058 0.349066 0.0237898 0.26291 -0.103466 -0.0290932 0.231229 0 0.34782 -0.0246835 1.53715 0 1.06213 0.206588 1.74533 1.14785 -31.9186 271.749 -54.9648 0.0936141 0.0602812 -0.0328174 2.6251 -98.135 -19.0423 
1.4603 -0.190091 1.28107 0 -0.16229 0.304814 0 0.379684 -0.149319 0.049363 0.411642 0 0.311232 0.0468468 1.43111 0 0.917559 -0.349066 1.74533 1.53726 -33.0844 272.261 -54.295 0.10855 0.113231 -0.0188152 2.6251 -98.135 -19.0423 
1.54531 -0.128504 1.56941 0 -0.131417 0.291178 0.000524075 0.0389029 -0.142601 0.0101321 0.372028 0 0.362832 -0.0286927 1.05508 0.00665696 0.766068 -0.349066 1.74533 1.56301 -32.0379 273.029 -52.9433 0.123199 0.12557 0.00799166 2.6251 -98.135 -19.0423 
1.56819 -0.194595 1.5708 0.228709 -0.161509 0.322512 0.0334859 0.0219381 -0.152604 -0.000449447 0.401394 0.0312415 0.402932 -0.034351 0.621241 0.0309628 0.456989 -0.310177 1.74533 1.51266 -31.2955 272.205 -51.9141 0.12515 0.148091 0.00812151 2.6251 -98.135 -19.0423 
1.5708 -0.20944 1.5708 0.309874 -0.174533 0.305041 0 0.144687 -0.159398 -0.0116579 0.371783 0 0.300535 -0.0771433 0.617788 0.133991 0.195352 -0.349066 1.74533 1.5708 -31.7356 271.036 -51.8279 0.134743 0.15671 0.00813398 2.6251 -98.135 -19.0423 
1.5708 -0.20944 1.5708 0.313978 -0.174533 0.273368 0 0 -0.166163 -0.0163443 0.350958 0 0.246327 -0.0538506 0.619408 0.0133007 0.120388 -0.294915 1.60461 1.5708 -32.0382 270.902 -51.9339 0.139811 0.207357 0.011975 2.6251 -98.135 -19.0423 
1.5708 -0.20944 1.5708 0.32894 -0.174533 0.253333 0.000128525 0 -0.174533 -0.0176446 0.372667 0 0.252075 -0.0857383 0.553655 0.00537216 0.0683423 -0.279237 1.30053 1.5708 -33.3622 270.413 -51.8066 0.149704 0.236903 0.00544586 2.6251 -98.135 -19.0423 
1.5708 -0.20944 1.5708 0.365327 -0.173567 0.25355 0 0 -0.172945 -0.0266686 0.31071 0 0.259261 -0.106368 0.470338 0.100983 0.0849879 -0.27195 1.23005 0.0288411 -34.028 270.761 -51.5757 0.152983 0.23763 0.00713847 2.6251 -98.135 -19.0423 
1.5708 -0.20944 1.5708 0.181469 -0.174533 0.245526 0 0 -0.168009 -0.0211476 0.346758 0.0163932 0.333305 -0.10556 0 0.214414 0.237825 -0.218201 0.68658 0.00252487 -36.1289 270.791 -52.7492 0.142566 0.241129 -0.0225661 2.6251 -98.135 -19.0423 
1.5708 -0.20944 1.5708 0.0339601 -0.174533 0.210677 0 0.00896628 -0.13518 -0.0352499 0.309018 0 0.280625 -0.114085 0.0355504 0.0414639 0.388243 -0.22806 0.293691 0.0671305 -38.5782 270.824 -53.0966 0.144096 0.237166 -0.0428711 2.6251 -98.135 -19.0423 
1.5708 -0.20944 1.5708 0.0145488 -0.174533 0.212455 0 0.0103995 -0.165547 0.00257203 0.302382 0.00532199 0.218564 -0.111209 0.0471509 0.0485975 0.368882 -0.239594 0.320851 0.0476954 -38.7347 270.646 -53.1569 0.143201 0.238664 -0.042536 2.6251 -98.135 -19.0423 
1.5708 -0.20944 1.5708 0.011727 -0.174533 0.154788 0 0.00737728 -0.137764 -0.0198323 0.138355 0.0511984 0.158514 -0.20433 0.0542091 0 0.449315 -0.328176 0.12441 0 -40.1743 271.398 -53.048 0.156997 0.245398 -0.0177976 2.6251 -98.135 -19.0423 
1.5708 -0.20944 1.5708 0.0101403 -0.174533 0.153223 0 0.00545706 -0.136358 -0.0244668 0.108046 0.0404949 0.137278 -0.207271 0.0638394 0 0.462539 -0.349066 0.0455885 0 -40.1972 271.398 -53.0619 0.157512 0.245202 -0.0178547 2.6251 -98.135 -19.0423 
1.5708 -0.201727 1.5708 0.0271485 -0.174533 0.162323 0 0.00430654 -0.161583 -0.0214428 0.0931424 0.00450364 0.159496 -0.184958 0 0 0.476463 -0.349066 0 0 -40.6387 271.979 -52.5425 0.158239 0.251159 -0.0276413 2.6251 -98.135 -19.0423 
1.5708 -0.208456 1.5708 0.0164411 -0.174533 0.137242 0 0.00203172 -0.174533 -0.0976946 0.164747 0 0.109818 -0.205348 0.00306848 0.0851067 0.431588 -0.338345 0 0 -42.2973 271.237 -52.0022 0.145156 0.242568 -0.0233558 2.6251 -98.135 -19.0423 
1.5708 -0.209375 1.5708 0 -0.174533 0.127315 0 0.00383015 -0.174063 -0.120991 0.106429 0 0.0519367 -0.224801 0.00038167 0.00107407 0.386501 -0.34899 0.00552576 0 -42.7169 271.202 -51.5711 0.133419 0.219857 -0.0214691 2.6251 -98.135 -19.0423 
1.5708 -0.209379 1.5708 0 -0.174533 0.118037 0 0 -0.174533 -0.103328 0.0206138 0 -0.0154907 -0.21186 0 0 0.31542 -0.348962 0 0.0330411 -42.8486 271.421 -51.6143 0.130681 0.214604 -0.0248965 2.6251 -98.135 -19.0423 
1.5708 -0.209419 1.5708 0 -0.17256 0.125707 0.000894384 0 -0.151923 -0.0572333 0.0101376 0 -0.0268469 -0.20789 0.00525308 0 0.277723 -0.349066 0.0284309 0 -43.6516 271.501 -51.6098 0.0998998 0.199886 -0.0413731 2.6251 -98.135 -19.0423 
1.57005 -0.20944 1.5708 0 -0.174533 0.131616 4.64777e-005 0 -0.174533 -0.0620781 0 0.00568466 -0.0582595 -0.20817 0 0 0.275915 -0.349066 0 0 -44.0146 271.791 -51.1566 0.113724 0.194733 -0.0367684 2.6251 -98.135 -19.0423 
1.57006 -0.20944 1.5708 0 -0.174533 0.147581 3.21201e-005 0 -0.174533 -0.0575842 0 0.00529542 -0.0573201 -0.19064 0 0 0.276623 -0.349066 0 0 -44.06 271.853 -51.1762 0.113031 0.194929 -0.0380633 2.6251 -98.135 -19.0423 
1.57007 -0.20944 1.5708 0 -0.174533 0.15852 0 0 -0.174533 -0.0503465 0 0.00513722 -0.0559089 -0.195082 0 0 0.292251 -0.349066 0.00469792 0 -44.3785 271.837 -51.0479 0.112376 0.193701 -0.0361786 2.6251 -98.135 -19.0423 
