0.376448 0.257791 0.194565 0.0746592 0.0370098 0.349066 0.0657965 0 -0.141731 0.184532 0.124355 0 -0.174533 0.061118 0 0 0.0807147 -0.259642 0.0274511 0 -5.5147 348.064 -79.9818 0.0311001 -0.239314 0.158189 13.2436 -95.942 -24.8945 
0.462994 0.127652 0 0 0.00420249 0.349066 0 0 -0.174533 0.110534 0.220045 0.0565142 -0.0419287 -0.00567541 0.0129559 1.34215e-005 0.243178 -0.294511 0 0 0.713662 349.002 -77.5975 -0.0399208 -0.150487 0.267909 13.2436 -95.942 -24.8945 
0.454255 0.140996 0 0.0616897 -0.0548907 0.349066 0 0.304465 -0.154322 0.105656 0.239376 0.00575601 -0.0588226 -0.00557767 0.0706068 0 0.236727 -0.308218 0 0.0161635 2.69502 349.364 -76.3597 -0.0498229 -0.141096 0.277116 13.2436 -95.942 -24.8945 
0.375491 0.139547 0 0.0153825 -0.0857745 0.349066 0 0.319959 -0.16538 0.114255 0.249455 0.0011291 -0.0869968 -0.00533056 0.083291 0 0.226001 -0.312969 0 0.0152061 2.78773 349.276 -76.1276 -0.0494016 -0.14181 0.277847 13.2436 -95.942 -24.8945 
0.356675 0.11817 0 0.00838891 -0.0723129 0.349066 0.0456615 0.331419 -0.13898 0.141823 0.121963 0.00670408 -0.0569192 -0.00970283 0.000942699 0 0.261409 -0.319072 0.000826742 0.0101759 2.81837 349.779 -76.2704 -0.049586 -0.129441 0.27895 13.2436 -95.942 -24.8945 
0.353636 0.118026 0 0.0054071 -0.0616221 0.349066 0.0649595 0.298865 -0.15121 0.13815 0.116926 0.103138 -0.0532262 -0.0234101 0.00128926 0 0.257484 -0.294155 0 0.0066623 2.69546 349.848 -76.2757 -0.0463479 -0.126834 0.277107 13.2436 -95.942 -24.8945 
0.358781 0.126554 0 0 -0.0659912 0.349066 0.0459509 0.293131 -0.163223 0.123839 0.120801 0.159529 -0.0957193 -0.0106103 0.000471061 0.003346 0.22112 -0.343332 0 0.000472603 2.61585 349.825 -76.2793 -0.0422292 -0.125727 0.276387 13.2436 -95.942 -24.8945 
0.294284 0.130248 0 0.0551319 -0.0859658 0.349066 0.0753183 0.300939 -0.173422 0.121333 0.0159126 0.290389 -0.105907 -0.0240196 0 0.00120267 0.161048 -0.33631 0.00208742 0.000410308 2.45594 349.931 -76.468 -0.0430908 -0.124011 0.278506 13.2436 -95.942 -24.8945 
0.235228 0.0970101 0.0250005 0.232422 -0.132255 0.349066 0.258831 0.0768055 -0.172758 0.159569 0.00844993 0 -0.174533 0.0128386 0.00348762 0.00571408 0.097821 -0.277205 0 0.115168 2.70221 349.716 -76.4652 -0.0472998 -0.119203 0.27733 13.2436 -95.942 -24.8945 
0.215262 0.15111 0.293866 0.0130147 -0.166528 0.349066 0.293907 0.204489 -0.174521 0.220286 0.00651933 0.000317917 -0.173422 0.0152455 0 0.00410188 -0.0247742 -0.238819 0.141602 0.0824969 3.07966 349.899 -76.7955 -0.0537638 -0.116657 0.289435 13.2436 -95.942 -24.8945 
0.0645185 0.198338 0.59001 0.0202025 -0.174533 0.349066 0.323806 0.205342 -0.174533 0.273076 0 0 -0.174435 -0.0239801 0 0.0051481 -0.152421 -0.288028 0.221444 0 2.91881 350.715 -77.1321 -0.0575849 -0.112934 0.287063 13.2436 -95.942 -24.8945 
0.0609753 0.154803 0.685811 0.0168541 -0.174533 0.349066 0.587716 0 -0.17334 0.255591 0 0.00967875 -0.174519 0.0395921 0 0.00770933 -0.0730458 -0.220141 0.0317992 0 3.83474 351.479 -78.4419 -0.0750166 -0.119024 0.285005 13.2436 -95.942 -24.8945 
0.0632358 0.0394331 0.537155 0.0121427 -0.16853 0.349066 0.665902 0 -0.174531 0.264384 0 0.00332746 -0.174533 0.0406178 0 0 -0.099294 -0.214559 0.070591 0.0478198 4.42639 351.719 -79.3334 -0.08686 -0.122497 0.301433 13.2436 -95.942 -24.8945 
0.210729 -0.10461 0.285303 0.0677845 -0.174533 0.349066 0.879743 0 -0.174533 0.23788 0 2.70994e-005 -0.174533 0.0304424 0 0 -0.136884 -0.289234 0.188841 0.217635 4.63165 353.489 -79.3104 -0.0881232 -0.127621 0.32258 13.2436 -95.942 -24.8945 
0.333749 -0.157582 0.231247 0.163954 -0.146501 0.348405 1.2518 0.349712 -0.174533 0.281944 0 0 -0.174533 0.0996935 0 0 -0.00121773 -0.313771 0.0085362 0 5.31901 353.32 -79.8385 -0.0883527 -0.153873 0.333374 13.2436 -95.942 -24.8945 
0.455687 -0.179384 0.2316 0.0090935 0.0986139 0.348278 1.1572 0.346972 -0.174533 0.34102 0 0.0881937 -0.174533 0.0521193 0.00243495 0 0.0178101 -0.211968 0 0.0713811 5.30799 353.952 -80.4626 -0.0932077 -0.163103 0.33438 13.2436 -95.942 -24.8945 
0.448644 -0.18018 0.227412 0.00778469 0.315117 0.348579 0.991784 0.331417 -0.172501 0.349066 0 0.0896452 -0.174533 0.0576004 0.00241693 0 0.0350959 -0.171208 0 0.064883 5.35764 354.021 -80.4622 -0.0932935 -0.162219 0.334505 13.2436 -95.942 -24.8945 
0.444547 -0.178923 0.236252 0.00754975 0.503396 0.348593 1.04004 0 -0.174533 0.262365 0 0.104926 -0.174533 0.0374027 0 0 -0.0208351 -0.149852 0 0 5.61537 354.199 -80.7892 -0.0968374 -0.161967 0.337397 13.2436 -95.942 -24.8945 
0.30285 -0.17072 0.382698 0.00956948 0.61334 0.349066 0.627949 0.310873 -0.174533 0.271821 0.0104322 0.46973 -0.137498 -0.0582133 0.0145302 0 -0.020559 -0.209485 0.00223404 0 5.45952 355.3 -80.4958 -0.12176 -0.158409 0.353545 13.2436 -95.942 -24.8945 
0.330461 -0.110778 0.470186 0.034824 0.686629 0.349066 0.493892 0.430593 -0.174533 0.267437 0 0.494133 -0.143648 -0.0322835 0.0107107 0.0368233 0.0129274 -0.247617 0.063966 0 5.02454 355.433 -80.4349 -0.129776 -0.145706 0.349867 13.2436 -95.942 -24.8945 
0.364092 -0.0675581 0.442246 0.0880572 0.799367 0.349066 0.344651 0.134473 -0.140121 0.258318 0.0552151 0.0821699 -0.164117 -0.030241 0.0186205 0.0711347 0.0443437 -0.326208 0.0402131 0 5.14492 355.26 -80.3388 -0.135367 -0.148199 0.369726 13.2436 -95.942 -24.8945 
0.480109 -0.0677023 0.415249 0.0771648 0.708894 0.349066 0.471271 0 -0.145175 0.286741 0.0354945 0 -0.161396 -0.0530567 0.0874929 0.0701896 0.0467673 -0.227555 0.0361581 0 5.01356 355.174 -80.4322 -0.136407 -0.145956 0.367094 13.2436 -95.942 -24.8945 
0.334782 -0.0535783 0.428499 0.0626823 0.861979 0.349066 0.0867239 0.058194 -0.151649 0.317489 0.0856916 0 -0.166678 -0.0680499 0.0668152 0.0907815 0.0163548 -0.215723 0.0402485 0 5.17076 354.426 -80.1151 -0.152033 -0.145855 0.36844 13.2436 -95.942 -24.8945 
0.292227 -0.10359 0.412167 0.0233996 0.788958 0.349066 0.148724 0.627172 -0.174533 0.242795 0.218499 0 -0.135834 -0.0501783 0.113961 0 0.0501538 -0.316382 0.0493654 0.0516886 5.03113 354.257 -80.1138 -0.147913 -0.14611 0.36766 13.2436 -95.942 -24.8945 
0.274813 -0.121086 0.432235 0 0.787868 0.349066 0 0.729885 -0.174533 0.193704 0.247768 0 -0.136356 -0.0379298 0.071634 0.185433 0.0029203 -0.320223 0.0980399 0.0672301 4.96539 354.013 -79.9782 -0.148959 -0.148039 0.366082 13.2436 -95.942 -24.8945 
0.252529 -0.0245244 0.471937 0.28178 0.672398 0.349066 0.337992 1.5708 -0.161677 0.235175 0.196418 0.417272 -0.12193 0.121719 0.146565 0.0829858 -0.0486151 -0.340014 0.267016 0.0504059 5.30792 355.048 -80.9978 -0.146587 -0.175923 0.350365 13.2436 -95.942 -24.8945 
0.507029 -0.0643668 0.230655 0.0513467 0.883972 0.349066 0.0676758 1.5708 -0.158283 0.337452 0.223676 0.0504327 -0.174533 0.00496808 0.132329 0.0977763 -0.113357 -0.251752 0.169114 0.000327157 5.99716 355.826 -81.4684 -0.0901497 -0.179854 0.365078 13.2436 -95.942 -24.8945 
0.557778 -0.0505106 0.0969506 0.197025 1.12276 0.349066 0.0378201 0.424082 -0.169254 0.345221 0.233591 0.00403234 -0.136736 0.00859081 0.0436748 0.0903266 -0.0661384 -0.349066 0.228417 0 6.02377 356.606 -81.7258 -0.0801203 -0.166037 0.384521 13.2436 -95.942 -24.8945 
0.548314 -0.0523781 0.0672643 0 1.26235 0.316575 0.0603002 0.366764 -0.147431 0.349066 0.276747 0 -0.140099 -0.0598025 0 0 0.0883749 -0.349066 0.0167898 0.14933 5.0687 357.017 -81.3845 -0.0927641 -0.152221 0.377079 13.2436 -95.942 -24.8945 
0.525429 -0.127393 0 0 1.31655 0.332926 0.0237549 0.299723 -0.107673 0.349066 0.0691494 0 -0.174533 -0.0633392 0 0 0.175623 -0.349066 0 0.00499536 5.13157 357.573 -81.3125 -0.0842246 -0.120892 0.379041 13.2436 -95.942 -24.8945 
0.464426 -0.14685 0 0 1.3239 0.349066 0.0351243 0.257211 -0.137211 0.349066 0.101789 0.0323453 -0.171317 -0.0512901 0.135 0 0.180766 -0.349066 0.0279557 0.0526353 4.9966 357.715 -81.6352 -0.086969 -0.119987 0.387131 13.2436 -95.942 -24.8945 
0.438556 -0.133173 0 0.0317461 1.29834 0.346593 0.00672981 0.200297 -0.117186 0.343514 0.0833488 0.0997662 -0.168829 -0.0231367 0.139454 0 0.101456 -0.346609 0 0.109434 5.32698 355.969 -82.6613 -0.102262 -0.127633 0.377098 13.2436 -95.942 -24.8945 
0.476744 -0.0146853 0.0397623 0 1.22602 0.349066 0 0.214961 -0.110291 0.349066 0.0130951 0.0291221 -0.0912574 -0.0427867 0.0320167 0 0.181726 -0.349066 0.0323263 0 5.41995 355.083 -82.3442 -0.12823 -0.114056 0.373014 13.2436 -95.942 -24.8945 
0.609524 -0.0273812 0 0 1.21807 0.349066 0 0.213414 -0.174533 0.349066 0.235106 0.00589908 -0.0696302 -0.118226 0.0414335 0.0186019 0.248973 -0.349066 0.0210748 0.00671755 4.28679 356.048 -81.8875 -0.105209 -0.109955 0.357416 13.2436 -95.942 -24.8945 
0.673377 0.169652 0.133093 0 1.23719 0.349066 0.0431073 0.140435 -0.17065 0.315751 0.120249 0 -0.154366 -0.121075 0.0158359 0.0555434 0.184654 -0.349066 0.0275892 0.0585194 4.49408 357.115 -78.8248 -0.0670984 -0.126459 0.344448 13.2436 -95.942 -24.8945 
0.647907 0.274401 0.209699 0 1.36022 0.349066 0.0431509 0.143152 -0.125965 0.325221 0.10526 0 -0.159379 -0.1389 0.0317554 0 0.134113 -0.349066 0 0 4.81387 357.248 -79.4844 -0.0617349 -0.140598 0.33321 13.2436 -95.942 -24.8945 
0.50861 0.315248 0.233259 0 1.53543 0.34777 0.0253497 0.142937 -0.149111 0.332486 0.0537002 0.0864809 -0.153056 -0.0454841 0.0315649 0.038475 0.0869835 -0.349066 0.078033 0 5.05238 357.112 -79.9992 -0.0469293 -0.152829 0.320327 13.2436 -95.942 -24.8945 
0.441558 0.248556 0.204842 0.0184493 1.56292 0.349066 0.0152721 0.103315 -0.155055 0.349066 0.0789373 0 -0.0579445 0.0168987 0.0378437 0.0212517 0.120708 -0.320798 0 0.365986 5.24366 356.583 -80.2854 -0.0590914 -0.157464 0.330375 13.2436 -95.942 -24.8945 
0.323796 0.237086 0.221841 0.000384239 1.5634 0.349066 0.0126776 0.0765583 -0.158249 0.349066 0.15718 0.000922116 -0.047071 0.0309192 0.0149034 0 0.155941 -0.349066 0.0317596 0.119238 5.3384 356.46 -79.7823 -0.0627369 -0.155069 0.33405 13.2436 -95.942 -24.8945 
0.288064 0.170643 0.198522 0.0569443 1.56415 0.349066 0.0129368 0.0757648 -0.136958 0.349059 0.091729 0.000257884 -0.0648116 0.00129766 0.065674 0.055427 0.212911 -0.349066 0.0238947 0.0674759 5.46204 356.544 -79.6678 -0.0610814 -0.156888 0.33379 13.2436 -95.942 -24.8945 
0.336463 0.0736332 0.00925951 0.152736 1.57063 0.349066 0.0110515 0.0827705 -0.145314 0.349066 0.0913766 0 -0.0663422 -0.00654613 0.0232348 0.00566058 0.179149 -0.349066 0.0143357 0.00503258 5.97426 356.363 -79.5339 -0.0552858 -0.156414 0.338249 13.2436 -95.942 -24.8945 
0.373753 -0.051143 0 0.14109 1.5708 0.349066 0.0044969 0.0824059 -0.145771 0.349066 0.0352848 0.0591842 -0.0273916 0.0185508 0 0.00346475 0.0968089 -0.349066 0 0.00105559 5.89928 356.464 -79.6813 -0.0558035 -0.149322 0.336351 13.2436 -95.942 -24.8945 
0.301793 -0.112445 0.211295 0.199338 1.48033 0.349066 0.00592802 0.00651456 -0.173844 0.349066 0.01612 0.200153 -0.0958429 0.00419339 0.00545373 0.00416356 0.0922667 -0.349035 0.0212309 0.0315687 5.97676 356.59 -80.2385 -0.0348698 -0.152646 0.346478 13.2436 -95.942 -24.8945 
0.377999 -0.20944 0.334588 0.228345 1.3695 0.349066 0 0.00205799 -0.174523 0.349066 0.114272 0.151237 -0.174533 -0.004457 0 0 -0.138964 -0.329265 0.0566306 0 6.49472 356.922 -80.2926 -0.0253097 -0.155324 0.350877 13.2436 -95.942 -24.8945 
0.372087 -0.20944 0.364589 0.04669 1.30424 0.349066 0.0023294 0.0551148 -0.174533 0.348945 0 0 -0.174533 -0.00819973 0 0.0990666 -0.174533 -0.298148 0.0187698 0 6.97501 357.47 -80.6463 -0.0297931 -0.129485 0.363233 13.2436 -95.942 -24.8945 
0.219146 -0.20944 0.352931 0.0751515 1.34898 0.116028 0.0917985 0.056248 -0.174533 0.3489 0.0958053 0.522996 -0.169443 0.0661415 0.240568 0.224011 -0.160621 -0.263371 0.032456 0.182133 7.06593 357.431 -78.5451 -0.0301471 -0.122044 0.390013 13.2436 -95.942 -24.8945 
0.0955118 -0.20944 0.48055 0.00324772 1.34935 0.0236145 0.00395734 0.0448687 -0.174533 0.349062 0.164086 1.4575 -0.172855 0.0267063 0.175776 0.668608 -0.174533 -0.336111 0.00827958 0.202763 8.03154 356.603 -76.4695 -0.0330226 -0.137188 0.428344 13.2436 -95.942 -24.8945 
0.00418263 -0.20944 0.599183 0.0371753 1.26691 0.0458025 0.0380063 2.01592e-005 -0.174533 0.349066 0.0346372 1.5708 -0.174533 0.039374 0.10993 0.408199 -0.148075 -0.33161 0.000683968 0.12234 7.86156 356.71 -76.3006 -0.00827363 -0.084765 0.438146 13.2436 -95.942 -24.8945 
0.0188432 -0.20944 0.590365 0 1.21234 0.0229389 0.00355278 0 -0.174533 0.349066 0.0250923 1.5708 -0.174533 0.0658386 0.136196 0.677072 -0.145426 -0.325237 0 0.107977 7.79237 357.018 -76.5882 -0.0114072 -0.0808474 0.439262 13.2436 -95.942 -24.8945 
0.00985667 -0.20944 0.593021 0 1.08842 -0.0171427 0 0.039555 -0.174533 0.349066 0.00432278 1.5708 -0.174533 0.148506 0.181202 0.470621 -0.130776 -0.326991 0 0.125545 7.8106 356.882 -76.6667 -0.0167625 -0.0712419 0.443274 13.2436 -95.942 -24.8945 
-0.174533 -0.20944 0.79923 0.00160891 0.938599 -0.0116942 0.151222 0 -0.174533 0.349066 0.00640191 1.5708 -0.174533 0.21079 0.219876 0.195351 -0.174533 -0.348108 0 0.0649291 7.0649 357.072 -77.5015 -0.0198637 -0.06471 0.449844 13.2436 -95.942 -24.8945 
-0.174533 -0.20944 1.1414 0.00142526 0.954836 -0.120444 0.129538 0 -0.174533 0.349066 0.00748873 1.5708 -0.174533 0.170668 0.191713 0 -0.174533 -0.246708 0 0.0657543 6.96534 356.921 -77.7161 -0.0206939 -0.0631026 0.451471 13.2436 -95.942 -24.8945 
-0.166282 -0.20944 1.49036 0 0.860866 -0.0764202 0.179384 0.184799 -0.174532 0.336817 0.0148699 1.5708 -0.174268 0.100793 0.0366631 0.789107 -0.153879 -0.332621 0.00802671 0.0420135 6.9734 356.323 -77.9004 -0.0411404 -0.0627397 0.447366 13.2436 -95.942 -24.8945 
-0.168299 -0.20944 1.5708 0.0260295 0.816395 0.0656371 0.36108 0.145094 -0.174533 0.349066 0.000212394 1.5708 -0.174481 0.0390796 0.0306006 0.699589 -0.162433 -0.344051 0.0449705 0.00675344 7.71655 356.91 -78.1699 -0.0321407 -0.0624876 0.448588 13.2436 -95.942 -24.8945 
-0.174533 -0.20944 1.5708 0.00399069 0.902831 0.087019 0.233415 0.0835683 -0.174533 0.349066 0 1.5708 -0.174533 0.0787396 0.0546143 0.618429 -0.161874 -0.349066 0.0361095 0.183973 8.15913 357.267 -78.6021 -0.0326966 -0.0790555 0.451973 13.2436 -95.942 -24.8945 
-0.170977 -0.20944 1.5708 0.00117556 0.866553 0.157576 0.348123 0.164027 -0.174533 0.349066 0.029165 1.43184 -0.17387 0.0986864 0.365457 0.156641 -0.162137 -0.322805 0.109696 0.105827 8.37512 357.369 -78.2595 -0.0428483 -0.0767297 0.464421 13.2436 -95.942 -24.8945 
-0.174533 -0.20944 1.5708 0.000568708 0.821352 0.124222 0.314885 0.110244 -0.174533 0.349066 0.027295 1.54208 -0.174533 0.00581934 0.177514 0.335587 -0.167766 -0.349066 0.119747 0.0911225 8.21173 357.162 -78.2379 -0.0433974 -0.0734372 0.463669 13.2436 -95.942 -24.8945 
-0.174533 -0.205351 1.5708 0.00540272 0.779188 0.180659 0.441694 0 -0.174533 0.347019 0.0517567 0.0614758 -0.174533 -0.068541 0.195342 0.338498 -0.174533 -0.347047 0.120124 0.0761243 8.34008 357.174 -78.0435 -0.0442459 -0.0689344 0.459836 13.2436 -95.942 -24.8945 
-0.174533 -0.206099 1.5708 0.138209 0.827548 0.349066 0.548742 0.0924411 -0.174533 0.349066 0.0807381 0.0548667 -0.174533 -0.0097102 0.31237 0.00485659 -0.125489 -0.347305 0.0410811 0.0724312 8.71945 358.776 -77.3956 -0.0497443 -0.0809039 0.459371 13.2436 -95.942 -24.8945 
-0.174533 -0.19405 1.5708 0.0981367 0.886987 0.349066 0.345019 0.0890357 -0.174533 0.297774 0.0800814 0.0751352 -0.174533 -0.119782 0.170353 0.272353 -0.103649 -0.34892 0.058862 0.0510668 8.75184 359.633 -77.5477 -0.0473548 -0.0975384 0.443646 13.2436 -95.942 -24.8945 
-0.174533 -0.010822 1.5708 0.133286 1.06471 0.349066 0.00171844 0.0605489 -0.174469 0.287612 0.0208412 0 -0.174533 -0.176782 0.0983022 0 -0.0667423 -0.34906 0.0215626 0.00206297 9.96382 361.189 -76.6436 -0.0380771 -0.142292 0.449745 13.2436 -95.942 -24.8945 
-0.174533 -0.0520545 1.5708 0.0303222 1.16878 0.349066 0.0125314 0 -0.174533 0.307302 0 0 -0.174533 -0.171029 0 0 -0.141797 -0.349066 0.00516298 0 10.7787 362.246 -76.8596 -0.0620812 -0.207194 0.435906 13.2436 -95.942 -24.8945 
-0.174533 -0.0842006 1.5708 0.0167533 1.07369 0.349066 0 0.0119415 -0.174533 0.349066 0 0.0867471 -0.171539 -0.127357 0.00116343 0.0610084 -0.174533 -0.349066 0.185844 0.00939261 10.9167 363.603 -76.1243 -0.0411634 -0.257552 0.449131 13.2436 -95.942 -24.8945 
-0.174533 -0.150068 1.5708 0.028848 1.00676 0.349066 0.0404981 0.0139671 -0.174533 0.349066 0.0201202 0.363535 -0.174533 -0.181228 0.000334324 0.00462231 -0.149315 -0.348828 0.122148 0 11.5126 365.493 -76.8702 -0.0445298 -0.302424 0.471208 13.2436 -95.942 -24.8945 
-0.174533 -0.131693 1.5708 0.0127442 1.18189 0.349066 0 0 -0.174533 0.349066 0 0.418337 -0.174533 -0.135285 0.000268178 0 -0.170535 -0.348967 0.111473 0.0927088 11.7991 366.603 -77.4024 -0.0367676 -0.338468 0.454861 13.2436 -95.942 -24.8945 
-0.171344 -0.0980021 1.54641 0 1.2947 0.349066 0 0.0218118 -0.174533 0.349066 0 0.0455979 -0.169356 -0.107642 0 0.00177065 -0.156111 -0.349066 0.0324185 0.157399 11.5078 366.852 -78.2814 -0.0447025 -0.348663 0.447663 13.2436 -95.942 -24.8945 
-0.174533 -0.128824 1.5488 0 1.3158 0.349066 0 0.0452731 -0.128963 0.349066 0.0579693 0 -0.17159 -0.0742158 0.000651795 0 -0.153019 -0.349066 0.134425 0.160868 11.3811 368.298 -78.3602 -0.0490769 -0.356011 0.458592 13.2436 -95.942 -24.8945 
-0.173006 -0.135409 1.5708 0.0328642 1.35656 0.349066 0 0.0803012 -0.0825556 0.349066 0 0 -0.173254 -0.0547669 0.0477711 0 -0.113329 -0.349066 0.13135 0.0794382 10.9559 369.702 -77.4086 -0.0409208 -0.37327 0.476574 13.2436 -95.942 -24.8945 
-0.0624253 -0.105504 1.5708 0 1.3816 0.349066 0 0.0148379 -0.0751204 0.349066 0 0 -0.174524 -0.0196276 0 0 -0.0740303 -0.349066 0.108385 0 11.2794 371.247 -77.5066 -0.00407879 -0.404041 0.477655 13.2436 -95.942 -24.8945 
-0.0686013 -0.145037 1.5708 0.139678 1.36337 0.349066 0.000502951 0.0199277 -0.0631351 0.348104 0.00113223 0 -0.17426 -0.0233535 0 0 -0.0449828 -0.348929 0.0103818 0 10.9954 371.535 -78.32 -0.00117259 -0.40866 0.478379 13.2436 -95.942 -24.8945 
-0.113379 -0.20944 1.57039 0.143493 1.3351 0.349066 0.00790662 0.0228665 -0.0650313 0.348158 0.000747603 0 -0.174402 -0.0313384 0 0 -0.0394669 -0.34899 0.0220429 0.0283962 10.9312 371.598 -78.3695 -0.000220523 -0.406849 0.477223 13.2436 -95.942 -24.8945 
-0.142602 -0.20944 1.5708 0.0588953 1.31803 0.349066 0.00721211 0.0255625 -0.0513973 0.348266 0 0 -0.174533 -0.0536386 0 0 -0.0430585 -0.349047 0.0158727 0.0289169 10.5074 371.493 -78.5148 0.00380241 -0.4176 0.475407 13.2436 -95.942 -24.8945 
-0.174533 -0.20944 1.5708 0.00233002 1.3044 0.349066 6.32849e-005 0.00924187 -0.0519765 0.349066 0.00752646 0 -0.174533 -0.0276302 0 0 -0.04317 -0.349056 0.000186362 0.0131154 10.3007 371.191 -78.7694 0.0154132 -0.429429 0.462972 13.2436 -95.942 -24.8945 
-0.174533 -0.20944 1.5708 0 1.26931 0.349066 0 0.00422149 -0.0602792 0.3488 0 0 -0.174533 -0.0157119 0 0 -0.0376545 -0.349066 0.000189248 0.0165849 10.5355 370.769 -78.8493 0.0182721 -0.429325 0.461426 13.2436 -95.942 -24.8945 
-0.128804 -0.209393 1.57065 0.00177099 1.23688 0.284764 0.00172518 0.00550413 -0.129702 0.331836 0 0.00393351 -0.173583 -0.0538307 0.0221983 0 -0.0738108 -0.349066 0.0011543 0.00179333 10.3025 370.96 -78.9139 0.0210612 -0.434425 0.459162 13.2436 -95.942 -24.8945 
-0.170588 -0.20944 1.56548 0 1.09693 0.11796 0 0 -0.110336 0.349066 0.00515773 0.0401944 -0.174533 -0.00756297 0 0 -0.17234 -0.349066 0.00888712 0.00119903 10.6665 370.22 -78.2877 0.026092 -0.461319 0.432217 13.2436 -95.942 -24.8945 
-0.161734 -0.20944 1.5708 0 1.02126 -0.19683 0 0 -0.174533 0.301344 0 0 -0.112483 -0.0218021 0.0512494 0.0614349 -0.174533 -0.349066 0.00841655 0.00141877 10.0703 371.053 -78.3476 0.0198216 -0.372187 0.452705 13.2436 -95.942 -24.8945 
-0.174533 -0.20944 1.46508 0 1.09496 -0.349066 0.0230422 0.174372 -0.174533 0.349066 0 0 -0.158265 -0.0275172 0 0.0160523 -0.174533 -0.349066 0.00407552 0 10.4345 370.695 -78.1471 0.0282946 -0.378155 0.455696 13.2436 -95.942 -24.8945 
-0.174533 -0.208053 1.40129 0.051412 1.2112 -0.349066 0.00200147 0 -0.174533 0.342243 0.00264235 0.0209494 -0.152642 -0.032179 0 0.512618 -0.174533 -0.248767 0.00134636 0 11.3317 368.572 -77.9789 0.0110666 -0.394188 0.456645 13.2436 -95.942 -24.8945 
-0.174533 -0.20944 1.42206 0 1.11585 -0.349066 0.0784857 0.298129 -0.171498 0.344701 0 0.0937134 -0.174533 0.0920393 0.0529562 0 -0.171619 -0.186781 0.0635156 0.361932 10.6786 368.047 -78.5564 0.00996013 -0.407066 0.458705 13.2436 -95.942 -24.8945 
-0.174533 -0.20944 1.50775 0 1.04838 -0.349066 0.0409493 0.326101 -0.130707 0.349066 0 0.00375397 -0.172898 0.17795 0.00531685 0 -0.174533 -0.206811 0 0 10.6187 368.753 -77.7718 0.00790171 -0.376476 0.455747 13.2436 -95.942 -24.8945 
-0.174533 -0.20944 1.5708 0 1.17085 -0.349066 0 0.0946044 -0.167325 0.348231 0.0222383 0 -0.174533 0.117004 8.05336e-005 0 -0.174533 -0.221455 0.0605281 0.0179708 9.93119 367.516 -77.1879 -0.0185491 -0.31333 0.451097 13.2436 -95.942 -24.8945 
-0.113259 -0.2077 1.5708 0.0152793 1.15041 -0.300423 0 0.0937933 -0.152485 0.348271 0 0.00275498 -0.174533 0.138028 0.000516665 0 -0.174533 -0.289664 0.0715597 0.00762477 11.2544 367.692 -76.1576 -0.0330085 -0.26547 0.489949 13.2436 -95.942 -24.8945 
0.0447385 -0.207765 1.5708 0 1.16961 -0.349066 0.0245876 0.0964735 -0.167682 0.349066 0 0.00240853 -0.174533 0.191292 0.00026485 0 -0.125824 -0.218049 0.0649503 0 11.0693 368.381 -75.4674 -0.0215395 -0.245305 0.479021 13.2436 -95.942 -24.8945 
0.256561 -0.207816 1.41462 0 1.16752 -0.349066 0 0 -0.159446 0.349066 0 0 -0.174533 0.222326 0 0 -0.0978442 -0.218366 0.10169 0.0139505 10.99 368.326 -75.2352 -0.0244336 -0.237465 0.478337 13.2436 -95.942 -24.8945 
0.360976 -0.20855 1.32323 0.0149354 1.07956 -0.349066 0.199518 0.0175503 -0.170451 0.349066 0 0 -0.174533 0.202008 0 0 -0.0939802 -0.227905 0.0982895 0.00803094 11.1686 368.064 -75.0573 -0.0227604 -0.233415 0.471878 13.2436 -95.942 -24.8945 
0.394099 -0.20944 1.3814 0 1.03421 -0.349066 0.163812 0.0136804 -0.169591 0.349066 0 0 -0.174533 0.121703 0 0 -0.0449322 -0.218419 0.0810513 0.0125319 10.5227 368.152 -75.1329 -0.0171605 -0.227239 0.47038 13.2436 -95.942 -24.8945 
0.338833 -0.209214 1.36732 0.000791274 0.959195 -0.349066 0.347263 0.0110281 -0.174533 0.348689 0.00173892 0 -0.174533 0.0648882 0 0 -0.100601 -0.246844 0.0887005 0.0785989 10.8424 368.321 -74.6353 -0.00700042 -0.258032 0.479884 13.2436 -95.942 -24.8945 
0.378974 -0.209205 1.42764 0 0.941185 -0.349066 0.378398 0.00948332 -0.174533 0.348699 0.00180425 0 -0.174533 0.0747163 0 0 -0.106953 -0.247642 0.113369 0.0467176 10.9011 368.792 -74.9917 -0.000990625 -0.248281 0.479066 13.2436 -95.942 -24.8945 
0.397657 -0.193422 1.45927 0.00706659 0.779877 -0.349066 0.518034 0.0606636 -0.174533 0.349066 0.00120616 0.0107514 -0.174533 0.101989 0 0 -0.0746391 -0.247261 0.127092 0.0373427 10.9883 369.012 -75.1112 -0.00647994 -0.208951 0.478643 13.2436 -95.942 -24.8945 
0.508848 -0.202349 1.40004 0.0056355 0.907538 -0.279145 0.213332 0.143053 -0.174533 0.349066 0.000303826 0.0580718 -0.174533 0.135312 0.00300033 0 -0.0403155 -0.252939 0.100351 0.0854524 11.4008 367.777 -74.8449 -0.0398567 -0.195522 0.475322 13.2436 -95.942 -24.8945 
0.523378 -0.201166 1.33303 0 0.979351 -0.244271 0.0950929 0.0420592 -0.174533 0.349066 0.00010994 0 -0.149077 0.0342972 0 0 -0.105562 -0.336556 0.314256 0 10.2511 368.313 -73.0477 -0.0219681 -0.178018 0.483624 13.2436 -95.942 -24.8945 
0.507825 -0.204072 1.19154 0 1.04645 -0.174282 0.122898 0.0322967 -0.174533 0.348726 5.76557e-005 0 -0.146354 0.0391136 0.0155819 0.014879 -0.0922441 -0.3421 0.247155 0 10.3233 368.361 -72.8386 -0.0291557 -0.188209 0.483011 13.2436 -95.942 -24.8945 
0.567199 -0.205178 1.04246 0 1.09668 -0.0386385 0 0.283598 -0.144809 0.349066 2.92436e-005 0.356758 -0.174533 0.0647701 0.0762412 0 -0.0794407 -0.332703 0.127731 0 12.8589 369.984 -73.8153 -0.00658532 -0.154805 0.489872 13.2436 -95.942 -24.8945 
0.513326 -0.20944 1.14296 0.00199703 1.22213 0.163099 0 0.24413 -0.172066 0.349066 2.41208e-005 0.289698 -0.155323 0.0697908 0.150915 0.0263411 0.107667 -0.341059 0 0 12.7813 370.223 -73.506 -0.0154101 -0.176178 0.494646 13.2436 -95.942 -24.8945 
0.849748 -0.20944 0.699935 0.154733 1.01754 0.288406 0 0.243726 -0.174533 0.330134 0.000517056 0 -0.173148 0.110181 0.171195 0 0.0121056 -0.349066 0.0448351 0 12.87 369.807 -73.591 -0.0106712 -0.184157 0.503127 13.2436 -95.942 -24.8945 
1.5708 -0.20944 0 0.210956 1.03197 0.324352 0 0.258452 -0.172508 0.319053 0.0121169 0.00856008 -0.174533 0.040585 0 0 -0.174533 -0.349066 0.156584 0.311293 12.5839 370.016 -73.2472 -0.00363905 -0.258721 0.487939 13.2436 -95.942 -24.8945 
1.5708 -0.20944 0 0.211133 1.01607 0.349066 0 0.225635 -0.174533 0.335691 0.0142755 0 -0.174533 -0.102586 0 0 -0.174533 -0.349066 0.204216 0 12.5664 370.277 -72.8918 -0.00605564 -0.250017 0.503298 13.2436 -95.942 -24.8945 
1.5708 -0.111614 0.00954502 0.190066 0.99312 0.349066 0 0.229565 -0.174533 0.349066 0.00525555 0.224438 -0.174533 -0.137392 2.53285e-005 0 -0.174533 -0.349066 0.511476 0 14.3988 369.642 -72.0962 -0.0160805 -0.295063 0.520845 13.2436 -95.942 -24.8945 
1.5708 -0.0846833 0 0.157665 1.07382 0.349066 0.000201321 0.228805 -0.160428 0.349066 0.0471953 0.0719762 -0.174533 -0.121944 0 0 -0.106506 -0.349066 0.217808 0 14.3584 369.331 -72.7002 -0.0273284 -0.333979 0.500449 13.2436 -95.942 -24.8945 
1.5708 -0.0748737 0.00296929 0.0956073 1.13261 0.349066 0 0.241231 -0.16749 0.349066 0.142099 0.00724521 -0.174068 -0.0722084 0.000183362 0 -0.138627 -0.349066 0.000647601 6.05784e-005 13.8386 370.195 -73.4773 0.0075074 -0.41756 0.484304 13.2436 -95.942 -24.8945 
1.5708 -0.0256976 0 0.00353845 1.22048 0.348183 0 0.262376 -0.122389 0.3465 0.0678493 0.178606 -0.174143 -0.0527839 0 0 -0.155126 -0.349035 0 0.00430479 14.1916 370.328 -73.1921 0.0250096 -0.46199 0.480912 13.2436 -95.942 -24.8945 
1.49696 -0.0983422 0 0.00434185 1.2736 0.348402 0 0.241814 -0.143317 0.349066 0.0941698 0.108077 -0.174258 -0.0847812 0 0 -0.0581216 -0.348761 0 0.00709977 14.7488 370.144 -73.1865 0.0334523 -0.468969 0.471704 13.2436 -95.942 -24.8945 
1.44684 -0.17262 0 0 1.01746 0.33489 0.00735566 0.259243 -0.0645949 0.349066 0 0 -0.174533 -0.0369633 0 0.000246617 -0.174533 -0.349066 0.109176 0.00785587 15.5851 370.01 -74.785 0.0332311 -0.481297 0.47725 13.2436 -95.942 -24.8945 
