0.0258957 0.0159425 0 0.0221931 -0.139016 0.349066 0.0945303 0.00747794 -0.141741 0.109479 0.139858 0.169393 0.0373079 -0.0691717 0 0 0.329232 -0.349066 0 0 -34.4514 310.481 -45.8407 0.0255529 0.0979344 -0.0977515 -5.4316 -98.018 -19.0519 
-0.0326901 -0.00319969 0.00665051 0.163025 -0.157928 0.349066 0.0940748 0.109513 -0.161997 0.0841007 0.0838016 0.0454032 -0.00770443 -0.0537541 0.00833161 0 0.221867 -0.344622 0 0.0100974 -34.1076 311.044 -49.2776 0.0515548 0.0632568 -0.0800299 -5.4316 -98.018 -19.0519 
-0.0654219 -0.00757545 0 0.196786 -0.158156 0.349066 0.0923951 0.105023 -0.162389 0.0823224 0.0774126 0.0453877 -0.00865941 -0.0360877 0.00839348 0 0.213192 -0.349066 0 0.00996826 -34.136 311.018 -49.2724 0.052243 0.0628663 -0.0794109 -5.4316 -98.018 -19.0519 
-0.0687201 -0.00608633 0 0.181001 -0.157811 0.349066 0.0846535 0.0336356 -0.165894 0.0814895 0.0775847 0.0885474 -0.0158026 -0.0340517 0.00579576 0 0.224035 -0.349066 0 0 -34.0855 311.092 -49.133 0.0523323 0.0632631 -0.0792968 -5.4316 -98.018 -19.0519 
-0.0741485 -0.0176534 0 0.15001 -0.159767 0.349066 0.0801588 0 -0.170418 0.0794252 0.0776264 0.0149128 -0.0176249 -0.05238 0.00200204 0 0.232064 -0.349066 0.015075 0 -34.0759 311.047 -49.1456 0.0559175 0.0637375 -0.0772046 -5.4316 -98.018 -19.0519 
-0.0741485 -0.0220473 0 0.15001 -0.169107 0.349066 0.0209601 0 -0.174533 0.0701092 0.0767189 0.0149128 0.00689424 -0.086521 0.0155159 0.100672 0.295572 -0.349066 0.0105712 0 -34.0759 311.047 -49.1456 0.0559175 0.0637375 -0.0772046 -5.4316 -98.018 -19.0519 
-0.0693713 -0.037868 0 0.0931503 -0.174533 0.349066 0 0 -0.174533 0.0453846 0.0730551 0 0.056805 -0.129248 0.0149706 0.0688139 0.363033 -0.349066 0 0 -34.0795 311.039 -49.0914 0.0549637 0.0658884 -0.0766597 -5.4316 -98.018 -19.0519 
-0.0640069 -0.0393711 0 0.0881088 -0.174533 0.343403 0 0 -0.170702 0.0226119 0.0992082 0 0.16145 -0.16303 0.0255509 0.299225 0.365842 -0.349066 0.312913 0 -34.069 311.051 -49.0923 0.0549421 0.0617039 -0.0768064 -5.4316 -98.018 -19.0519 
-0.0574266 -0.0644174 0 0.0586426 -0.174533 0.297456 0.0292612 0 -0.119421 0.00502658 0.172682 0.292174 0.222446 -0.182501 0.327845 0 0.446303 -0.349066 0.45066 0.219274 -33.9429 309.758 -50.1302 0.032172 0.0507377 -0.0763622 -5.4316 -98.018 -19.0519 
-0.136193 -0.0416766 0.0872552 0.0153259 -0.16857 0.297529 0.0985622 0.037055 0.0201759 0.0300672 0.150291 1.27651 0.323393 -0.191934 0.760293 0.040327 0.50831 -0.28961 0.569523 0.123069 -35.7362 308.725 -51.1834 0.043001 0.0116064 -0.105449 -5.4316 -98.018 -19.0519 
-0.0261904 -0.206274 0.000398808 0 -0.116334 0.135239 0 0.117271 0.154779 0.340977 0.237062 0 -0.0829471 -0.174415 1.73447 0.00985959 0.429921 0.0185977 0.625609 0.246269 -43.3305 319.344 -65.8649 0.12397 -0.0496492 -0.168873 -5.4316 -98.018 -19.0519 
-0.0779181 -0.20944 0.106974 9.91948e-007 -0.0855615 0.0624231 0.253867 0.00670101 0.170293 0.349066 0.601074 0.000183711 -0.149181 0.104202 1.74533 0.450936 0.343866 0.280352 1.10886 0.972387 -43.0453 319.162 -65.3181 0.138924 -0.0550855 -0.180278 -5.4316 -98.018 -19.0519 
-0.16083 -0.20944 0.0313134 0.121981 -0.171809 0.113249 0.219377 0.475277 0.15082 0.341992 0.811834 0.105715 -0.174533 0.342569 1.74474 0.353533 0.385883 0.349066 1.54161 1.5708 -41.3919 320.412 -63.1278 0.195381 -0.00137785 -0.192531 -5.4316 -98.018 -19.0519 
-0.174361 -0.20944 0.000625243 0 -0.136849 0.218418 0.280489 0.514117 0.110722 0.348993 0.945979 0.141091 -0.118818 0.322053 1.74439 0.694191 0.225058 0.349066 1.74426 1.55806 -40.8274 317.533 -64.3577 0.229001 0.00877571 -0.206755 -5.4316 -98.018 -19.0519 
-0.174416 -0.20944 2.98187e-005 0 -0.119862 0.349066 0.318903 0.728124 0.149981 0.340919 0.892525 0 0.132908 0.347625 1.74533 1.5708 0.0266175 0.349066 1.74533 1.5708 -44.0015 321.301 -62.4025 0.260865 0.0468317 -0.237294 -5.4316 -98.018 -19.0519 
-0.0261663 -0.159479 0 0 -0.0835395 0.342291 0.53971 1.37748 0.150684 0.342696 0.622261 0 0.17866 0.342217 1.69484 1.48843 -0.0883718 0.349066 1.74533 1.5708 -43.9352 323.607 -61.6662 0.284378 0.0447295 -0.263743 -5.4316 -98.018 -19.0519 
-0.104196 -0.156948 0.0208894 0.0246301 0.224313 0.34279 0.043196 1.55001 0.194094 0.349066 0.637698 0.283134 0.0126358 0.319266 1.41513 1.5708 -0.14646 0.349066 1.74533 1.56998 -42.4733 323.233 -50.7076 0.28869 0.0305635 -0.263549 -5.4316 -98.018 -19.0519 
-0.158329 -0.118201 0.112876 0.0383307 0.409118 0.335532 0.0479097 1.33165 0.254152 0.349066 0.759516 0.0942033 0.00529842 0.268108 1.41333 0.711589 -0.0632159 0.349066 1.7437 1.56857 -37.7979 317.371 -43.4459 0.203005 -0.00056228 -0.244345 -5.4316 -98.018 -19.0519 
-0.0691836 -0.0980243 0.129963 0 0.387743 0.34758 0.0572354 1.51139 0.0804125 0.155557 0.813129 0.133464 -0.147728 0.238637 1.12916 1.27314 -0.06683 0.207815 1.347 1.55894 -33.4204 318.876 -39.5754 0.212221 -0.0244671 -0.218409 -5.4316 -98.018 -19.0519 
-0.0577101 -0.0742856 0.255172 0.308689 0.308444 0.348613 0.0543751 1.55503 -0.0998166 0.0903856 0.958012 0.170377 -0.1089 0.227996 0.688056 1.5589 -0.0215068 0.0982243 1.01108 0.177828 -32.0211 317.821 -37.7943 0.199825 -0.0427672 -0.219826 -5.4316 -98.018 -19.0519 
0.014479 -0.0550731 0.403259 0.603812 0.150424 0.295542 0.0750192 1.56453 -0.174533 0.0824075 0.784183 0.892711 -0.152866 0.23818 0.601223 1.47951 0.0565854 -0.0322514 0.56212 0.722367 -33.629 318.628 -35.6094 0.187543 -0.0662101 -0.231702 -5.4316 -98.018 -19.0519 
-0.0237597 -0.103527 0.368602 0.739914 -0.0812628 0.291838 0.224939 1.56683 -0.174533 0.0886678 0.430579 1.55817 -0.165855 0.206474 0.429998 1.5708 0.0300858 -0.165177 0.578183 0 -33.615 318.744 -35.5082 0.186263 -0.0521627 -0.230263 -5.4316 -98.018 -19.0519 
-0.043557 -0.147414 0.407869 0.61792 -0.143045 0.319088 0.334822 1.5708 -0.173285 0.141738 0.201382 1.56016 -0.132347 0.244242 0.214649 1.5708 0.0853108 -0.248106 0.437865 0 -32.0658 317.932 -29.7799 0.133812 -0.0496733 -0.261335 -5.4316 -98.018 -19.0519 
