0.0960753 0.0614365 0 0 -0.174533 0.293785 0 0.751453 -0.094092 0.0349864 0 0 0.0717823 -0.146851 0 0 0.406216 -0.349066 0 0 -24.8545 267.569 -36.192 -0.0135752 0.0702159 -0.035338 0.0783997 -98.162 -19.083 
0.0472627 0.0765821 0 0 -0.174533 0.30671 0 0.764097 -0.14585 0.0261711 0 0 0.0397154 -0.13962 0 0 0.387244 -0.349066 0 0 -24.5887 267.254 -36.0277 -0.0135752 0.0702159 -0.035338 0.0783997 -98.162 -19.083 
0.0294009 0.0770333 0.00233704 0.000753093 -0.172858 0.308236 0.000632441 0.73109 -0.158972 0.0276719 0.000414108 0.00114521 0.0311387 -0.144455 0 0 0.383975 -0.349066 0.0111973 0 -24.4564 266.973 -35.9906 -0.0135752 0.0702159 -0.035338 0.0783997 -98.162 -19.083 
0.0302651 0.0801996 0.000747952 0 -0.174438 0.312417 0 0.725297 -0.159449 0.0325601 0 0 0.031453 -0.143302 0 0 0.387899 -0.349066 0 0 -24.1023 266.7 -36.0176 -0.0135752 0.0702159 -0.035338 0.0783997 -98.162 -19.083 
0.030056 0.0792821 0.000624734 0 -0.174452 0.313777 0 0.686118 -0.159379 0.0373604 0 0.0054039 0.0309444 -0.143178 0 0 0.388149 -0.349066 0 0 -23.9335 266.467 -36.1102 -0.0135752 0.0702159 -0.035338 0.0783997 -98.162 -19.083 
0.0283369 0.0788367 0.000108823 0 -0.174533 0.316238 0 0.690192 -0.159357 0.0382434 0 0.00534856 0.0213235 -0.144057 0 0 0.387469 -0.349066 0 0 -23.7213 266.254 -36.0889 -0.0135752 0.0702159 -0.035338 0.0783997 -98.162 -19.083 
0.0313813 0.0716803 9.67133e-006 0 -0.174533 0.317202 0 0.657501 -0.164964 0.0406149 0 0 0.01895 -0.143623 0 0 0.393943 -0.349066 0 0 -23.676 266.065 -35.9429 -0.0135752 0.0702159 -0.035338 0.0783997 -98.162 -19.083 
0.0224636 0.0760487 0.0210695 0 -0.173885 0.324613 0 0.666447 -0.16562 0.0359974 0 0 0.0139637 -0.137948 0 0 0.352403 -0.348899 0 0 -23.6328 265.992 -35.7174 -0.0135752 0.0702159 -0.035338 0.0783997 -98.162 -19.083 
0.0252913 0.0761761 0.0134155 0 -0.174347 0.342893 0 0.663942 -0.163535 0.0290409 0 0 0.0149441 -0.135753 0 0 0.341341 -0.349011 0 0 -23.5869 265.838 -35.4555 -0.0135752 0.0702159 -0.035338 0.0783997 -98.162 -19.083 
0.0172993 0.0746278 0.018593 0 -0.174533 0.349066 0 0.675838 -0.163569 0.0270619 0 0 0.022865 -0.123099 0 0 0.346982 -0.349034 0 0 -23.5996 265.696 -35.3192 -0.0135752 0.0702159 -0.035338 0.0783997 -98.162 -19.083 
0.0162943 0.0873899 0.0194078 2.00274e-005 -0.174161 0.349066 0 0.672819 -0.1576 0.0176854 0 0 0.0171664 -0.12784 0 0.0136235 0.370135 -0.349066 0 0 -23.9364 269.901 -35.5685 -0.0137955 0.0713552 -0.0359113 0.0783997 -98.162 -19.083 
0.0179437 0.0851848 0.00417803 1.83191e-005 -0.17415 0.349066 0 0.687051 -0.160842 0.015318 0 0 0.0114862 -0.126463 0 7.44947e-005 0.324853 -0.349066 0 0 -23.3848 265.522 -34.2351 -0.0137955 0.0713552 -0.0359113 0.0783997 -98.162 -19.083 
0.0151308 0.0834275 6.81295e-006 0 -0.171557 0.349066 0 0.695773 -0.164337 0.0146188 0 0 -0.00327989 -0.113653 0 0 0.288552 -0.349066 0 0 -23.3249 265.473 -34.0707 -0.0137955 0.0713552 -0.0359113 0.0783997 -98.162 -19.083 
0.0117858 0.086503 0 0 -0.171341 0.349066 0 0.586782 -0.165916 0.0205973 0 0 -0.0160813 -0.101525 0 0 0.273617 -0.349066 0 0 -23.2548 265.454 -34.0369 -0.0137955 0.0713552 -0.0359113 0.0783997 -98.162 -19.083 
0.018668 0.0865677 0 0 -0.174533 0.349066 0 0.476304 -0.164046 0.0315741 0 0 -0.0120092 -0.0913742 0 0 0.267025 -0.349066 0 0 -23.2636 265.415 -33.5113 -0.0137955 0.0713552 -0.0359113 0.0783997 -98.162 -19.083 
0.016376 0.0919487 0.0108799 0 -0.174533 0.349066 0.0289622 0.461029 -0.167507 0.0587678 0 0.526802 0.00510214 -0.0669646 0.0202142 0 0.283792 -0.349066 0 0.00195565 -23.2633 265.382 -33.3992 -0.0137955 0.0713552 -0.0359113 0.0783997 -98.162 -19.083 
0.0178108 0.089761 0.00216371 0.256069 -0.174533 0.349066 0.0121679 1.37894 -0.16702 0.0545622 0 1.32312 0.0321753 -0.0558 0.0223524 0 0.304512 -0.348483 0.00270968 0.000351435 -23.1804 265.366 -33.1419 -0.0137955 0.0713552 -0.0359113 0.0783997 -98.162 -19.083 
0.0252849 0.0927788 0 0.5668 -0.158227 0.349066 0 1.5708 -0.174533 0.0770753 0.0057971 1.5708 0.0111423 -0.00962395 0 1.50097 0.390475 -0.349066 0.166685 0.118295 -23.3172 270.23 -33.2667 -0.014048 0.0726612 -0.0365686 0.0783997 -98.162 -19.083 
-0.174533 0.128407 0.0481003 1.5708 -0.174533 0.349066 0.722689 1.5708 -0.174533 0.0976876 0.789439 1.5085 -0.174043 0.100622 0.747401 1.5708 0.11168 -0.349066 0.80512 0.13774 -23.1179 268.715 -32.6107 -0.0142242 0.0735726 -0.0370273 0.0783997 -98.162 -19.083 
-0.173729 0.149841 0.0714607 1.5708 -0.174533 0.346209 1.03191 1.5708 -0.0981989 0.102792 1.06815 1.5708 -0.174527 0.232234 1.05144 1.5708 0.0439719 -0.22637 1.06653 0.231385 -22.5119 265.52 -31.6671 -0.0142242 0.0735726 -0.0370273 0.0783997 -98.162 -19.083 
-0.174533 0.115015 0 1.5708 -0.153672 0.349066 1.16267 1.5708 -0.174533 0.223818 1.49989 0 -0.174533 0.322624 1.10045 1.5708 -0.174008 -0.349066 1.59966 0 -22.8042 271.988 -31.8354 -0.0145458 0.0752361 -0.0378645 0.0783997 -98.162 -19.083 
-0.174533 0.147908 0.117358 1.5708 -0.174533 0.349066 1.5374 1.5708 -0.140922 0.303718 1.68458 0 -0.174533 0.343124 1.49238 1.5708 -0.0981288 -0.349066 1.74533 0.612048 -22.4001 271.096 -31.1455 -0.0148021 0.0765619 -0.0385318 0.0783997 -98.162 -19.083 
-0.0911175 0.162103 0.235842 1.5708 -0.165633 0.349066 1.74533 1.5708 -0.0367206 0.349066 1.74533 0 -0.174533 0.349066 1.73206 1.5708 -0.167152 -0.349066 1.74533 0.721372 -22.3695 271.294 -27.802 -0.0150546 0.0778675 -0.0391888 0.0783997 -98.162 -19.083 
0.00595859 0.117091 0.317597 1.5708 -0.174533 0.349066 1.74533 1.5708 0.313749 0.349066 1.74533 0.00672636 -0.174533 0.349066 1.74533 1.5708 0.18403 -0.212466 1.74533 0.517203 -22.1071 267.386 -26.4758 -0.0150745 0.0779708 -0.0392408 0.0783997 -98.162 -19.083 
0.140732 0.158892 0.373791 1.5708 -0.174533 0.349066 1.74533 1.5708 0.537366 0.349066 1.74533 1.5708 -0.174533 0.349066 1.74533 1.22458 0.350957 0.325158 1.73945 0.638308 -23.2563 278.199 -27.4886 -0.0156943 0.0811763 -0.0408541 0.0783997 -98.162 -19.083 
0.242787 0.146001 0.386539 1.5708 -0.129752 0.349066 1.74267 1.56952 0.599361 0.335497 1.7171 1.5708 -0.173933 0.348329 1.74419 0.876433 0.59598 0.345806 1.74533 1.07547 -23.3284 278.634 -27.5232 -0.0163608 0.0846236 -0.042589 0.0783997 -98.162 -19.083 
0.380164 0.0992352 0.233616 1.09546 0.429901 0.315289 1.74533 1.43824 0.577872 0.348093 1.7448 0.798956 -0.12898 0.341143 1.68228 1.01103 0.697274 0.317634 1.74468 1.38656 -24.3672 287.603 -28.441 -0.0176008 0.0910373 -0.0458169 0.0783997 -98.162 -19.083 
0.624066 -0.105888 0 1.10661 0.764439 0.349066 1.74533 1.5708 0.776567 0.349066 1.26038 1.5708 0.49875 0.349066 1.65312 1.5708 0.907728 0.32149 1.64595 1.5708 -24.3005 283.636 -29.3417 -0.0186714 0.0965753 -0.048604 0.0783997 -98.162 -19.083 
0.860798 -0.20944 0.0371736 0.273472 0.92248 0.34906 1.74533 1.5708 0.974145 0.349066 0.859243 1.5708 0.808719 0.349066 1.70917 1.56624 1.18677 0.349066 1.74533 1.44306 -24.7457 289.015 -31.6019 -0.0201784 0.10437 -0.0525268 0.0783997 -98.162 -19.083 
