0.178729 0.230348 0.012669 0.237951 -0.00911019 0.310269 3.15298e-005 0.0164347 -0.0866306 0.0112379 0.0567671 0.101679 0.031683 -0.0871482 0.0011743 0.0252435 0.291663 -0.344081 0.0409291 0.0294318 -24.8545 267.569 -36.192 -0.0191899 0.0232968 -0.0715913 0.0783997 -98.162 -19.083 
0.102267 0.182239 0.0221259 0.295117 -0.0449771 0.349066 0 0.0062723 -0.093694 0.0208221 0.0313533 0.0506715 0.0387808 -0.0691619 0.00195015 0 0.297573 -0.348255 0 0.020695 -24.5887 267.254 -36.0277 -0.00279324 0.0301545 -0.0912618 0.0783997 -98.162 -19.083 
0.0959918 0.183003 0.0202097 0.301543 -0.0450479 0.349065 0.00131725 0.0434128 -0.102821 0.0313659 0.0230082 0.0435533 0.0421234 -0.0692231 0.000674547 0.00269174 0.309196 -0.348623 5.86969e-009 0.0163416 -24.4564 266.973 -35.9906 -0.00159468 0.0364849 -0.0884694 0.0783997 -98.162 -19.083 
0.0891882 0.178571 0.019865 0.293926 -0.0597521 0.349066 0.000466601 0.0387831 -0.107711 0.0378499 0.017525 0.0404937 0.0414549 -0.0697199 0 0.00173513 0.298916 -0.348188 0 0.0038722 -24.1023 266.7 -36.0176 0.00343231 0.0377301 -0.0886076 0.0783997 -98.162 -19.083 
0.0896789 0.178451 0.0205549 0.306405 -0.0694887 0.349066 0.000194052 0.0298269 -0.117455 0.0356408 0.00805211 0.0328938 0.032219 -0.0588527 0 0.000444932 0.289543 -0.348956 0.00385609 0.000690455 -23.9335 266.467 -36.1102 0.00688486 0.0350407 -0.0912884 0.0783997 -98.162 -19.083 
0.082433 0.1764 0.0200706 0.301709 -0.0822281 0.349066 0.00024965 0.0151158 -0.130216 0.0371367 0.00752007 0.0308831 0.0295619 -0.0559507 0 0 0.29358 -0.349041 0.00392442 0.000380756 -23.7213 266.254 -36.0889 0.00673923 0.0359932 -0.0899147 0.0783997 -98.162 -19.083 
0.0751387 0.175445 0.00743614 0.320741 -0.0896726 0.349066 0.000176621 0.00416288 -0.137312 0.0531897 0.00465911 0.029051 0.0151993 -0.0544711 0 0 0.279137 -0.349065 0.00184618 3.58202e-005 -23.676 266.065 -35.9429 0.011915 0.0384235 -0.0897205 0.0783997 -98.162 -19.083 
0.0646965 0.178049 0.0043751 0.318322 -0.101698 0.349066 1.78131e-005 0.000749413 -0.145074 0.0530682 0.00276988 0.0265097 0.0113129 -0.0543082 3.7935e-005 0.000887525 0.271464 -0.349066 0.000754563 8.2898e-006 -23.6328 265.992 -35.7174 0.0185839 0.0428548 -0.0887912 0.0783997 -98.162 -19.083 
0.0625526 0.172368 0.0026931 0.30038 -0.104029 0.349066 0 0.0115673 -0.151703 0.0577173 0.000765872 0.027172 0.00129712 -0.0536378 0.000195639 0.00995578 0.266128 -0.349066 1.91569e-007 0 -23.5869 265.838 -35.4555 0.0182701 0.04217 -0.0871857 0.0783997 -98.162 -19.083 
0.0501216 0.167684 0 0.294192 -0.115704 0.349066 0 0.00665439 -0.158314 0.0645532 0 0.0218804 0.000805864 -0.0497595 0 0.00292697 0.253219 -0.349066 0 0.00139081 -23.5996 265.696 -35.3192 0.0199902 0.0461396 -0.0875029 0.0783997 -98.162 -19.083 
0.0397679 0.162638 0 0.311242 -0.136928 0.349066 0 0.00181252 -0.172104 0.0685959 0 0.0233264 -0.0232897 -0.0469712 0 2.07434e-005 0.22868 -0.349066 0 0.00151991 -23.5542 265.592 -35.0006 0.0273784 0.0458751 -0.0870165 0.0783997 -98.162 -19.083 
0.0315625 0.164362 0 0.312379 -0.141442 0.349066 0 0.000122905 -0.174307 0.0712907 0 0.0444342 -0.0270899 -0.0473737 0 4.15535e-007 0.223018 -0.349066 0 0.000300596 -23.3848 265.522 -34.2351 0.024396 0.0478864 -0.085806 0.0783997 -98.162 -19.083 
0.016396 0.165014 0 0.321889 -0.141601 0.349066 0 7.2554e-008 -0.174533 0.079683 0.000216133 0.0282717 -0.0272206 -0.0360466 0 0.000115092 0.223368 -0.349066 0 7.43019e-007 -23.3249 265.473 -34.0707 0.0192663 0.0514454 -0.0891494 0.0783997 -98.162 -19.083 
0.0141968 0.164722 0 0.312728 -0.151203 0.349066 4.47124e-005 0.00163851 -0.174533 0.0814286 0.000826335 0.0265311 -0.0355609 -0.0264757 0 0.0389253 0.225386 -0.349066 0.0001991 0.000423345 -23.2548 265.454 -34.0369 0.0180579 0.0537502 -0.090486 0.0783997 -98.162 -19.083 
0.0108863 0.162548 0.00356768 0.318112 -0.15733 0.348608 0.00595602 0.00239364 -0.174533 0.0831991 0.00757336 0.104753 -0.0357881 -0.0220918 0.00371346 0.0389804 0.229324 -0.348516 0.00274541 0 -23.2636 265.415 -33.5113 0.01487 0.0560867 -0.0850591 0.0783997 -98.162 -19.083 
0.0319475 0.146477 0.00353477 0.331556 -0.163114 0.349066 0.00426238 0.179616 -0.174143 0.0786435 0.0679861 0.284061 -0.0332456 -0.0100928 0.0239819 0.148788 0.240876 -0.342175 0.0234497 0.0739257 -23.2633 265.382 -33.3992 0.0117384 0.052981 -0.0756942 0.0783997 -98.162 -19.083 
0.0261258 0.136776 0.013232 0.375158 -0.16511 0.345157 0.0150074 1.12415 -0.154725 0.0740208 0.156659 0.897861 -0.0182636 0.00254867 0.0524509 0.573143 0.244667 -0.341321 0.126947 0.0548133 -23.1804 265.366 -33.1419 -0.012944 0.0519443 -0.0564938 0.0783997 -98.162 -19.083 
0.04039 0.154958 0.0249821 0.709852 -0.138374 0.335611 0.494235 1.1374 -0.170478 0.0768319 0.481546 1.24713 0.0343686 0.0223683 0.236462 1.13646 0.266373 -0.345558 0.124417 0.0487085 -22.8981 265.373 -32.6687 -0.0368235 0.0222915 -0.0445818 0.0783997 -98.162 -19.083 
0.0806797 0.103187 0.008006 0.850917 -0.0862499 0.301287 0.757045 1.37372 -0.0129457 0.212223 0.75797 1.30867 0.246296 0.0466398 0.383316 1.19639 0.281122 -0.348723 0.613176 0.119834 -22.8315 265.386 -32.2067 -0.094716 -0.00961223 -0.00970561 0.0783997 -98.162 -19.083 
0.0330001 0.096742 0.120391 0.649538 0.0364022 0.297253 0.931942 1.42844 0.0436427 0.122341 1.10257 1.39469 0.239837 0.0452932 0.832902 1.13532 0.266958 -0.247096 0.829289 0.707192 -22.5119 265.52 -31.6671 -0.166929 -0.0195462 0.0440531 0.0783997 -98.162 -19.083 
0.0155041 0.0541107 0.130338 0.732359 0.0560128 0.249206 0.953235 1.46575 0.117913 0.0961837 1.2764 1.37833 0.321507 0.0514566 0.934924 1.203 0.306692 -0.258915 1.22764 0.593318 -22.3 265.974 -31.1315 -0.131968 0.00157259 0.0475351 0.0783997 -98.162 -19.083 
-0.0437119 0.0854802 0.41496 0.787132 0.282948 0.186103 1.17636 1.48381 0.267535 0.0870029 1.41777 1.30492 0.453144 0.0472281 1.15387 1.16344 0.514052 -0.178715 1.14061 0.950576 -22.0122 266.402 -30.6062 -0.216523 -0.0419193 0.0457152 0.0783997 -98.162 -19.083 
0.052261 0.098537 0.376417 0.968661 0.251064 0.164414 1.47508 1.50198 0.3157 0.0399299 1.53047 1.40473 0.329314 0.0389527 1.46596 1.18453 0.586749 -0.152413 1.24671 0.937594 -21.9944 266.745 -27.3359 -0.176639 -0.0431693 0.0453015 0.0783997 -98.162 -19.083 
0.0828051 0.0907874 0.40532 1.09854 0.319283 0.141019 1.68557 1.49112 0.331743 0.0195591 1.59256 1.42611 0.397277 -0.00266794 1.42222 1.02314 0.65575 -0.166326 1.37942 1.29753 -22.0778 267.032 -26.4407 -0.173244 -0.0359982 0.0510102 0.0783997 -98.162 -19.083 
0.16433 0.154169 0.618647 0.926032 0.373495 -0.0399692 1.744 1.54204 0.559421 0.034003 1.62245 1.51018 0.667298 -0.0843764 1.63386 1.44739 0.903506 -0.135538 1.46991 1.44229 -22.338 267.214 -26.4032 -0.194575 -0.0218786 0.122457 0.0783997 -98.162 -19.083 
0.15368 0.154549 0.620897 0.952691 0.387324 -0.0355352 1.74214 1.51838 0.554928 0.0256524 1.61931 1.50568 0.679631 -0.0812321 1.69279 1.52801 0.987613 -0.129724 1.55355 1.54664 -22.3781 267.283 -26.402 -0.194001 -0.0204949 0.123373 0.0783997 -98.162 -19.083 
0.249531 0.131295 0.639457 0.868681 0.410154 -0.0185844 1.70587 1.49625 0.652778 -0.00688425 1.6142 1.49107 0.715383 -0.0821246 1.69685 1.53455 1.03657 -0.144844 1.50358 1.52389 -22.6505 267.341 -26.4373 -0.164944 -0.00541804 0.168447 0.0783997 -98.162 -19.083 
0.0484252 -0.0244349 0.592579 1.05779 0.238078 -0.173155 1.69856 1.47605 0.775965 -0.0897681 1.52386 1.49916 0.973251 -0.125674 1.73581 1.52191 1.17929 -0.194911 1.53341 1.44723 -22.907 267.371 -27.6591 -0.0890296 0.0373312 0.33923 0.0783997 -98.162 -19.083 
0.0288435 -0.0728278 0.636504 1.06934 0.416988 -0.229163 1.73507 1.54494 0.888736 -0.123753 1.64171 1.54112 1.03487 -0.104134 1.74499 1.55378 1.33326 -0.195436 1.58613 1.39723 -22.8977 267.431 -29.2418 -0.0914962 0.063482 0.370361 0.0783997 -98.162 -19.083 
-0.0130267 -0.135556 0.675161 0.97925 0.585198 -0.262901 1.73526 1.48867 0.981059 -0.119161 1.68143 1.56583 1.0571 -0.108139 1.73758 1.56035 1.42958 -0.19423 1.58786 1.37686 -25.4453 267.424 -29.3889 -0.0886225 0.0686292 0.432251 0.0783997 -98.162 -19.083 
-0.00258601 -0.116697 0.755016 0.899238 1.00555 -0.0989487 1.67626 1.45784 1.12014 -0.0801569 1.72096 1.48397 1.09502 0.00465952 1.74238 1.45709 1.51029 -0.233133 1.68337 1.41713 -27.1012 266.995 -28.9755 -0.183452 0.0817422 0.432482 0.0783997 -98.162 -19.083 
-0.00463409 -0.139861 0.746957 0.926765 1.1882 -0.148395 1.68954 1.52252 1.23601 -0.05643 1.72672 1.53779 1.25636 0.0346262 1.74513 1.4653 1.5638 -0.246686 1.67875 1.46402 -27.6593 266.26 -28.5414 -0.208731 0.0856705 0.481714 0.0783997 -98.162 -19.083 
-0.0409546 -0.123587 0.841451 0.708731 1.17836 -0.166397 1.69325 1.56816 1.24861 -0.111146 1.7159 1.55584 1.32057 0.0473341 1.7452 1.35161 1.5708 -0.261471 1.64734 1.07728 -27.6724 265.851 -28.4051 -0.223827 0.109406 0.534013 0.0783997 -98.162 -19.083 
-0.0289393 -0.165811 0.824502 0.731613 1.22743 -0.152252 1.66941 1.57034 1.32729 -0.114238 1.69896 1.56792 1.38613 0.0531185 1.74527 1.34102 1.57078 -0.262058 1.69214 1.09139 -27.576 264.996 -28.3289 -0.25645 0.109002 0.560125 0.0783997 -98.162 -19.083 
-0.0337859 -0.20944 0.85949 0.706589 1.26418 -0.154132 1.68536 1.57075 1.32693 -0.106079 1.72238 1.56902 1.47376 0.0668112 1.74518 1.34792 1.5699 -0.269294 1.7077 1.10903 -27.5313 264.294 -28.1524 -0.263383 0.10818 0.561727 0.0783997 -98.162 -19.083 
-0.0106466 -0.202318 0.902329 0.659918 1.27905 -0.149915 1.64876 1.56699 1.35396 -0.064715 1.71956 1.56065 1.51728 0.152544 1.72739 1.38518 1.56983 -0.276638 1.6985 1.07666 -27.3421 263.495 -27.9147 -0.270408 0.0664001 0.555383 0.0783997 -98.162 -19.083 
-0.000100935 -0.202163 0.905819 0.67629 1.27542 -0.148827 1.67262 1.56958 1.35534 -0.0672393 1.73181 1.55977 1.5708 0.151114 1.73844 1.38608 1.57074 -0.278235 1.7044 1.06156 -27.342 263.003 -27.2908 -0.275528 0.0667846 0.551353 0.0783997 -98.162 -19.083 
-0.00810494 -0.208633 0.879369 0.66858 1.28101 -0.148454 1.69813 1.56958 1.33001 -0.0541822 1.73998 1.56869 1.5708 0.151215 1.74533 1.39376 1.5708 -0.288152 1.74318 1.04871 -27.4746 262.635 -26.7122 -0.298446 0.0527251 0.560745 0.0783997 -98.162 -19.083 
0.0138497 -0.208207 0.865817 0.518568 1.28433 -0.10852 1.71052 1.55089 1.30342 -0.0636579 1.73326 1.55547 1.57078 0.153291 1.74364 1.39163 1.57068 -0.300034 1.69917 1.02435 -28.1635 262.233 -26.098 -0.296968 0.0336442 0.540427 0.0783997 -98.162 -19.083 
0.0146826 -0.206315 0.819789 0.5828 1.16899 -0.12181 1.67852 1.558 1.23781 -0.0678039 1.71522 1.51513 1.56925 0.111266 1.69967 1.36095 1.5676 -0.288872 1.73957 1.0042 -26.6446 262.103 -26.7354 -0.28267 0.0534867 0.562179 0.0783997 -98.162 -19.083 
0.0234629 -0.20944 0.782844 0.645763 1.14672 -0.0784451 1.74533 1.5708 1.24941 -0.078499 1.74482 1.55335 1.57056 0.11193 1.72917 1.43834 1.56942 -0.292038 1.74521 1.21276 -25.4094 262.026 -26.8974 -0.283515 0.0541661 0.572934 0.0783997 -98.162 -19.083 
0.142248 -0.208713 0.616873 0.843163 1.04055 -0.123202 1.74533 1.56703 1.18749 -0.111533 1.74464 1.56592 1.5697 0.244496 1.73366 1.38604 1.47776 -0.226312 1.70466 1.05561 -24.6774 262.166 -26.8084 -0.35125 0.0635553 0.516223 0.0783997 -98.162 -19.083 
0.108193 -0.175306 0.632091 0.844004 1.00548 -0.115789 1.66299 1.57064 1.01961 -0.151345 1.74533 1.49313 1.48362 0.18906 1.71041 1.45563 1.52539 -0.248828 1.72651 0.716841 -23.9111 263.031 -25.9663 -0.407488 0.101589 0.536749 0.0783997 -98.162 -19.083 
-0.0195759 -0.145625 0.623422 0.85041 0.84828 -0.125958 1.72868 1.57009 0.966028 -0.178666 1.74533 1.48993 1.3836 0.0596811 1.70258 1.44791 1.55837 -0.287372 1.74438 0.625307 -23.4498 263.989 -25.2689 -0.452177 0.111117 0.529297 0.0783997 -98.162 -19.083 
-0.0316638 -0.147018 0.582591 0.846425 0.818388 -0.149654 1.73019 1.57008 1.05836 -0.182578 1.74533 1.45218 1.30562 0.0352845 1.72746 1.50373 1.56826 -0.298232 1.74457 0.527591 -23.298 264.731 -25.0287 -0.474285 0.132938 0.484886 0.0783997 -98.162 -19.083 
-0.0501758 -0.140299 0.535242 0.832442 0.810337 -0.195078 1.74071 1.57068 1.00739 -0.199931 1.70629 1.47137 1.20632 0.0651535 1.74508 1.47962 1.5177 -0.288853 1.72797 0.418011 -22.7179 265.842 -23.6148 -0.449899 0.147841 0.450052 0.0783997 -98.162 -19.083 
-0.0589707 -0.133048 0.502931 0.822514 0.738618 -0.178854 1.73816 1.5708 0.992233 -0.199961 1.63513 1.52971 1.16183 0.0296217 1.73645 1.50263 1.46243 -0.2558 1.72983 0.662915 -22.433 266.861 -22.4361 -0.455175 0.155 0.429912 0.0783997 -98.162 -19.083 
-0.0763258 -0.124068 0.55793 0.621772 0.716094 -0.172409 1.66686 1.54929 0.812794 -0.198959 1.66806 1.55679 1.10256 0.0309344 1.74013 1.53949 1.41488 -0.280557 1.72138 0.896186 -22.0944 267.812 -20.9195 -0.466954 0.127628 0.417185 0.0783997 -98.162 -19.083 
-0.0521282 -0.122308 0.470949 0.631719 0.527021 -0.136021 1.68734 1.41611 0.723191 -0.141135 1.6309 1.51151 0.917652 -0.0217328 1.6097 1.52887 1.45872 -0.309298 1.68421 1.15175 -21.1857 269.579 -21.4711 -0.48701 0.13894 0.384658 0.0783997 -98.162 -19.083 
-0.0633291 -0.122158 0.436835 0.58421 0.388399 -0.160286 1.50391 1.46032 0.603078 -0.150946 1.62077 1.5708 0.931226 -0.0879346 1.56061 1.5708 1.47379 -0.331514 1.74268 1.16511 -20.3577 271.513 -21.4306 -0.479449 0.167559 0.379968 0.0783997 -98.162 -19.083 
-0.0809737 -0.0450649 0.479118 0.484948 0.467858 -0.106155 1.43205 1.51458 0.511604 -0.165962 1.69224 1.56633 0.774665 -0.120578 1.6183 1.56031 1.4023 -0.322084 1.7247 1.49487 -20.1792 272.571 -22.1071 -0.502174 0.182048 0.340229 0.0783997 -98.162 -19.083 
-0.0684367 -0.0136617 0.510703 0.495381 0.441745 -0.145089 1.43458 1.54557 0.457868 -0.161293 1.66404 1.56995 0.716862 -0.142439 1.68599 1.5417 1.36968 -0.310037 1.73257 1.53599 -19.8987 273.123 -22.1112 -0.52142 0.212615 0.32108 0.0783997 -98.162 -19.083 
-0.145042 0.0159249 0.480541 0.458829 0.360698 -0.117925 1.39391 1.53253 0.301796 -0.16371 1.62482 1.56665 0.451474 -0.179362 1.67622 1.56952 1.37372 -0.312204 1.69715 1.4956 -19.3101 273.983 -22.3303 -0.479726 0.270444 0.292101 0.0783997 -98.162 -19.083 
-0.159237 0.0365017 0.476144 0.474596 0.303373 -0.0866761 1.44155 1.57065 0.249982 -0.138024 1.36966 1.57006 0.396715 -0.193345 1.63502 1.57077 1.38301 -0.319932 1.69517 1.5376 -18.9698 274.241 -22.4734 -0.4744 0.260356 0.261876 0.0783997 -98.162 -19.083 
-0.168017 0.0312821 0.502002 0.507537 0.222604 -0.0845865 1.43713 1.5708 0.275804 -0.1366 1.21313 1.56867 0.407571 -0.204386 1.3708 1.56974 1.31543 -0.334267 1.6952 1.52982 -18.7071 274.439 -22.68 -0.486093 0.253321 0.248794 0.0783997 -98.162 -19.083 
-0.147208 0.0426654 0.464205 0.462871 0.215257 -0.0667857 1.00451 1.55379 0.257632 -0.118414 1.11541 1.5581 0.340767 -0.219707 1.20967 1.5708 1.29941 -0.319693 1.71759 1.5191 -18.4231 274.598 -22.7974 -0.459598 0.277189 0.242867 0.0783997 -98.162 -19.083 
-0.124129 0.029666 0.453791 0.445508 0.195735 -0.0525701 0.883558 1.56034 0.263295 -0.109385 1.04576 1.55749 0.339256 -0.234326 1.14224 1.57053 1.23853 -0.323606 1.73839 1.50961 -18.1366 274.768 -22.8533 -0.448705 0.263122 0.229581 0.0783997 -98.162 -19.083 
-0.108089 0.0381707 0.445417 0.465314 0.20152 -0.0626534 0.855239 1.569 0.249902 -0.105487 0.969554 1.55567 0.322448 -0.234242 1.12173 1.57072 1.24981 -0.3367 1.74533 1.55683 -18.0602 274.821 -22.8529 -0.43085 0.242444 0.217446 0.0783997 -98.162 -19.083 
-0.100595 0.0344854 0.431659 0.384578 0.213172 -0.0568256 0.868648 1.5708 0.251383 -0.11365 0.865121 1.55685 0.324605 -0.236158 1.0125 1.56773 1.24496 -0.337783 1.73824 1.50694 -17.6654 274.897 -22.9844 -0.423611 0.246755 0.215444 0.0783997 -98.162 -19.083 
-0.102652 0.0537092 0.464913 0.313975 0.170092 -0.0618073 0.881493 1.5708 0.239973 -0.134283 0.727985 1.5519 0.296214 -0.236748 0.956262 1.56823 1.23749 -0.347073 1.72371 1.50621 -16.964 274.93 -23.1363 -0.398812 0.233736 0.206397 0.0783997 -98.162 -19.083 
-0.116865 0.0552372 0.449681 0.315885 0.172398 -0.0532911 0.707532 1.5708 0.232811 -0.139708 0.652382 1.57028 0.284693 -0.249015 0.918954 1.56928 1.2338 -0.349066 1.72712 1.51095 -16.4664 274.936 -23.5221 -0.379573 0.231663 0.197832 0.0783997 -98.162 -19.083 
-0.117211 0.0754938 0.447308 0.26414 0.163602 -0.0371081 0.599802 1.5708 0.215727 -0.165517 0.538619 1.57045 0.280965 -0.240273 0.87329 1.54121 1.222 -0.344099 1.72691 1.48185 -16.1736 274.884 -23.8352 -0.36355 0.238657 0.197744 0.0783997 -98.162 -19.083 
-0.103349 0.12274 0.442054 0.224384 0.142991 -0.00935025 0.525428 1.56507 0.165404 -0.159304 0.460885 1.5692 0.225566 -0.236563 0.834488 1.53809 1.19663 -0.347916 1.72872 1.51039 -16.0554 274.764 -23.9751 -0.32301 0.246902 0.177126 0.0783997 -98.162 -19.083 
-0.117028 0.15241 0.46919 0.0892001 0.114535 0.00113488 0.39995 1.56934 0.144747 -0.15407 0.338678 1.517 0.205145 -0.280103 0.821318 1.55241 1.13295 -0.313381 1.73477 1.51575 -15.9626 274.617 -24.0026 -0.289591 0.260305 0.162825 0.0783997 -98.162 -19.083 
-0.119516 0.154163 0.456271 0.0844051 0.11777 0.000866449 0.370571 1.5708 0.13672 -0.15771 0.243965 1.52424 0.20258 -0.286953 0.82725 1.56363 1.12579 -0.316 1.74515 1.54079 -15.8484 274.05 -24.3345 -0.281949 0.262091 0.163845 0.0783997 -98.162 -19.083 
-0.119905 0.162937 0.463282 0.0808675 0.121417 0.00717544 0.349827 1.5708 0.123395 -0.164624 0.23686 1.55582 0.200918 -0.284219 0.773553 1.56484 1.12045 -0.315684 1.74533 1.53992 -15.7773 273.719 -24.4498 -0.275292 0.261431 0.165744 0.0783997 -98.162 -19.083 
