0.282978 0.087568 0.0325867 0.00400042 -0.0307385 0.319237 0.433045 0.0202307 -0.070666 0.13176 0.208634 0.458983 -0.037538 0.110785 0.0369937 0.895172 0.107151 -0.349066 0.0914954 0.931918 -6.67699 275.002 -19.4193 0.0320767 -0.0599875 0.00230717 -2.2549 -99.452 -10.209 
0.245789 0.0786563 0.00561176 0.157322 -0.0502263 0.321163 0.0279823 0.00195765 -0.174533 0.164284 0.0331419 0.530119 -0.0820994 0.0710066 0.00014355 0.348026 0.0965516 -0.349066 0.0419534 0 -5.39048 276.15 -18.7653 0.144669 -0.0187669 -0.00187791 -2.2549 -99.452 -10.209 
0.224145 0.0879965 0.0101539 0.0918229 -0.0515964 0.312962 0 0 -0.153091 0.176807 0.0258713 0 -0.0414158 0.0436994 0 0.099544 0.0964094 -0.349066 0 0 -5.64054 276.537 -19.1329 0.161648 -0.00919632 -0.0125132 -2.2549 -99.452 -10.209 
0.224145 0.0879965 0.0101539 0.0918229 -0.0438001 0.312962 0 0 -0.138504 0.169048 0.0160255 0 -0.0265506 0.0302665 0.0266825 0 0.110324 -0.349066 0 0 -5.64054 276.537 -19.1329 0.161648 -0.00919632 -0.0125132 -2.2549 -99.452 -10.209 
0.224145 0.0879965 0.0101539 0.120341 -0.0438001 0.312962 0 0 -0.138504 0.167613 0.0160255 0.0627986 -0.0265506 0.0302665 0.0266825 0 0.110324 -0.348548 0.0207728 0 -5.64054 276.537 -19.1329 0.161648 -0.00919632 -0.0125132 -2.2549 -99.452 -10.209 
0.224741 0.0879766 0.0149421 0.121326 -0.0499288 0.314542 0 0 -0.139238 0.163553 0.0228284 0.0621559 -0.0455188 0.0370211 0.0398002 0 0.108852 -0.348549 0.0185178 0 -5.63741 276.542 -19.1263 0.16178 -0.00906774 -0.0125732 -2.2549 -99.452 -10.209 
0.224445 0.0882139 0.0221725 0.119734 -0.0501093 0.315411 0 0 -0.165251 0.162371 0.0222409 0.196989 -0.0454846 0.0382826 0.000534706 0 0.108729 -0.348551 0.0189203 0 -5.63851 276.514 -19.1237 0.161687 -0.0090589 -0.0124969 -2.2549 -99.452 -10.209 
0.225178 0.0882729 0.031475 0.119952 -0.0530095 0.325889 0.00611851 0.00324461 -0.174533 0.16268 0.0227222 0.192571 -0.0592326 0.038179 0.000534459 0 0.0880545 -0.348651 0.0502736 0 -5.63576 276.514 -19.1202 0.161697 -0.0091023 -0.012434 -2.2549 -99.452 -10.209 
0.244067 0.0981017 0.0200955 0.183808 -0.0535574 0.349066 0.0027041 0 -0.174533 0.162765 0 0.237053 -0.0833431 0.0417256 0.00900536 0.100711 0.111578 -0.349066 0 0 -5.67552 276.923 -19.1712 0.160434 -0.0107516 -0.0111899 -2.2549 -99.452 -10.209 
0.243302 0.10977 0.0138499 0.242517 -0.0654725 0.349066 0 0 -0.174533 0.161275 0.00358199 0.156005 -0.11128 0.0519081 0.00670148 0.14483 0.101719 -0.349066 0.0551067 0.0355947 -5.36324 278.739 -19.4244 0.164025 -0.00418009 -0.00751267 -2.2549 -99.452 -10.209 
0.23213 0.157851 0 0.429065 -0.0667071 0.348696 0 0 -0.174533 0.177588 0.0030365 0.0880626 -0.111791 0.0770688 0 0.0459014 0.0834109 -0.339994 0.0698493 0 -5.28374 278.416 -27.5511 0.169082 0.00505194 -0.0197231 -2.2549 -99.452 -10.209 
0.304078 0.164643 0 0.393897 -0.0974112 0.349066 0.0530741 0.412842 -0.174533 0.208647 0.00660806 0.158215 -0.110079 0.110024 0.0252801 0 0.027132 -0.339249 0.150145 0.196103 -5.2391 279.323 -35.0321 0.168715 0.00409439 -0.0201736 -2.2549 -99.452 -10.209 
0.170268 0.251487 0.000755364 1.5708 -0.112822 0.349066 0.196663 0.797308 -0.174533 0.202938 0.104573 0.44547 -0.0585494 0.149002 0.0368478 0 0.165943 -0.32036 0.308658 0 -6.11237 275.988 -42.3642 0.118481 0.0861504 0.0110231 -2.2549 -99.452 -10.209 
0.256763 0.347329 0.090493 1.5708 -0.174533 0.332151 0.321864 1.5708 -0.174533 0.349066 0.363375 0.444521 -0.0584002 0.245714 0.122159 0 0.127477 -0.248298 0.473741 0 -6.75083 277.331 -42.5835 0.0993051 0.0940876 -0.007741 -2.2549 -99.452 -10.209 
0.426456 0.349066 0.0618519 1.37718 -0.169389 0.342864 0.417035 1.5708 -0.174533 0.349066 0.5304 0.29758 -0.126157 0.277682 0.400265 0 0.0843951 -0.231723 0.521129 0 -5.91147 278.491 -43.4304 0.101884 0.0663007 0.0121647 -2.2549 -99.452 -10.209 
0.505347 0.349066 0.0876071 1.19793 -0.13738 0.349066 0.42318 1.5708 -0.168324 0.348716 0.677418 0.122257 -0.173354 0.307644 0.425519 0.194189 0.109711 -0.185185 0.521298 0 -5.83715 277.841 -44.0122 0.110023 0.0692599 0.0229785 -2.2549 -99.452 -10.209 
0.589436 0.349066 0.217129 0.772741 -0.159498 0.337506 0.74625 1.5708 -0.143381 0.349066 0.632961 0.159962 -0.163742 0.349066 0.476596 0 0.101369 -0.192987 0.581153 0.015846 -6.37157 278.167 -44.535 0.117817 0.0535946 0.0429825 -2.2549 -99.452 -10.209 
0.604857 0.275525 0.279721 0.671117 -0.171616 0.296415 0.481952 1.57005 -0.174533 0.346998 0.6468 0.0887337 -0.11181 0.330367 0.303631 0.307533 0.167104 -0.221238 0.48133 0.00558842 -12.1469 277.018 -50.4639 0.123925 0.0778541 0.069489 -2.2549 -99.452 -10.209 
0.613954 0.275226 0.354781 0.576799 -0.171252 0.295977 0.349822 1.50209 -0.174533 0.349066 0.57399 0.434511 -0.0837369 0.324521 0.368483 0.174113 0.108477 -0.114513 0.606681 0.00528728 -12.5981 277.146 -52.6746 0.125297 0.0802159 0.0681446 -2.2549 -99.452 -10.209 
0.586654 0.327362 0.493213 0.596885 -0.172625 0.318969 0.385112 1.5708 -0.174533 0.349066 0.747859 0.195624 -0.0647747 0.306132 0.477603 0.0305235 0.20631 -0.15957 0.466435 0.00164273 -14.2512 276.814 -56.6335 0.112068 0.0780161 0.0658952 -2.2549 -99.452 -10.209 
0.62552 0.261217 0.525969 0.560821 -0.171166 0.349066 0.387312 1.5708 -0.174533 0.349066 0.970048 0 -0.0287099 0.29624 0.472632 0 0.284676 -0.155846 0.249675 0.00514775 -14.0069 277.223 -63.1295 0.106184 0.0737397 0.0675734 -2.2549 -99.452 -10.209 
0.649573 0.221288 0.667161 0.169416 -0.141682 0.349066 0.406331 1.46416 -0.14458 0.349066 1.00595 0 0.0132506 0.30117 0.43611 0.0157126 0.340968 -0.158801 0.217278 0.00340108 -13.574 277.184 -64.7265 0.0927878 0.0707108 0.0651475 -2.2549 -99.452 -10.209 
0.73453 0.158757 0.649297 0 -0.0666611 0.349066 0.347753 1.5708 -0.171076 0.349066 1.12137 0.0386539 0.0186631 0.307713 0.458409 0 0.426278 -0.153965 0.0503134 0 -13.4885 277.049 -67.2511 0.0940171 0.0370168 0.0660037 -2.2549 -99.452 -10.209 
0.882824 0.215315 0.592802 0.0182473 -0.0316715 0.349066 0.408544 1.5708 -0.159093 0.349066 1.12819 0.0835294 0.0357731 0.349066 0.388478 0.0856417 0.487633 -0.105965 0.0416481 0 -13.6049 276.448 -68.0698 0.0966237 0.034738 0.065716 -2.2549 -99.452 -10.209 
0.882824 0.215315 0.592802 0.0182473 0.0288222 0.349066 0.469469 1.09884 -0.159093 0.349066 1.12819 0.0835294 0.0623263 0.349066 0.388478 0.0856417 0.53046 -0.105965 0 0 -13.6049 276.448 -68.0698 0.0966237 0.034738 0.065716 -2.2549 -99.452 -10.209 
0.892931 0.216073 0.597478 0.0166081 0.128787 0.329733 0.45312 0.651869 -0.174533 0.349066 1.12845 0.0880193 0.102742 0.349066 0.289313 0.0249578 0.545365 -0.0951511 0 0 -13.6866 276.445 -68.0455 0.0952976 0.0356571 0.0641682 -2.2549 -99.452 -10.209 
0.857571 0.21575 0.590429 0.0010866 0.1894 0.284041 0.461615 0.284076 -0.174533 0.349066 0.981199 0.334807 0.106463 0.334492 0.273712 0.178808 0.540721 -0.117656 0 0 -13.526 276.566 -63.9706 0.0976054 0.0305195 0.0666167 -2.2549 -99.452 -10.209 
0.798814 0.0985617 0.384154 0.101681 0.189018 0.190042 0.34862 0.518652 -0.174533 0.3474 0.953579 0.0836246 0.113851 0.307304 0.268182 0.190454 0.566693 -0.136099 0.00729379 0 -13.4225 275.892 -60.2231 0.104683 0.0787874 0.089222 -2.2549 -99.452 -10.209 
0.682504 0.0772449 0.381053 0.107348 0.165249 0.1922 0.324275 0.409968 -0.172724 0.34702 0.857918 0.0548878 0.12653 0.298916 0.242481 0 0.509676 -0.148128 0 0 -13.863 275.743 -59.6986 0.104494 0.0821612 0.0875952 -2.2549 -99.452 -10.209 
