0.19546 0.271448 0.118403 1.1786 0.175311 0.279589 0.199253 0 0.00199639 0.10292 0 0.646318 -0.0199733 -0.0412929 0.338902 0.264398 -0.124489 -0.349066 0.3332 1.23317 -8.55526 274.166 -15.0751 0.0157375 -0.106575 -0.00790593 -2.2549 -99.452 -10.209 
0.324615 0.195525 0.14922 0.0464661 0.202982 0.349066 0.0924327 0.00587003 0.0314865 0.110735 0.000132388 0.3033 -0.0174881 -0.0694587 0.285674 0.0636711 -0.0157542 -0.349066 0.0170564 1.35366 -7.89298 274.609 -15.4328 0.0203682 -0.110338 -0.0111774 -2.2549 -99.452 -10.209 
0.412035 0.151468 0.0803996 0 0.20046 0.340937 0 0.00973087 0.0266604 0.149283 0 0.260456 0.0228661 0.0149538 0.256159 0 0.0403482 -0.349066 0.311855 0 -7.8782 274.555 -15.2829 0.0252851 -0.102733 -0.0179147 -2.2549 -99.452 -10.209 
0.33468 0.168191 0.205537 0 0.237144 0.316986 0 0 0.021349 0.121533 0.136281 0 0.130286 -0.0123757 0 0 0.24882 -0.349066 0 0 -8.13744 276.964 -16.8245 0.025598 -0.0817813 -0.00842285 -2.2549 -99.452 -10.209 
0.309711 0.191652 0.209492 0 0.213549 0.330688 0 0 -0.00557724 0.130895 0.145327 0.182797 0.138736 0.0174114 0 0 0.250502 -0.349066 0 0 -7.10061 277.503 -17.6269 0.027978 -0.0784173 -0.0121722 -2.2549 -99.452 -10.209 
0.323788 0.167559 0.234413 0.0106259 0.209864 0.322971 0 0 0.021296 0.133814 0.142286 0.0479246 0.122759 0.00367562 0 0 0.253169 -0.349066 0 0 -7.13777 277.631 -17.6316 0.0282132 -0.0787495 -0.01005 -2.2549 -99.452 -10.209 
0.158417 0.129276 0.341767 0 0.0110093 0.320793 0.257018 0 -0.0585817 0.152646 0.214766 0 0.0550112 0.0110175 0.0175014 0.166484 0.278319 -0.349066 0.00715195 0.013915 -7.92899 278.981 -22.3402 0.0518294 -0.00303547 -0.0209765 -2.2549 -99.452 -10.209 
0.115164 0.0786627 0.279709 0 0.0126136 0.31372 0.229272 0 -0.0604566 0.0846765 0.198433 0.00667643 0.0703506 0.0116105 0.0311927 0 0.304209 -0.341856 0.00231297 0.0172573 -8.30992 279.505 -21.6639 0.0655793 0.00413239 -0.016795 -2.2549 -99.452 -10.209 
0.175523 0.142807 0.268123 0.0824702 0.0706106 0.305062 0.0995713 0 -0.0683109 0.114438 0.0934571 0.234621 0.111857 0.0195662 0 0 0.307583 -0.343316 0 0 -7.63849 279.383 -21.3118 0.0661653 0.00390478 -0.0100287 -2.2549 -99.452 -10.209 
0.190535 0.187869 0.249395 0.319174 0.051514 0.349066 0.0407932 0.00940692 -0.0729757 0.170843 0.0551251 0.200151 0.0497391 0.0269658 0 0.000625351 0.27208 -0.343956 0 0 -7.14608 279.581 -21.1987 0.0841793 0.0124324 -0.0147525 -2.2549 -99.452 -10.209 
0.277702 0.185295 0.0514649 0.527665 -0.00774232 0.349066 0.0472282 0.129304 -0.116343 0.16378 0.104512 0.278468 0.0396165 0.00667176 0.0405414 0 0.289782 -0.349066 0.00648916 0.0120815 -7.70366 279.654 -24.436 0.0850509 0.0641107 -0.00578512 -2.2549 -99.452 -10.209 
0.220626 0.322373 0.189474 1.00697 0.0102241 0.349066 0.0921147 0.303434 -0.132257 0.198535 0.208052 0 0.0564043 0.0668799 0 0.176075 0.298164 -0.338704 0.0119393 0.0379816 -7.60146 278.99 -30.7432 0.0818193 0.0602652 -0.00138542 -2.2549 -99.452 -10.209 
0.258564 0.334725 0.480108 0.490846 -0.0750126 0.349066 0.634458 0.478099 -0.146049 0.235486 0.199383 0.133401 -0.0480217 0.0897092 0.0546604 0.0656827 0.221163 -0.294113 0.0810581 0.343678 -7.21667 277.084 -38.3851 0.0998695 0.0488785 0.0266799 -2.2549 -99.452 -10.209 
0.902373 0.268715 0.0717199 0.330628 -0.167448 0.349066 1.74533 1.5708 -0.172803 0.288554 0.697025 0 -0.0196229 0.21957 0.0620323 0.395806 0.102274 -0.349066 0.0505478 0 -7.34472 276.361 -40.1148 0.116389 -0.126353 0.0722417 -2.2549 -99.452 -10.209 
0.841925 0.338999 0.294524 0.0140558 -0.14296 0.348705 1.74421 1.5708 -0.110356 0.275602 0.596348 0 -0.059806 0.156748 0.118596 0 0.116155 -0.349066 0 0.519896 -10.8542 277.09 -45.4748 0.0946791 -0.0748621 0.0579236 -2.2549 -99.452 -10.209 
0.6039 0.178433 0.389716 0 -0.169044 0.349066 1.74533 1.5708 -0.174533 0.213862 0.588291 0 -0.0864436 0.052702 0.345778 0 0.152424 -0.349066 0.467936 0 -14.1233 276.314 -48.6065 0.0994331 0.0843452 0.115466 -2.2549 -99.452 -10.209 
0.528775 0.131529 0.428343 0.149537 -0.167718 0.349066 1.6188 1.57033 -0.174533 0.238415 0.555734 0.168086 -0.10017 0.0383252 0.265441 0.238121 0.109342 -0.349066 0.363962 0.00268997 -11.1095 275.78 -56.5437 0.102242 0.0468877 0.154566 -2.2549 -99.452 -10.209 
0.663751 0.0448391 0.262907 0.0894326 -0.174533 0.349066 1.45618 0 -0.140139 0.13224 0.351618 0.368952 -0.050588 0.114877 0.189062 0.160315 0.191027 -0.349066 0.236869 0.188891 -11.0099 280.155 -61.1284 0.156598 0.0812982 0.207874 -2.2549 -99.452 -10.209 
0.624901 -0.0509179 0.194704 0 -0.118425 0.349066 1.65187 0 -0.174533 0.120032 0.491933 0.455797 -0.0258615 -0.0121696 0.226798 0.195668 0.375674 -0.349066 0.236721 0.415528 -11.0459 280.021 -63.6222 0.129144 0.181951 0.277876 -2.2549 -99.452 -10.209 
0.537805 -0.0300191 0.217161 0.320957 -0.104731 0.347673 1.74533 2.51381e-005 -0.15689 0.175282 0.694422 0 0.0658747 0.06006 0.118692 0.0811066 0.375765 -0.349066 0.309278 0 -9.00278 277.65 -66.2973 0.102725 0.168956 0.29374 -2.2549 -99.452 -10.209 
0.564283 -0.0223631 0.430954 0 0.0179396 0.346925 1.74533 0 -0.162808 0.137412 0.733815 0.0326733 0.11953 -0.0168926 0.0259076 0 0.433559 -0.349066 0.125198 0 -9.63392 277.544 -71.9546 0.0907429 0.14272 0.290553 -2.2549 -99.452 -10.209 
0.722939 -0.192823 0.117042 0.214919 0.205191 0.349066 1.54141 0 -0.174533 0.17203 0.743092 0.079538 0.10639 -0.0477306 0.0122151 0.0700611 0.440769 -0.349066 0.0091072 0.0762686 -9.8821 276.999 -75.7259 0.117261 0.131214 0.320431 -2.2549 -99.452 -10.209 
0.630925 -0.174947 0.144747 0.380194 0.320095 0.349066 1.45537 0.0517377 -0.169211 0.146028 0.721028 0.134771 0.0924833 -0.033668 0.0468163 0.0600503 0.491573 -0.349066 0 0 -9.70415 277.1 -75.2038 0.132144 0.1443 0.339124 -2.2549 -99.452 -10.209 
0.701069 -0.174396 0.0905085 0.373142 0.349443 0.349066 1.44783 0.148355 -0.150508 0.145383 0.731689 0.0771652 0.107742 -0.00909562 0.0678882 0.212806 0.505176 -0.349066 0.0239298 0 -9.72656 277.102 -75.183 0.130766 0.143945 0.339362 -2.2549 -99.452 -10.209 
0.813258 -0.12669 0.086422 0.335329 0.548866 0.349066 1.10103 0 -0.0954121 0.126983 0.804229 0 0.125917 -0.0158251 0.174323 0 0.60881 -0.349031 0.0508488 0 -9.28265 276.713 -76.4758 0.1158 0.157843 0.362587 -2.2549 -99.452 -10.209 
0.813258 -0.164184 0.0761268 0.335329 0.548866 0.349066 1.10103 0 0.00169491 0.0902521 0.57682 0 0.138901 -0.033825 0.174323 0 0.60881 -0.349031 0.0058936 0 -9.28265 276.713 -76.4758 0.1158 0.157843 0.362587 -2.2549 -99.452 -10.209 
