0.440694 0.0683923 0.000796005 0 -0.156633 0.349066 0.0435848 0 -0.146956 0.117881 0 0 0.0055615 -0.0671735 0 0 0.232758 -0.349066 0.00342067 0 -9.07121 306.851 -55.9823 0.0800124 -0.0836077 0.151668 13.2436 -95.942 -24.8945 
0.412642 0.055091 0.0193627 0 -0.174533 0.349066 0 0 -0.174533 0.0902372 0 0 -0.00339335 -0.0844034 0 0 0.246388 -0.298844 0.0233481 0 -9.02322 306.915 -55.9788 0.076007 -0.0782377 0.149854 13.2436 -95.942 -24.8945 
0.412648 0.0685057 0 0 -0.174533 0.349066 0 0 -0.174533 0.0902689 0 0 -0.00351212 -0.0845306 0 0 0.288137 -0.298873 0.0232237 0 -9.02317 306.916 -55.979 0.0760092 -0.0782344 0.149853 13.2436 -95.942 -24.8945 
0.413223 0.0669948 0 0 -0.174533 0.349066 0 0 -0.174533 0.086363 0 0 -0.00642746 -0.0796246 0 0 0.292118 -0.299389 0.0109211 0 -9.00524 306.908 -56.0026 0.0759177 -0.078729 0.150286 13.2436 -95.942 -24.8945 
0.409667 0.0682658 0.000161751 0 -0.174511 0.349066 0 0 -0.174533 0.086344 1.1683e-005 0 -0.00647461 -0.0796485 1.33502e-005 0 0.292018 -0.299095 0.0108885 0 -9.00579 306.908 -56.0079 0.0758798 -0.0786569 0.150334 13.2436 -95.942 -24.8945 
0.404013 0.0635049 1.08255e-005 0 -0.174533 0.349066 0 0 -0.174533 0.0811961 5.74307e-008 0 -0.00681815 -0.0901466 0 0 0.291522 -0.294996 0.0115512 0 -9.16841 306.771 -55.9839 0.0743774 -0.0769579 0.150644 13.2436 -95.942 -24.8945 
0.40404 0.0589188 0 0 -0.174533 0.349066 0 0 -0.174533 0.0811319 5.79569e-008 0 -0.00679942 -0.0902217 0 0 0.291441 -0.295021 0.0116153 0 -9.16814 306.77 -55.985 0.0743926 -0.0769668 0.150638 13.2436 -95.942 -24.8945 
0.40404 0.0589188 0 0 -0.174533 0.349066 0 0 -0.174533 0.0811319 5.79569e-008 0 -0.0141997 -0.0902217 0.0510839 0.0582975 0.302536 -0.288272 0.0116153 0 -9.16814 306.77 -55.985 0.0743926 -0.0769668 0.150638 13.2436 -95.942 -24.8945 
0.399093 0.0541984 0.000150771 0 -0.174533 0.349066 0 0 -0.174533 0.0854941 0 0 -0.0111915 -0.0788218 0.0869266 0.0807473 0.314805 -0.279202 0.017716 0 -9.16755 306.821 -55.967 0.0739989 -0.0785237 0.150847 13.2436 -95.942 -24.8945 
0.398023 0.0548239 0.000178755 0 -0.174533 0.349066 0 0 -0.174533 0.0830507 0 0 -0.0152337 -0.0763715 0.185194 0.0717098 0.326514 -0.272695 0.00652466 0.237368 -9.18038 306.803 -55.9333 0.0738194 -0.0781451 0.151037 13.2436 -95.942 -24.8945 
0.404143 0.0598674 0 0 -0.174533 0.349066 0 0 -0.174533 0.0824406 0 0 0.0235774 -0.0795709 0.210428 0.107455 0.327122 -0.22765 0.0798309 0.145615 -9.21105 306.867 -55.9519 0.0723021 -0.0775653 0.153708 13.2436 -95.942 -24.8945 
0.404687 0.0693548 0 0 -0.174533 0.349066 0 0 -0.174533 0.093616 0 0 0.0765889 -0.0722411 0.203614 0.0856546 0.346942 -0.231485 0.130218 0.0913996 -9.13127 307.164 -56.0461 0.0685401 -0.0764093 0.153201 13.2436 -95.942 -24.8945 
0.404687 0.0688534 0 0 -0.174533 0.349066 0 0 -0.174533 0.0935944 0 0 0.103821 -0.0410637 0.17826 0.106223 0.363051 -0.231742 0.165949 0.0916497 -9.12989 307.164 -56.0434 0.0685138 -0.0763986 0.153189 13.2436 -95.942 -24.8945 
0.422421 0.0302384 0 0 -0.174533 0.349066 0 0 -0.174533 0.0909514 0 0 0.122512 -0.0433742 0.108226 0.313295 0.333865 -0.223133 0.310465 0.136655 -9.20943 307.237 -56.1091 0.0719972 -0.0800441 0.154765 13.2436 -95.942 -24.8945 
0.45558 0.0456717 0.0120624 0.0053586 -0.174533 0.349066 0 0 -0.174533 0.0935876 0 0.0109787 0.114808 0.0125964 0.276331 0 0.405739 -0.165844 0.153899 0.127657 -9.32458 307.643 -55.8652 0.0778547 -0.0844043 0.152182 13.2436 -95.942 -24.8945 
0.475486 0.0795665 0.000692644 0.00289054 -0.174533 0.349066 0.000823885 0 -0.174533 0.135338 0 0 0.105081 0.203938 0.64999 0.655558 0.360362 0.0796502 0.372545 0.0167373 -8.99784 308.541 -57.4653 0.108244 -0.102114 0.138655 13.2436 -95.942 -24.8945 
0.430157 0.105801 0.0426696 0 -0.174533 0.349066 0.00107946 0 -0.174533 0.205629 0.00371659 0 0.21876 0.164704 0.645349 0.201004 0.384731 0.114939 0.204722 0.109818 -9.08607 308.73 -57.688 0.105799 -0.103242 0.141136 13.2436 -95.942 -24.8945 
0.448385 0.0771144 0.0523096 0.0120731 -0.174533 0.349066 0.000158741 0 -0.174533 0.126161 0.000546546 0 0.175867 0.0987191 0.887973 0.199194 0.444822 0.169865 0.317559 0.0869632 -9.06622 308.023 -57.6753 0.10612 -0.112129 0.156761 13.2436 -95.942 -24.8945 
0.501505 0.0402979 0 0.0027298 -0.174533 0.349066 3.84558e-005 0 -0.174533 0.121555 9.18165e-006 0 0.200325 0.105614 0.792974 0.495745 0.534648 0.169923 0.261823 0.0644253 -9.11633 308.149 -58.1575 0.100078 -0.091648 0.155432 13.2436 -95.942 -24.8945 
0.565381 0.00870158 0 0 -0.174533 0.349066 0 0 -0.174533 0.11275 0 0 0.274284 0.0665626 0.655412 1.1707 0.636386 0.193636 0.297752 0 -9.05017 309.181 -58.005 0.105499 -0.0965337 0.162514 13.2436 -95.942 -24.8945 
0.617339 -0.0148306 0 0 -0.174176 0.349066 0 0 -0.174533 0.115061 0 0 0.415902 0.112276 0.274089 1.5708 0.733102 0.288516 0.27756 0 -9.28895 309.367 -58.1129 0.0985362 -0.102266 0.162192 13.2436 -95.942 -24.8945 
0.601873 -0.0144075 0.00909497 0.0162987 -0.174533 0.349066 0 0 -0.174533 0.118952 0 0 0.543569 0.184775 0.0178284 1.5708 0.772446 0.331778 0.192146 0 -9.28394 309.528 -58.1163 0.0977685 -0.0925055 0.159927 13.2436 -95.942 -24.8945 
0.691035 -0.0387874 0 0.287991 -0.174533 0.349066 0 0 -0.174533 0.141123 0 0.00479893 0.601076 0.262676 0 1.5708 0.99275 0.323021 0.00407558 0.492082 -9.33331 309.638 -58.0957 0.0969101 -0.0887774 0.157514 13.2436 -95.942 -24.8945 
0.736371 -0.0889445 0 0.0680293 -0.174533 0.349066 0 0 -0.169105 0.107228 0 0 0.713361 0.186113 0.332415 0.631642 1.00321 0.349066 0 1.47166 -9.17106 309.593 -58.0241 0.100405 -0.0852582 0.164935 13.2436 -95.942 -24.8945 
0.799675 -0.153865 0.0532045 0 -0.174533 0.349066 0 0 -0.174533 0.0659577 0 0 0.735985 0.196914 0.432762 0 0.987782 0.349066 0 1.4691 -9.28531 308.724 -58.8841 0.094633 -0.0895856 0.167297 13.2436 -95.942 -24.8945 
0.854643 -0.206144 0.038927 0.0749891 -0.174533 0.349066 0 0 -0.154635 0.0486036 0 0 0.731454 0.136247 0.380179 0.401457 0.910339 0.349066 0.0192594 1.47237 -9.27495 308.873 -58.8437 0.0949589 -0.0887695 0.167894 13.2436 -95.942 -24.8945 
0.954043 -0.185 0 0.364419 -0.174533 0.349066 0 0 -0.174533 0.033859 0 0 0.672726 0.164713 0.599526 0.326963 0.892468 0.349066 0.17081 1.49089 -9.60633 308.935 -59.1978 0.0978414 -0.0944843 0.16589 13.2436 -95.942 -24.8945 
0.970171 -0.181121 0.034601 0.452684 -0.174533 0.349066 0 0 -0.172136 0.0504553 0 7.97164e-006 0.640081 0.224744 0.687603 0 0.91944 0.349066 0.234755 1.49107 -9.59077 308.856 -59.1608 0.095159 -0.0963767 0.165564 13.2436 -95.942 -24.8945 
1.05026 -0.176979 0.0366337 0.489461 -0.174533 0.349066 0 0 -0.172803 0.0734 0 0 0.658307 0.223127 0.526551 0 0.972513 0.348994 0 1.49122 -9.79471 308.925 -59.074 0.101844 -0.103942 0.163962 13.2436 -95.942 -24.8945 
1.10428 -0.19754 0 0.581114 -0.174533 0.342969 0 0 -0.168407 0.0608422 0 0 0.676318 0.0950601 0.420981 0 1.02073 0.317709 0 1.52139 -10.5899 309.763 -58.0764 0.117067 -0.104832 0.193436 13.2436 -95.942 -24.8945 
1.12807 -0.20944 0 0.806796 -0.174533 0.348978 0 0 -0.173383 0.0582978 0.00133736 0.00111409 0.717242 0.0715265 0.350574 0.123492 1.01441 0.335743 0 1.56972 -10.7541 309.732 -57.8087 0.121394 -0.0970687 0.201592 13.2436 -95.942 -24.8945 
1.17067 -0.20944 0.0548771 0.827931 -0.174533 0.349066 0 0 -0.174386 0.0446095 0 0.00104985 0.733723 0.0817968 0.286083 0 1.07837 0.335321 0 1.40368 -10.7813 309.529 -57.8341 0.12083 -0.0968086 0.203235 13.2436 -95.942 -24.8945 
1.2143 -0.197806 0.0397022 0.697642 -0.174533 0.345513 0 0 -0.174533 0.0458495 0 0.000924458 0.741024 0.0797689 0.380994 0 1.14158 0.340585 0 1.43905 -10.7672 309.473 -57.7869 0.125421 -0.0996352 0.202882 13.2436 -95.942 -24.8945 
1.15073 -0.199459 0.0764177 0.723444 -0.174533 0.345786 0 0 -0.174533 0.0510216 0 0.000869607 0.763216 0.0809566 0.430206 0 1.13378 0.340367 0 1.43679 -10.6237 309.356 -57.8454 0.127833 -0.102923 0.201707 13.2436 -95.942 -24.8945 
1.07418 -0.197919 0.107841 0.915983 -0.174533 0.346387 0 0 -0.174533 0.048673 0 0.000750296 0.764955 0.0803032 0.42738 0 1.14092 0.340407 0 1.4373 -10.6399 309.403 -57.82 0.127359 -0.102067 0.202007 13.2436 -95.942 -24.8945 
1.06614 -0.197671 0.0882456 0.916978 -0.174533 0.34682 0 0 -0.174266 0.0489597 0 0.000747565 0.755582 0.0809957 0.440386 0 1.10947 0.34035 0 1.43631 -10.6516 309.452 -57.8075 0.126901 -0.103902 0.201746 13.2436 -95.942 -24.8945 
1.06491 -0.197701 0.0797246 0.92179 -0.174533 0.347143 0 0 -0.174306 0.0471008 0 0.00018034 0.789623 0.0857577 0.400041 0.00964858 1.10885 0.340624 0 1.43556 -10.6503 309.384 -57.7544 0.126949 -0.102155 0.201669 13.2436 -95.942 -24.8945 
1.06857 -0.196087 0.0967026 0.942266 -0.174533 0.348998 0 0 -0.174489 0.0335546 0 9.85865e-005 0.788725 0.0831719 0.338668 0.00862679 1.10831 0.340457 0 1.43338 -10.627 309.423 -57.8521 0.126999 -0.102494 0.202526 13.2436 -95.942 -24.8945 
1.07411 -0.20944 0.0703256 0.955271 -0.174533 0.349066 1.45629e-005 0 -0.174533 0.0204637 0 3.6947e-005 0.749327 0.0835307 0.276059 0.150252 1.10242 0.347233 0 1.43415 -10.6657 309.351 -57.7995 0.129351 -0.103074 0.201265 13.2436 -95.942 -24.8945 
1.10262 -0.20172 0.0368034 0.942214 -0.173913 0.349066 0 0 -0.174533 -0.000916404 0 0 0.787133 -0.000911355 0.183393 0.23096 1.15724 0.349066 0.173488 1.39649 -10.6668 309.481 -57.6996 0.132814 -0.10107 0.204839 13.2436 -95.942 -24.8945 
1.04804 -0.195592 0.0282252 0.534009 -0.174238 0.348418 0 0 -0.172755 0.0588058 0 0 0.72284 0.0979966 0 0.225753 1.17085 0.349066 0.0236227 1.37359 -10.6154 309.593 -57.7542 0.136512 -0.0963886 0.20385 13.2436 -95.942 -24.8945 
0.947713 -0.20944 0 0.0467896 -0.174484 0.349066 0.0185993 0.00311955 -0.173032 0.0432227 0 0 0.635466 0.0925927 0 0.238984 1.17333 0.349066 0 1.15698 -10.7813 309.46 -58.1394 0.132404 -0.106989 0.206174 13.2436 -95.942 -24.8945 
0.874955 -0.0953321 0.000261345 0.00642911 -0.170878 0.349066 0.00138089 0 -0.174533 0.0751956 0 0.0153521 0.642547 0.124765 0.00331967 0.230582 1.15498 0.349066 0 0.6821 -10.6064 309.524 -58.0956 0.13285 -0.0931708 0.204321 13.2436 -95.942 -24.8945 
0.812457 -0.0636675 0 0 -0.174481 0.349066 0.0204129 7.46796e-005 -0.174533 0.0240557 0.00155572 0.00817015 0.557858 0.0878258 0.18952 0.221915 1.01275 0.209865 0.0616154 1.5708 -10.7724 309.715 -58.1019 0.130869 -0.110904 0.213886 13.2436 -95.942 -24.8945 
0.78766 -0.0552295 0 0 -0.174506 0.349066 0.00517152 2.8837e-005 -0.174452 0.0155645 0.000947193 0.00298496 0.51244 0.0671239 0.0296875 1.15148 0.910274 0.208813 0.0211208 1.49379 -10.4994 309.692 -58.1135 0.131189 -0.110945 0.207649 13.2436 -95.942 -24.8945 
0.547923 -0.0267087 0.0115883 0.168084 -0.174533 0.34016 0.00112847 0.0109293 -0.166765 0.0931963 6.25487e-006 0.000805941 0.440059 0.0634457 0.296449 0.786096 0.766076 0.190051 0.0125732 0.141506 -10.4761 308.935 -58.1953 0.118087 -0.0593432 0.197632 13.2436 -95.942 -24.8945 
0.557804 -0.0322672 0.0304009 0.157091 -0.174533 0.348761 0.000901846 0.00793927 -0.16788 0.0583612 0.0306445 0.000717069 0.385677 0.0358419 0.569494 0 0.682218 0.12222 0 0.107184 -10.9099 309.24 -58.3781 0.120102 -0.0737932 0.189682 13.2436 -95.942 -24.8945 
0.619775 -0.0469561 0.00178063 0 -0.174533 0.342125 0 0.005445 -0.172308 0.00332755 0.00677788 0 0.447862 -0.0934021 0.0901066 0.333635 0.657383 -0.0777739 0 0.155908 -11.121 308.849 -57.8776 0.126488 -0.0889121 0.208252 13.2436 -95.942 -24.8945 
0.613718 -0.0346226 0.00137615 0 -0.174533 0.323458 0 0.00447582 -0.174533 0.0110058 0.00211102 0 0.321709 -0.138857 0.170402 0.276484 0.542154 -0.135766 0.114891 0 -11.3136 309.02 -57.741 0.134514 -0.0902952 0.202491 13.2436 -95.942 -24.8945 
0.613045 -0.00536908 0.000696282 0 -0.174533 0.338189 0 0.00344306 -0.174533 0.0267157 0.00190835 0 0.241439 -0.121481 0.290867 0.0771303 0.552666 -0.171017 0.00833312 0 -11.2253 309.159 -57.7817 0.13463 -0.0906591 0.199901 13.2436 -95.942 -24.8945 
0.592781 0.0101754 0 3.29037e-005 -0.174533 0.340288 0 0.00189687 -0.174533 0.0469215 0.000786926 0 0.227047 -0.0751314 0.240426 0 0.536118 -0.165188 0.0790628 0 -11.0039 308.846 -57.636 0.126446 -0.0835264 0.190528 13.2436 -95.942 -24.8945 
0.589046 0.01342 0 3.71448e-005 -0.174533 0.342416 0 0.00185283 -0.174533 0.0582086 0.000796055 0 0.162619 -0.0900668 0.243458 0 0.503442 -0.166051 0.0794911 0 -10.8764 308.893 -57.6321 0.125942 -0.0843094 0.188509 13.2436 -95.942 -24.8945 
0.58877 0.0248216 0 0 -0.174533 0.334709 0 0.00144755 -0.174483 0.0446991 0 0 0.14979 -0.115965 0.144258 0.210913 0.443182 -0.228803 0.0660576 0.0264764 -10.6853 308.337 -57.4164 0.128482 -0.0891775 0.195674 13.2436 -95.942 -24.8945 
0.549933 0.0246541 0 0 -0.174533 0.33146 0 0.0014452 -0.174533 0.0488864 0 0 0.164152 -0.121916 0 1.97604e-005 0.418123 -0.263499 0.000176638 0.0353546 -10.6302 308.286 -57.2146 0.129622 -0.0896202 0.195512 13.2436 -95.942 -24.8945 
0.535586 0.0143972 0 0 -0.174533 0.314057 0 0.000874919 -0.174533 0.0493024 0 0.00483675 0.0976013 -0.129766 0.00142307 1.54961e-005 0.372495 -0.314645 0 0.014894 -10.6527 308.323 -57.2432 0.12924 -0.0897167 0.194732 13.2436 -95.942 -24.8945 
0.510598 0.0179469 1.08535e-005 0 -0.174533 0.304132 5.25384e-007 0.00082562 -0.174533 0.0412221 0 0.00501633 0.0557248 -0.102631 0.000370435 1.58115e-005 0.328014 -0.312484 0 0 -10.6727 308.242 -57.2436 0.12729 -0.0854426 0.188109 13.2436 -95.942 -24.8945 
0.516066 0.014765 0 0 -0.174533 0.314979 0 0 -0.174533 0.0259722 0 0.000276949 0.0389984 -0.113962 0 0.0144234 0.257832 -0.341738 0.0025892 0 -10.745 307.908 -57.4616 0.122642 -0.10375 0.190536 13.2436 -95.942 -24.8945 
0.529099 0.0457691 0 0 -0.174533 0.333426 0 0 -0.174533 0.00371967 0 0.00016956 -0.0316711 -0.142869 0.000352721 0.0176105 0.204731 -0.344882 0 0 -10.4601 308.162 -57.8267 0.124161 -0.104176 0.18599 13.2436 -95.942 -24.8945 
0.462872 0.0585799 0.0097688 0 -0.174533 0.324935 0 0 -0.174472 0.0173352 0 0 -0.128005 -0.171425 0 0 0.101554 -0.345106 0 0.0956999 -10.7015 308.019 -57.724 0.123527 -0.101433 0.185148 13.2436 -95.942 -24.8945 
0.407361 0.0198267 0 0 -0.174533 0.325176 0 0 -0.174503 0.031262 0 0 -0.174533 -0.135025 0 0 0.133521 -0.349066 0 0.0839154 -10.2311 308.21 -57.1262 0.104216 -0.102294 0.195963 13.2436 -95.942 -24.8945 
0.381951 0.02083 0 0 -0.174533 0.33253 0 0 -0.174533 0.0655835 0 0 -0.171007 -0.0888666 0.00106028 0 0.179019 -0.349066 0 0 -10.0117 308.962 -56.4796 0.0838151 -0.116645 0.188014 13.2436 -95.942 -24.8945 
0.379269 0.0308136 0 0 -0.174533 0.349066 0 0 -0.174533 0.069533 0 0 -0.167023 -0.0816985 0 0 0.187895 -0.349066 0 0 -9.59866 309.291 -55.8695 0.0639775 -0.120151 0.192283 13.2436 -95.942 -24.8945 
0.399997 0.0345449 0 0 -0.174533 0.349066 0 0 -0.174533 0.0634031 0 0 -0.133932 -0.0915008 0 0 0.218347 -0.349066 0.00284109 0 -9.56406 309.114 -55.8958 0.0419987 -0.122546 0.191183 13.2436 -95.942 -24.8945 
0.402369 0.0562981 0 0 -0.174533 0.349066 0 0 -0.174533 0.0632778 0 0 -0.13394 -0.101083 0 0 0.214768 -0.349066 0.00282686 0 -9.56553 309.114 -55.8943 0.0420055 -0.122564 0.191231 13.2436 -95.942 -24.8945 
0.384437 0.0641327 0 0 -0.174533 0.349066 0 0 -0.174533 0.0644833 0 0 -0.126201 -0.103646 0 0 0.21791 -0.349066 0.00309321 0 -9.5676 309.114 -55.8931 0.0419977 -0.122525 0.191131 13.2436 -95.942 -24.8945 
0.386608 0.0567309 0 0 -0.174533 0.349066 0 0 -0.174533 0.0645136 0 0 -0.120016 -0.103154 0 0 0.222938 -0.349066 0.00314299 0 -9.56659 309.113 -55.8927 0.0420103 -0.122548 0.191122 13.2436 -95.942 -24.8945 
