-0.15849 0.124618 0 0.573812 -0.137322 0.115706 0 0 -0.127345 -0.20429 0.104616 0 0.10441 -0.349066 0.116338 0.850935 0.555953 -0.277305 0 0 -3.36399 346.819 -78.9889 -0.0673351 0.113657 0.344748 13.2436 -95.942 -24.8945 
0.0188668 0.0181724 0.0221745 0 -0.168817 0.206952 0 0.126241 -0.174533 -0.0208433 0.0266275 0.0455315 -0.0547314 -0.0963968 0.00661513 0.0370208 0.334977 -0.333629 0 0 -0.275675 347.04 -80.5931 -0.0405648 0.0666835 0.322754 13.2436 -95.942 -24.8945 
0.0298159 -0.0137062 0.00874185 0 -0.168685 0.197798 0.00176783 0.172498 -0.173409 0.0267715 0.0436851 0.0605248 -0.135302 -0.0647703 0.0066884 0.415201 0.296568 -0.349066 0.190445 0 -0.0790787 347.425 -80.7246 -0.047904 0.0565387 0.320805 13.2436 -95.942 -24.8945 
0.0358146 0.00996941 0.010292 0 -0.17078 0.208431 0.00185237 0.183021 -0.173442 -0.0107916 0.0418291 0.0379296 -0.151202 -0.0595618 0.0173862 0.542465 0.303407 -0.344816 0.140123 0 -0.0239841 347.374 -80.6422 -0.0469684 0.0561992 0.320742 13.2436 -95.942 -24.8945 
0.0230688 -0.00773399 0 0 -0.173866 0.214052 0.0597645 0 -0.161078 -0.0398975 0.045924 0.0768667 -0.129305 -0.10119 0.0542684 0.0582197 0.32815 -0.33931 0.0384007 0 0.00155511 347.468 -80.4292 -0.0505673 0.0573544 0.321916 13.2436 -95.942 -24.8945 
0.0455616 0.00873825 0 0 -0.174004 0.199927 0.058463 0 -0.169068 -0.0257354 0.0460553 0.073809 -0.0839393 -0.127563 0.00176755 0.0294023 0.337686 -0.340115 0.00758958 0 -0.01549 347.469 -80.4116 -0.0506547 0.0578411 0.321687 13.2436 -95.942 -24.8945 
0.0635736 0.00404293 0 0.00292921 -0.174533 0.195369 0.0701089 0.0474604 -0.170936 -0.0171214 0.0243567 0.0169474 -0.0976776 -0.140156 0 0.0138507 0.331802 -0.319566 0 0.158776 -0.136324 347.605 -80.5208 -0.055582 0.057451 0.323555 13.2436 -95.942 -24.8945 
0.0471728 0.00128488 0.0394861 0 -0.174533 0.206927 0.0280083 0.0451389 -0.174533 0.0205562 0.00106764 0.0211757 -0.12364 -0.131787 0 0.0672695 0.235064 -0.349066 0 0 -0.170065 347.536 -80.6398 -0.0584512 0.0567751 0.322903 13.2436 -95.942 -24.8945 
-0.0462524 0.00920156 0.244809 0.0178338 -0.174533 0.235025 0.000384522 0.210225 -0.174533 0.0418504 6.0142e-005 0.00211803 -0.174533 -0.120624 0 0 0.132848 -0.346799 0.0151722 0 -0.416529 348.119 -80.3674 -0.063575 0.0330429 0.327247 13.2436 -95.942 -24.8945 
-0.100141 0.0280575 0.37794 0.0359399 -0.174533 0.347803 0.0604177 0.246127 -0.174533 0.098662 2.11268e-006 0.000806893 -0.174533 -0.0611834 0.000661144 0.00484633 0.157843 -0.234813 3.25116e-005 2.12774e-005 -0.572598 351.382 -80.1156 -0.0791631 0.0438047 0.286413 13.2436 -95.942 -24.8945 
0.204689 -0.1141 0 0.00722563 -0.174533 0.349066 0.256578 0.329202 -0.174533 0.107384 5.18765e-007 0 -0.174533 -0.06573 0 0 0.109883 -0.254642 0 1.14841e-005 0.716016 352.33 -80.1039 -0.105803 0.0150578 0.294695 13.2436 -95.942 -24.8945 
0.16488 -0.111333 0.0974962 0.111525 -0.174533 0.349066 0.447446 0.172076 -0.174533 0.139518 4.69341e-008 0 -0.174533 -0.0758688 0.000203248 0.00335544 0.127292 -0.230244 0.00761081 0.139241 1.56653 353.897 -78.9393 -0.118875 0.0220055 0.305327 13.2436 -95.942 -24.8945 
0.192304 -0.14954 0.0347708 0.391897 -0.174533 0.349066 0.634862 0.400577 -0.174533 0.166401 0 0.000386157 -0.174533 -0.0576138 0 0 0.172716 -0.216612 0 0.0445893 1.37828 354.083 -78.7372 -0.143005 0.0175281 0.304721 13.2436 -95.942 -24.8945 
0.271866 -0.198193 0.117355 0.0384223 -0.174533 0.349066 0.706723 0.90865 -0.174533 0.186693 0 0.00151641 -0.174533 -0.0565134 0.118733 0.0481894 0.191575 -0.21469 0 0.0172841 1.53645 355.169 -78.7876 -0.154678 0.000532951 0.307741 13.2436 -95.942 -24.8945 
0.418699 -0.20944 0.0800643 0.0239635 -0.0685636 0.349066 1.4743 0.110404 -0.174533 0.199302 0 0.0972177 -0.174533 -0.0380302 0 0 0.126743 -0.286884 0 0 4.0641 357.35 -76.315 -0.100209 -0.0361695 0.367052 13.2436 -95.942 -24.8945 
0.35155 -0.20944 0.0783002 0.118018 0.21035 0.349066 1.3205 0.00530857 -0.174533 0.149683 0.00192957 0.107474 -0.174533 -0.00684962 0.0094478 0.00167121 0.105618 -0.313148 0.00593812 0 4.35916 357.296 -76.0094 -0.10078 -0.0402911 0.378246 13.2436 -95.942 -24.8945 
0.299689 -0.20944 0.0282025 0.187492 0.371319 0.34684 1.15631 0.0050203 -0.174533 0.203986 0 0.019295 -0.174533 -0.0230469 0.00190909 0.122142 0.118642 -0.290589 0.0046633 0 4.99025 356.484 -75.7364 -0.106696 -0.0382258 0.377931 13.2436 -95.942 -24.8945 
0.358207 -0.20944 0 0.525578 0.442861 0.349066 1.07706 0 -0.174533 0.209136 0 0 -0.174533 -0.0790588 0.000348068 0 0.0593787 -0.291534 0.000116847 0 5.03164 355.978 -74.6427 -0.0956528 -0.0527502 0.370416 13.2436 -95.942 -24.8945 
0.491909 -0.206754 0 0.168091 0.681493 0.349066 0.343 0.205333 -0.174533 0.232777 0 0 -0.156275 -0.0869268 0.000142246 0 0.132303 -0.349066 0 0 5.34681 356.397 -74.9474 -0.119421 -0.0366721 0.38033 13.2436 -95.942 -24.8945 
0.466193 -0.20628 0 0.388853 0.836099 0.349066 0.259777 0 -0.174533 0.230765 0 0 -0.162784 -0.0740664 0.000180014 0 0.111431 -0.349066 0.00070011 0 5.26722 356.963 -75.972 -0.107484 -0.0485109 0.368791 13.2436 -95.942 -24.8945 
0.487257 -0.20944 0.0529441 0.31313 0.896612 0.349066 0.380479 0.135553 -0.174533 0.242205 0.0508294 0.0653819 -0.169525 -0.00948563 0.000562044 0 0.077069 -0.257195 0 0 4.52285 357.592 -76.0259 -0.0998339 -0.0663885 0.358344 13.2436 -95.942 -24.8945 
0.493191 -0.20944 0.0593329 0.266704 0.903442 0.349066 0.401227 0.136462 -0.174533 0.242503 0.0564121 0.197402 -0.170551 -0.0148674 0.000364719 0.0936232 0.0770382 -0.257252 1.04304e-005 0 4.50271 357.552 -76.0435 -0.0989858 -0.0685833 0.358596 13.2436 -95.942 -24.8945 
0.507018 -0.20944 0.0294561 0.0785526 0.884603 0.348986 0.528006 0.257865 -0.174533 0.208084 0.0774814 0.201386 -0.153507 -0.00528725 0.00343791 0.0800735 0.0591091 -0.270269 0.0631816 0.0380662 4.62842 357.464 -76.2672 -0.101441 -0.0735484 0.361324 13.2436 -95.942 -24.8945 
0.504832 -0.20944 0.0967998 0.167214 0.783402 0.349066 0.759181 0.431008 -0.174533 0.216016 0 0.337533 -0.159292 -0.00877178 0 0 0.0631856 -0.259521 0 0.307066 4.49652 357.364 -76.4593 -0.0959455 -0.074731 0.357883 13.2436 -95.942 -24.8945 
0.557427 -0.20944 0 0 0.817294 0.349066 0.74077 0.470352 -0.151393 0.120112 0.0122818 0.0739022 -0.149332 -0.024863 0.155684 0.110352 0.0694829 -0.349066 0 0.12897 5.03423 357.823 -76.901 -0.118014 -0.0937967 0.386778 13.2436 -95.942 -24.8945 
0.510041 -0.20944 0 0 0.733009 0.33257 1.23538 0.141936 -0.146643 0.125831 0.103838 0.123009 -0.085121 -0.0652231 0.0980248 0.0519835 0.134072 -0.349066 0.0338448 0.0836318 4.97713 357.726 -77.7346 -0.116492 -0.0921648 0.396405 13.2436 -95.942 -24.8945 
0.470028 -0.20944 0.0289478 7.70505e-005 0.556299 0.348355 1.74533 0.277773 -0.174533 0.207929 0.343376 0 -0.167281 -0.109771 0.264419 0.0396905 0.171328 -0.349066 0 0.101601 4.36684 357.912 -78.7386 -0.122137 -0.0806433 0.379269 13.2436 -95.942 -24.8945 
0.484635 -0.127461 0.0157594 0.128842 0.332036 0.346259 1.74533 0.375485 -0.131617 0.259847 0.288598 0.276241 -0.146265 -0.0949243 0.252922 0 0.169378 -0.348293 0.12375 0.0249279 4.20607 358.135 -78.6259 -0.123242 -0.0830561 0.374985 13.2436 -95.942 -24.8945 
0.515919 -0.0789154 0.00374943 0.0907187 0.170954 0.344502 1.74533 0 -0.127148 0.27033 0.290547 0 -0.151274 -0.0480214 0.219456 0 0.370533 -0.348666 0 0.206173 3.83546 358.39 -77.9767 -0.12503 -0.0937254 0.367316 13.2436 -95.942 -24.8945 
0.526882 -0.103752 0 0 0.0409467 0.321579 1.66808 0.258748 -0.121572 0.324466 0.208063 0.124894 -0.152827 -0.0564787 0.198258 0.0964544 0.328194 -0.344436 0.025383 0.0849554 3.83314 358.175 -77.7817 -0.125009 -0.0925732 0.373108 13.2436 -95.942 -24.8945 
0.550662 -0.0747376 0.00230903 0 -0.174533 0.338015 1.74533 0.201381 -0.119693 0.349066 0.116304 0.156341 -0.174533 0.0118171 0.167265 0.0211658 0.216602 -0.349066 0 0 4.11499 357.888 -77.819 -0.101929 -0.112091 0.367198 13.2436 -95.942 -24.8945 
0.549185 -0.0583301 0 0.19292 -0.174533 0.340092 1.74533 0 -0.103304 0.347282 0.0986058 0.19955 -0.151516 -0.0225764 0.280611 0.0735808 0.255059 -0.341037 0 0 4.36799 358.283 -77.9232 -0.112145 -0.120382 0.369207 13.2436 -95.942 -24.8945 
0.511527 -0.0592624 0 0 -0.174533 0.346755 1.5432 0.413414 -0.160241 0.345189 0.171631 0.0198309 -0.0913317 -0.0531425 0.00297317 0 0.259797 -0.349066 0 0.029923 4.25177 358.417 -77.1369 -0.107688 -0.109567 0.380065 13.2436 -95.942 -24.8945 
0.39235 -0.0711491 0.0233186 0 -0.153928 0.316521 1.50593 0.523249 -0.158786 0.303135 0 0.332012 -0.0582329 -0.0596642 0.0229308 0.0347479 0.213773 -0.349066 0.0365305 0 4.8457 358.211 -77.4065 -0.106038 -0.0907274 0.389764 13.2436 -95.942 -24.8945 
0.375166 -0.0230211 0.00018759 0 -0.16954 0.32138 1.74533 0.529046 -0.152211 0.349066 0.0445313 0 -0.0955494 0.0138807 0.0553377 0 0.250238 -0.349066 0.0028798 0.246823 5.82968 357.929 -76.8247 -0.0927638 -0.0827894 0.38535 13.2436 -95.942 -24.8945 
0.385427 -0.0144071 0.000171643 9.5318e-005 -0.168461 0.317909 1.74533 0.492377 -0.148987 0.349066 0 0.00252423 -0.0810782 0.00702506 0.0242434 0 0.285231 -0.349066 0 0.156357 5.84238 357.911 -76.7797 -0.0945703 -0.0792125 0.385819 13.2436 -95.942 -24.8945 
0.349868 -0.00995104 0.00807946 5.82238e-005 -0.157091 0.312935 1.74533 0.557064 -0.134236 0.349066 0.0250109 0 -0.0492283 -0.0154076 0.0261204 0 0.324943 -0.349066 0 0.169019 5.78838 358.071 -77.0533 -0.094489 -0.078013 0.387238 13.2436 -95.942 -24.8945 
0.317563 -0.00208693 0.00160905 0 -0.159186 0.320576 1.74533 0.453615 -0.0993912 0.349066 0.00575477 0.22186 -0.0136254 -0.0241417 0.00884396 0 0.298346 -0.349066 0 0 6.2837 357.587 -76.7827 -0.0910932 -0.0742688 0.395854 13.2436 -95.942 -24.8945 
0.253829 0.01525 0.00239838 0 -0.174426 0.325321 1.74533 0.47147 -0.112685 0.3408 0.00601766 0.0733908 -0.0220566 -0.0275065 0.00251638 0 0.345974 -0.349066 0.046734 0 6.77114 356.54 -76.1149 -0.0916077 -0.061025 0.395074 13.2436 -95.942 -24.8945 
0.211433 -0.0222795 0 0 -0.174533 0.340107 1.62305 0.566138 -0.103283 0.349066 0.0721878 0.0276496 0.022049 -0.0596138 0.00527475 0.00128684 0.313459 -0.348799 0.0568495 0 6.55057 356.296 -76.5781 -0.086241 -0.0563313 0.388012 13.2436 -95.942 -24.8945 
0.199799 -0.00342742 0 0 -0.174533 0.346592 1.74533 0.424411 -0.168541 0.311644 0.0698728 0.0308138 0.0585356 -0.0534515 0 0 0.311102 -0.348808 0.0904429 0 6.47221 356.135 -76.3763 -0.0847243 -0.0577125 0.383928 13.2436 -95.942 -24.8945 
0.215059 -0.0439311 0.111197 0.144593 -0.167867 0.275634 1.74035 0.444358 -0.111867 0.252195 0.00876224 0 0.00558643 -0.116506 0.00869725 0 0.339103 -0.349066 0.00451788 0 5.81582 355.967 -76.2977 -0.0960493 -0.0724303 0.381523 13.2436 -95.942 -24.8945 
0.138786 -0.0288196 0.383272 0.219945 -0.174533 0.349066 1.74533 0 -0.12389 0.21844 0 0 -0.000121826 -0.250288 0.0688867 0.101104 0.194041 -0.34884 0 0.18872 5.75727 355.389 -75.3791 -0.105081 -0.0774348 0.382979 13.2436 -95.942 -24.8945 
0.198915 -0.158352 0.444653 0.0190097 -0.174533 0.24155 1.74533 0 -0.174533 0.287444 0 0.101471 -0.174533 -0.152406 0.00590023 0 -0.0165995 -0.349066 0.00452295 0 5.51318 356.272 -76.482 -0.0655084 -0.113924 0.386638 13.2436 -95.942 -24.8945 
-0.174533 -0.202189 0.798713 0 -0.111022 0.297318 1.4623 0 -0.174533 0.349066 0.221945 1.08927 -0.174533 -0.0433602 0 0.212207 -0.0659306 -0.349066 0 0.00828604 6.83654 356.409 -74.9555 -0.093548 -0.120806 0.380697 13.2436 -95.942 -24.8945 
-0.174533 -0.206824 0.775932 0 -0.174533 0.250961 1.74533 0 -0.174533 0.349066 0.18009 0.35313 -0.173634 -0.0118947 0.208708 0.261526 -0.114891 -0.315811 0.165878 0 7.2358 356.941 -74.7668 -0.0785779 -0.126774 0.384117 13.2436 -95.942 -24.8945 
-0.174533 -0.209325 0.793628 0.0128037 -0.174533 0.301602 1.74533 0 -0.174533 0.349066 0.0983429 0.131216 -0.174533 0.110447 0.267281 0.277032 -0.0717722 -0.337652 0.0856726 0 7.56796 358.021 -74.6464 -0.101172 -0.140971 0.404763 13.2436 -95.942 -24.8945 
-0.174533 -0.190519 0.813744 0.0448697 -0.163458 0.101669 1.62366 0.385563 -0.174533 0.349066 0 0 -0.174533 0.189649 0.0297367 1.24723 -0.108463 -0.349066 0.0479476 0 7.42411 357.145 -73.6197 -0.083311 -0.121319 0.421574 13.2436 -95.942 -24.8945 
-0.158646 -0.190625 0.795825 0.0142684 0.196615 0.204809 1.34628 0 -0.173847 0.349066 0.0211216 0.00237116 -0.174533 0.253813 0.506945 0.778422 -0.0572694 -0.316735 0 0.0229877 6.8787 358.061 -73.7736 -0.0892283 -0.117129 0.417642 13.2436 -95.942 -24.8945 
-0.174533 -0.197933 0.788114 0.0235348 0.665967 0.140911 0.75307 0.104908 -0.174533 0.349066 0.0453598 0.000520089 -0.142864 0.170251 0.478554 0.666813 -0.0451837 -0.341987 0 0 6.98467 358.814 -74.6056 -0.0830863 -0.118085 0.416137 13.2436 -95.942 -24.8945 
-0.102366 -0.20944 0.676694 0.0721836 0.864853 0.137153 0.387765 0 -0.174467 0.349066 0.0269077 0 -0.174533 0.152894 0.600194 0 -0.0722171 -0.341214 0.0329623 0.0358348 7.32727 358.442 -76.1342 -0.0876647 -0.11533 0.414714 13.2436 -95.942 -24.8945 
-0.0538394 -0.20944 0.676911 0.072007 0.808689 0.188745 0.509623 0.12888 -0.174533 0.349066 0.0132373 0.0875035 -0.174533 0.143376 0.53172 0.136801 -0.0661597 -0.349066 0.0451382 0.0079569 7.30316 358.371 -76.0984 -0.087994 -0.115724 0.414932 13.2436 -95.942 -24.8945 
-0.0871013 -0.20944 0.723262 0.040669 0.908689 0.148012 0.421464 0.117672 -0.174533 0.349066 0.0931278 0.00688447 -0.174533 0.154327 0.51559 0.130389 -0.0619209 -0.312128 0.0465144 0.00635954 6.77739 358.001 -76.0372 -0.0976682 -0.119856 0.417896 13.2436 -95.942 -24.8945 
-0.108841 -0.20944 0.728744 0.0400584 0.92935 0.156024 0.330519 0.287897 -0.174533 0.349066 0.154311 0.00685806 -0.174533 0.15149 0.533286 0.0173845 -0.0828242 -0.314586 0.0656338 0.00696964 6.76668 357.975 -76.0397 -0.0990864 -0.119511 0.418184 13.2436 -95.942 -24.8945 
-0.0996794 -0.20944 0.815134 0.0314452 0.942083 0.0718283 0.232072 0.305594 -0.159291 0.349066 0.259681 0.0108786 -0.165339 0.111729 0.409082 0.610431 -0.077884 -0.333403 0.105957 0.236032 6.91736 359.089 -76.5442 -0.108798 -0.123421 0.437152 13.2436 -95.942 -24.8945 
-0.136973 -0.209234 0.778064 0.121802 0.878083 0.141358 0.18744 0.47852 -0.172142 0.349066 0.246553 0.00826892 -0.154024 0.079003 0.384254 0.74135 -0.0771114 -0.338117 0.130685 0.162241 6.94419 359.002 -76.5616 -0.108449 -0.122979 0.441856 13.2436 -95.942 -24.8945 
-0.174533 -0.15925 0.952302 0.01707 0.944038 0.109465 0.163908 0.0982123 -0.143558 0.349066 0.291476 1.2727 -0.169156 0.0596043 0.66075 0.112906 -0.105243 -0.349066 0 0.206152 7.37255 359.144 -76.3446 -0.105254 -0.118616 0.446351 13.2436 -95.942 -24.8945 
-0.174533 -0.160222 0.828195 0 1.06907 0.238683 0 0 -0.174533 0.340947 0.371436 0.0872699 -0.174533 0.0398699 0.491898 0 -0.0949229 -0.348653 0.22419 0 7.59765 359.933 -76.1793 -0.0965286 -0.107679 0.435754 13.2436 -95.942 -24.8945 
-0.174533 -0.20944 0.760007 0.00097465 1.04115 0.302379 0.293411 0 -0.174533 0.334948 0.230822 0.0648669 -0.108457 -0.0629738 0.227578 0.198924 -0.0452342 -0.349066 0.0754849 0.0398715 9.3123 360.501 -76.697 -0.105433 -0.0890746 0.445358 13.2436 -95.942 -24.8945 
-0.151794 -0.174239 0.724444 0 0.988494 0.349066 0 0 -0.174533 0.32543 0 0.901353 -0.174533 -0.0787378 0.265345 0.108648 -0.136653 -0.349066 0.106153 0 12.3493 361.02 -75.214 -0.0892319 -0.109231 0.496703 13.2436 -95.942 -24.8945 
-0.151061 -0.11122 0.691626 0 1.02196 0.349066 0 0 -0.174394 0.270739 0.0186411 0.409191 -0.174533 -0.0853449 0.0817358 0.0478953 -0.0492179 -0.349066 0.0711566 0 12.3218 361.136 -75.2874 -0.0965498 -0.108233 0.493569 13.2436 -95.942 -24.8945 
-0.146631 -0.107219 0.704939 0 1.07934 0.349066 0.0943305 0 -0.136452 0.349066 0 0.408452 -0.110738 -0.0875455 0.0212759 0.0224732 0.155133 -0.349066 0.0586929 0.0882997 12.125 361.75 -74.5457 -0.119076 -0.118376 0.504592 13.2436 -95.942 -24.8945 
0.00169905 -0.127394 0.539327 0.0820563 1.36914 0.349066 0.0883968 0.00465544 -0.173 0.349066 0 0.366551 -0.146293 -0.0833094 0.0187197 0 -0.0149265 -0.349066 0.247706 0.200164 12.202 361.76 -74.2714 -0.110978 -0.116341 0.502557 13.2436 -95.942 -24.8945 
0.133361 -0.0427139 0.386316 0.0163025 1.5708 0.349066 0.0879697 0 -0.174533 0.348655 0 0 -0.174533 -0.0530941 0.0281904 0.0546935 0.00500297 -0.349066 0.359837 0 12.3951 361.414 -73.9463 -0.120821 -0.121445 0.481384 13.2436 -95.942 -24.8945 
0.26663 -0.0264511 0.156642 0 1.5708 0.349066 0.107852 0 -0.174533 0.348879 0 0.0121812 -0.148355 -0.0850115 0.024766 0.0105326 0.0882267 -0.349066 0.338567 0 12.6626 361.819 -74.6801 -0.13139 -0.109832 0.472544 13.2436 -95.942 -24.8945 
0.350127 -0.0171989 0.0359532 0.0848681 1.5708 0.349066 0.0354273 0 -0.174487 0.349021 0 0.00103565 -0.171112 -0.0794697 0.00157625 0.0157989 0.0583786 -0.349066 0.318335 0 13.1643 361.47 -74.6715 -0.135203 -0.108042 0.471205 13.2436 -95.942 -24.8945 
0.384727 -0.0278402 4.13177e-005 0.0015628 1.5708 0.349065 0.0285748 0 -0.174533 0.349031 0 0 -0.174533 -0.0718112 0 0.00661136 0.135082 -0.349066 0.126426 0 13.2176 361.502 -74.8343 -0.140464 -0.107015 0.46949 13.2436 -95.942 -24.8945 
0.360717 -0.0203383 8.35624e-006 0.00138315 1.5708 0.349066 0.0288815 0 -0.174533 0.349055 0 0 -0.174533 -0.0614412 0 0.00608244 0.207296 -0.349066 0.0204801 0 13.2927 361.456 -75.2238 -0.133397 -0.105608 0.463594 13.2436 -95.942 -24.8945 
0.347494 -0.00661117 2.39095e-006 0.00137061 1.5708 0.349066 0.0279325 0 -0.174533 0.349066 0 0 -0.174533 -0.0510629 0 0.00211839 0.228261 -0.349066 0.05788 0 13.0693 361.438 -75.2486 -0.131948 -0.104352 0.453827 13.2436 -95.942 -24.8945 
0.353731 0.000994685 0 0 1.5708 0.349066 0.0281311 0 -0.174533 0.349066 0 0 -0.174533 -0.0509196 0 0.000295073 0.285589 -0.349066 0 0 13.0899 361.403 -75.2761 -0.131133 -0.105421 0.453469 13.2436 -95.942 -24.8945 
0.331576 0.00925784 0.00115168 0.0111746 1.5708 0.349066 0.0251438 0 -0.174533 0.349066 0 0 -0.16401 -0.0413318 0 0.000168351 0.313585 -0.349066 0.00842102 0.0146479 13.1948 361.234 -75.4883 -0.134446 -0.10103 0.449283 13.2436 -95.942 -24.8945 
0.321555 -0.00666016 0 0.000842546 1.5708 0.349066 0.0142386 0 -0.174533 0.349066 0 0 -0.148419 -0.0454425 0 0 0.355452 -0.349066 0.00593318 0.0367759 13.1882 361.279 -76.2527 -0.139497 -0.0908398 0.444877 13.2436 -95.942 -24.8945 
0.328286 -0.0258714 0 0 1.5708 0.349066 0.0155277 0 -0.174533 0.349066 0 0 -0.169032 -0.0401679 0 0 0.346407 -0.349066 0.00805892 0.018651 13.0859 361.162 -76.2636 -0.138736 -0.091805 0.439277 13.2436 -95.942 -24.8945 
0.375393 -0.0492027 0.0389389 0.0318431 1.5708 0.348684 0.00602006 0.000760552 -0.174533 0.349066 0 0 -0.137922 -0.0591452 0.00560591 0.00256265 0.270895 -0.347909 0 0.00399741 12.6559 361.498 -76.2759 -0.143246 -0.0816615 0.434042 13.2436 -95.942 -24.8945 
0.474803 -0.122414 0.0630794 0.147821 1.5708 0.348701 0.00362655 0.0109169 -0.174427 0.311884 0 0 -0.1175 -0.122319 0.0816431 0 0.154415 -0.348135 0.0183405 0.0894917 12.6617 361.133 -75.7254 -0.159424 -0.0710301 0.442798 13.2436 -95.942 -24.8945 
0.515719 -0.15508 0.314166 0.0472684 1.55306 0.349066 0.00769508 0.580322 -0.174531 0.349066 0 0.00101732 -0.104285 -0.0664802 0 0.0588922 0.0770932 -0.343796 0 0 12.4466 361.318 -74.9958 -0.161265 -0.0910305 0.437121 13.2436 -95.942 -24.8945 
0.351116 -0.20944 0.447671 6.91209e-005 1.54421 0.349066 0 0 -0.174533 0.349066 0 0 -0.0836665 0.0104507 0 0 0.0597812 -0.349066 0 0 13.0333 361.84 -75.6721 -0.159343 -0.0669634 0.449 13.2436 -95.942 -24.8945 
0.202289 -0.20944 0.563314 0 1.48758 0.349066 0 0 -0.174533 0.349066 0 0 -0.151142 0.103901 0 0.199058 -0.0274735 -0.349066 0.314265 0 13.608 361.266 -74.8071 -0.161772 -0.024142 0.447906 13.2436 -95.942 -24.8945 
0.147622 -0.20944 0.586403 0.0860992 1.37766 0.320671 0 0.0397751 -0.173793 0.347966 0 0.00845033 -0.174533 0.100718 0 0.357053 0.0662181 -0.315125 0.0996103 0 14.6281 361.828 -73.9178 -0.165958 -0.00277211 0.464537 13.2436 -95.942 -24.8945 
0.126591 -0.20944 0.676175 0.0942864 1.30417 0.16506 0 0.0457382 -0.174317 0.348896 0 0.00928908 -0.174533 0.0803503 0.0720085 0.0599607 -0.081693 -0.247296 0.415725 0 15.0025 361.353 -74.4401 -0.194023 0.000972614 0.458664 13.2436 -95.942 -24.8945 
0.0651717 -0.20944 0.692943 0.0951072 1.24831 0.0131871 0.0427415 0.0334212 -0.174438 0.349004 0 0.00779808 -0.174533 0.105248 0 0.000716737 0.00203327 -0.209362 0.120128 0 14.5685 361.116 -74.1186 -0.192581 -0.00820085 0.459798 13.2436 -95.942 -24.8945 
0.0704283 -0.20944 0.693924 0.0930812 1.22366 0.0127042 0.130817 0.0332109 -0.174533 0.34905 0 0.00825163 -0.137489 0.111953 0 0.000614745 0.0850767 -0.19585 0.0556979 0 14.3662 361.091 -73.9958 -0.194093 -0.00905381 0.45793 13.2436 -95.942 -24.8945 
0.106314 -0.20944 0.694573 0.0871666 1.23944 0.0429006 0.182485 0.0305074 -0.174533 0.349066 0 0.00736155 -0.169731 0.108528 0 0.000619569 0.092902 -0.202889 0 0 14.3048 361.13 -73.9728 -0.19526 -0.00981578 0.457432 13.2436 -95.942 -24.8945 
0.140956 -0.20944 0.69161 0.0151515 1.05233 -0.0269904 0.42869 0 -0.174533 0.349066 0 0.00765987 -0.170755 0.106681 0 6.28904e-005 0.159844 -0.193999 0.00833302 0 14.1397 361.1 -75.0268 -0.198424 0.00584518 0.456228 13.2436 -95.942 -24.8945 
0.162405 -0.20944 0.717426 0.00950283 1.03004 -0.0754319 0.484449 0.0190703 -0.174533 0.349066 0 0.00870932 -0.135377 0.109573 0 0 0.227076 -0.178274 0 0.0314088 13.738 361.865 -75.2595 -0.197094 -0.00436606 0.442117 13.2436 -95.942 -24.8945 
0.299509 -0.20944 0.685272 0.100525 0.999002 -0.0933629 0.344263 0.120819 -0.174533 0.349066 0 0.0025552 -0.128984 0.0617865 0 0 0.220712 -0.18076 0 0.0290856 14.4543 361.653 -74.8949 -0.206199 -0.0102375 0.466939 13.2436 -95.942 -24.8945 
0.440918 -0.20944 0.679914 0.0986878 0.951094 -0.0262721 0.244371 0 -0.174533 0.349066 0 0.00313281 -0.0978767 0.0780556 0 0 0.291418 -0.163879 0 0.0307791 14.4482 361.759 -75.0059 -0.208111 -0.00765789 0.467088 13.2436 -95.942 -24.8945 
0.488766 -0.20944 0.813447 0.199713 1.02944 -0.0582162 0.0251547 0 -0.174533 0.349066 0 0.00185688 -0.149277 0.109434 0 0 0.299649 -0.289718 0 0 14.0936 361.6 -75.1193 -0.20842 -0.00651504 0.466611 13.2436 -95.942 -24.8945 
0.45587 -0.20944 0.651678 0.282351 0.998701 -0.0181326 0.226847 0 -0.174533 0.349066 0 0.00212275 -0.136984 0.110117 0 0 0.335586 -0.179303 0 0 13.9679 361.126 -74.7963 -0.221996 0.00926628 0.471884 13.2436 -95.942 -24.8945 
0.320302 -0.188935 0.717889 0 1.14994 -0.0663486 0.236205 0 -0.174533 0.349066 0 0.00143298 -0.132389 0.123634 0 0 0.326522 -0.0980414 0 0 14.1424 361.273 -74.6909 -0.22123 0.011408 0.475124 13.2436 -95.942 -24.8945 
0.328457 -0.192153 0.758049 0.000207494 1.16224 -0.00910158 0.123987 0 -0.172241 0.349066 0 0.000554066 -0.171832 0.10497 0.000348864 0 0.306347 -0.170991 0 0 14.415 361.231 -74.2669 -0.208126 0.0108207 0.477325 13.2436 -95.942 -24.8945 
0.17624 -0.20944 0.605048 0 1.14419 0.164259 0.184757 0.0112134 -0.174533 0.345661 0 0 -0.145797 0.127112 0 0 0.40268 -0.349066 0 0.00551576 15.8803 363.031 -73.1884 -0.201357 0.0569644 0.482776 13.2436 -95.942 -24.8945 
0.0577441 -0.20944 0.593774 0 1.21382 0.172527 0 0.0130819 -0.174438 0.346402 0.000583214 0 -0.118722 0.104632 0 0.646789 0.495688 -0.275281 0 0.0048246 16.1374 363.114 -73.2072 -0.199237 0.0632996 0.482268 13.2436 -95.942 -24.8945 
0.0118739 -0.20944 0.474364 0.227056 1.26153 0.194032 0 0.108721 -0.161252 0.345423 0.0179869 0 -0.0413669 0.0308532 0.154153 0.149877 0.500875 -0.298006 0.0186597 0 16.7607 363.366 -73.4125 -0.216749 0.0599305 0.48816 13.2436 -95.942 -24.8945 
0.0364625 -0.207648 0.379636 0.281332 1.27064 0.197885 0 0.110524 -0.173816 0.335904 0 0 -0.0429397 -0.033693 0.0775493 0.0494171 0.462689 -0.349066 0.0101256 0 17.0711 363.452 -73.4297 -0.216299 0.0602871 0.490618 13.2436 -95.942 -24.8945 
0.115491 -0.196084 0.345347 0 1.31471 0.2511 0 0.106457 -0.174336 0.341145 0 0 -0.0279457 -0.0593189 0 0 0.470497 -0.349066 0.0266815 0 17.1007 363.213 -73.4648 -0.221742 0.0616285 0.48713 13.2436 -95.942 -24.8945 
0.178834 -0.202128 0.225755 0.0237034 1.31114 0.262319 0 0.102244 -0.174381 0.349066 0 0 -0.045567 -0.0781582 0 0 0.421588 -0.349066 0.0328755 0 17.1617 363.797 -72.5248 -0.21234 0.0681653 0.484977 13.2436 -95.942 -24.8945 
0.296778 -0.20944 0.108192 0.0405997 1.29444 0.271572 0.000250883 0.0951362 -0.174502 0.347744 0 0.0001782 -0.0756844 -0.0862239 0.0170467 0.00395329 0.388861 -0.349066 0.0407824 0 16.961 363.705 -72.4687 -0.213591 0.0527689 0.486786 13.2436 -95.942 -24.8945 
0.241641 -0.190105 0.120507 0 1.40236 0.304673 0 0.0919133 -0.17453 0.349066 0 0 -0.0850345 -0.071707 0.0012691 0 0.49323 -0.349066 0.0417793 0 16.7046 364.021 -72.3332 -0.21201 0.0507003 0.483833 13.2436 -95.942 -24.8945 
0.158296 -0.153059 0.0641512 0 1.42891 0.349066 0 0.0970646 -0.174533 0.344264 0 0 -0.0771868 -0.114419 0 0 0.512193 -0.349066 0.00158249 0.0280386 16.7076 363.333 -72.7048 -0.214753 0.0458747 0.465211 13.2436 -95.942 -24.8945 
0.115608 -0.152542 0.00071288 0 1.43942 0.349066 0 0.0965816 -0.174533 0.320117 0 0 -0.036678 -0.119402 0.00166619 0 0.533753 -0.349066 0.0132006 0.0524655 16.8992 363.442 -72.6336 -0.212613 0.0458926 0.470456 13.2436 -95.942 -24.8945 
0.0978012 -0.136618 0 0 1.43972 0.349066 0 0.107411 -0.174533 0.318992 0 0 -0.0151493 -0.0982977 0 0 0.569289 -0.349066 0.0128542 0 16.6738 363.583 -72.4689 -0.213164 0.0367255 0.473034 13.2436 -95.942 -24.8945 
0.127198 -0.152498 0 0.0545705 1.5708 0.349066 0.00207522 0.0947673 -0.154506 0.33974 0.0591689 0 0.0399081 -0.14644 0.00126845 0.046638 0.731531 -0.349066 0.00542848 0 16.9545 362.826 -72.4959 -0.245319 -0.000991041 0.474572 13.2436 -95.942 -24.8945 
0.157945 -0.144984 0.00231392 0 1.5708 0.334508 0.00136497 0.0576345 -0.164067 0.349066 0.0590541 0 0.0308999 -0.156829 0.00459231 0.0871636 0.627341 -0.349066 0 0.215204 17.8138 363.8 -72.8957 -0.223701 -0.00406049 0.465555 13.2436 -95.942 -24.8945 
