0.13894 0.069192 0.00278965 0.0757169 -0.0658202 0.349066 0.091488 0 -0.0607953 0.0251165 0.0549489 0 0.1379 -0.0410686 0 0.0231505 0.442323 -0.349066 0 0.00756199 -21.5415 272.872 -44.4205 -0.00951057 0.0467556 -0.0384223 0.0783997 -98.162 -19.083 
0.173356 0.0692405 0.0234676 0 -0.0357187 0.349066 0 0.175704 -0.0518981 0.0814263 0 0.092455 0.118372 -0.0408655 0 0.0191952 0.394684 -0.349066 0 0 -22.2285 273.884 -44.5417 0.00402108 0.0321208 -0.0501366 0.0783997 -98.162 -19.083 
0.178313 0.0674631 0.0202507 0 -0.0257535 0.349066 0.0254815 0.0395129 -0.0644348 0.0814263 0 0.092455 0.111231 -0.0448284 0 0.0191952 0.394684 -0.349066 0 0 -22.2285 273.884 -44.5417 0.00402108 0.0321208 -0.0501366 0.0783997 -98.162 -19.083 
0.174593 0.0876994 0.0429486 0.00206221 -0.0259961 0.349066 0.0250821 0.0379874 -0.0639865 0.081752 0 0.0570284 0.113755 -0.0417308 0 0.0187656 0.391166 -0.349066 0 0 -22.2686 273.927 -44.5263 0.00413862 0.0334467 -0.0510446 0.0783997 -98.162 -19.083 
0.170959 0.0939663 0.0218735 0.116957 -0.023086 0.348079 0.0262569 0.0397052 -0.0544365 0.0840072 0 0.13372 0.120181 -0.0385485 0 0.0233268 0.401529 -0.349066 0 0 -22.0898 273.932 -44.5388 0.003066 0.0339779 -0.0516251 0.0783997 -98.162 -19.083 
0.170959 0.0826274 0.0227741 0.105912 -0.023086 0.348079 0.0262569 0.0397052 -0.0544365 0.0840072 0 0.13372 0.120181 -0.0385485 0 0.0233268 0.401529 -0.349066 0 0 -22.0898 273.932 -44.5388 0.003066 0.0339779 -0.0516251 0.0783997 -98.162 -19.083 
0.120172 0.0929548 0.10981 0.043983 -0.0168932 0.349004 0.0120612 0.0325425 -0.0519724 0.088904 0 0 0.117846 -0.0395558 0 0.0152502 0.417364 -0.349066 0.000171394 0 -22.053 274.045 -44.442 0.00658945 0.0385088 -0.0549708 0.0783997 -98.162 -19.083 
0.118 0.0819385 0.0803162 0.0624269 -0.0158701 0.349005 0.0119265 0.0324234 -0.0519543 0.0889038 0 0 0.119139 -0.0395718 0 0.00203843 0.430552 -0.349066 0.000182734 0 -22.053 274.045 -44.442 0.00657587 0.0385081 -0.0549705 0.0783997 -98.162 -19.083 
0.084167 0.0770966 0.0808599 0.0728756 -0.0315603 0.349048 0.0143213 0.0431628 -0.0633534 0.0831584 0.0205148 0.091344 0.111733 -0.0394084 0 0.000271769 0.43287 -0.349066 5.03096e-005 0 -21.9752 274.039 -44.805 0.00779535 0.0385185 -0.053865 0.0783997 -98.162 -19.083 
0.104037 0.0763288 0.0805545 0.0273042 -0.0291778 0.349066 0.0146861 0.0449219 -0.0554259 0.0971965 0.0166211 0.0888488 0.10448 -0.0452024 0 8.29751e-005 0.399932 -0.349066 2.10947e-005 0 -21.9136 274.118 -44.763 0.00652234 0.038992 -0.0535993 0.0783997 -98.162 -19.083 
0.120378 0.0735423 0.09219 0 -0.048871 0.349066 0.0781876 0.0328862 -0.0326939 0.101812 0.0101095 0.0943604 0.106864 -0.0311097 0 8.36841e-005 0.387493 -0.345833 2.1275e-005 0 -21.8776 274.277 -44.7932 0.00596129 0.0404227 -0.0545805 0.0783997 -98.162 -19.083 
0.103458 0.0641677 0.103948 0 -0.0296575 0.349066 0.0807216 0.0348423 -0.0137298 0.122005 0.0184361 0 0.118766 0.0320328 0 0 0.365038 -0.337053 0.0391181 0 -21.967 274.502 -44.9842 0.00605738 0.0419598 -0.0601323 0.0783997 -98.162 -19.083 
0.112965 0.0798791 0.109659 0 -0.0154295 0.349066 0.0339697 0.0327139 -0.0291315 0.140581 0.00500181 8.87721e-005 0.122175 0.0123735 0 0.0139864 0.334983 -0.347378 0.062792 0 -21.8869 274.536 -44.9985 0.00484104 0.0438604 -0.0637548 0.0783997 -98.162 -19.083 
0.140777 0.0971684 0.0741171 0 -0.0371637 0.349066 0.0353001 0.0315702 -0.0404228 0.131012 0.00689947 5.59585e-005 0.0915351 0.00748532 0 0.00661621 0.34196 -0.318128 0 0 -21.8788 274.54 -44.9553 0.00529121 0.0456001 -0.062978 0.0783997 -98.162 -19.083 
0.133553 0.107174 0.0319102 0.0203836 -0.0427951 0.349066 0.00433029 0.0176711 -0.0370405 0.125368 0.0228796 0.0775876 0.0854623 0.0122143 0.0297387 0.00571393 0.339895 -0.29375 0 0 -21.8983 274.619 -44.9878 0.00539636 0.0448011 -0.0634207 0.0783997 -98.162 -19.083 
0.0617362 0.13638 0.130346 0.135446 -0.0401543 0.349066 0.0160647 0.166276 -0.0433054 0.104664 0.0514697 0.372283 0.114653 0.015343 0.0223002 0.0111518 0.312092 -0.261858 0 0 -21.6007 274.453 -46.7354 0.00718756 0.0422833 -0.058836 0.0783997 -98.162 -19.083 
0.0734316 0.0966596 0.119303 0.200261 -0.0173534 0.349066 0 0.245726 -0.0221578 0.107061 0 1.05521 0.0982342 0.0320258 0 0.138598 0.317327 -0.258722 0 0.00301372 -21.6133 274.346 -46.6314 0.00833689 0.0432223 -0.058572 0.0783997 -98.162 -19.083 
-0.0164837 0.200191 0.3276 0 -0.150681 0.348885 0.170545 0.960441 -0.140444 0.177972 0.546471 0.508536 -0.174533 0.179293 0.497546 0.897383 0.246459 -0.0882152 0.309573 0 -21.3176 274.985 -47.2308 0.0330899 0.0679311 -0.0905371 0.0783997 -98.162 -19.083 
-0.00674406 0.0633688 0.181635 0.266152 -0.174533 0.348902 0.160258 1.43191 -0.174533 0.207916 1.02502 0 -0.163698 0.201488 0.593129 1.52236 0.238717 -0.274769 0.4183 0 -20.6895 274.511 -47.3071 0.0105497 0.0711485 -0.0870247 0.0783997 -98.162 -19.083 
-0.0202556 -0.0442912 0.0272473 0.435753 -0.174533 0.349066 0.54036 1.20256 -0.174533 0.166294 1.23848 0.243268 -0.174533 0.0773535 0.741259 0.722119 0.196909 -0.133682 0.497485 1.5708 -21.8018 274.597 -44.8698 0.011198 0.102862 -0.027904 0.0783997 -98.162 -19.083 
0.185841 -0.0402944 0 0.113103 -0.174533 0.280795 0.742363 1.29602 -0.15082 0.271068 1.7321 1.11754 -0.121783 0.151997 1.13319 0.819084 0.465133 -0.197171 0.260336 1.20549 -21.7633 275.708 -43.7148 0.0413143 0.0864478 -0.0158859 0.0783997 -98.162 -19.083 
0.273955 -0.0699732 0 0.155642 -0.106757 0.244537 1.0842 1.47851 -0.174533 0.173237 1.61134 1.51126 0.142362 0.106809 1.28541 0.457264 0.670082 -0.118007 0 0.912734 -21.7829 276.764 -41.7052 0.0371449 0.111724 0.0178886 0.0783997 -98.162 -19.083 
0.18982 -0.178594 0 0.11604 -0.117425 0.231874 1.38637 1.55578 -0.174533 0.191876 1.74533 1.54527 0.453333 0.219354 1.13219 0.466853 0.60603 0.0941656 0.409085 1.45012 -21.1413 276.135 -40.634 0.0285895 0.180259 0.00753735 0.0783997 -98.162 -19.083 
0.212533 -0.203303 0.0166846 0.154409 -0.136432 0.224905 1.70062 1.5708 -0.174533 0.103548 1.74533 1.35698 0.854179 0.256719 0.341969 0.0760967 0.40465 0.184072 0.438316 1.54946 -23.5398 275.032 -42.066 0.041619 0.179665 0.0319777 0.0783997 -98.162 -19.083 
0.18056 -0.199075 0.0192901 0.493871 -0.126427 0.272168 1.72187 1.5708 -0.174533 0.137151 1.74532 1.5708 0.85912 0.342446 0.225966 0.173974 0.18963 0.340847 0.661347 1.56185 -22.8243 275.405 -42.9136 0.092817 0.209897 0.0410864 0.0783997 -98.162 -19.083 
0.162034 -0.208229 0.0819576 0.6209 -0.0367367 0.277753 1.7346 1.56898 -0.152272 0.349066 1.74533 1.53421 1.02841 0.265618 0.210024 0.143358 0.290946 0.349066 0.53617 1.56851 -23.0163 275.409 -42.5416 0.0869425 0.201197 0.0415116 0.0783997 -98.162 -19.083 
0.199249 -0.20944 0.0866468 0.227664 0.137404 0.276337 1.73428 1.56867 -0.174533 0.349066 1.74533 1.53669 1.12818 0.251371 0.146819 0 0.371661 0.349066 0.282102 1.56862 -23.0076 274.949 -42.2467 0.0836286 0.200584 0.0367064 0.0783997 -98.162 -19.083 
0.031207 -0.20944 0.326146 0.151683 0.315372 0.121984 1.74533 1.56486 -0.0656634 0.324049 1.74533 1.5523 1.13771 0.186035 0.258546 0 0.321376 0.34471 0.987945 1.5708 -23.872 274.416 -42.4889 0.089751 0.213836 0.0291951 0.0783997 -98.162 -19.083 
0.0061357 -0.20944 0.246511 0.196722 0.336327 0.297369 1.7023 1.51734 0.350373 0.349066 1.74533 1.5708 1.20416 0.222872 0.0937594 0.120679 0.402617 0.34309 1.72229 1.55346 -22.553 275.467 -43.8247 0.0865732 0.210327 0.0394122 0.0783997 -98.162 -19.083 
0.520397 -0.20944 0.0166424 0 0.397725 0.270041 1.74533 1.5708 0.455644 0.146672 1.72029 1.57074 1.102 0.200529 0.045711 0.0539201 0.313914 0.34424 1.71107 1.52513 -18.986 273.36 -44.942 0.216101 0.0409822 -0.00786319 0.0783997 -98.162 -19.083 
0.486091 -0.20944 0.0140165 0 0.492498 0.349066 1.74356 1.55619 0.516264 0.164431 1.681 1.57077 0.895734 0.220956 0.0873896 0.0501435 0.267424 0.345292 1.71801 1.51913 -16.697 271.404 -45.0566 0.258147 0.0387226 -0.0396948 0.0783997 -98.162 -19.083 
0.538801 -0.209373 0 0 0.233393 0.349066 1.74533 1.56644 0.79714 0.0633568 1.71187 1.5708 0.905473 0.128048 0.210621 0 0.474904 0.346736 1.74533 1.52541 -16.945 273.104 -45.3964 0.25799 0.044849 -0.0380819 0.0783997 -98.162 -19.083 
0.681913 -0.199786 0 1.3492 0.168278 0.349066 1.74533 1.56768 0.710928 0.258958 1.74533 1.5708 0.988201 0.116233 0 0.170605 0.351793 0.349066 1.73439 1.48904 -13.9465 273.024 -44.2365 0.340379 0.0195033 0.0130509 0.0783997 -98.162 -19.083 
0.523982 -0.186678 0.000176853 1.42986 0.0981204 0.349066 1.74533 1.5694 0.659039 0.257379 1.74533 1.5708 0.991591 0.0440732 0 0.10146 0.137854 0.335305 1.74533 1.5054 -14.4961 272.052 -43.9132 0.360048 -0.018063 0.0310164 0.0783997 -98.162 -19.083 
0.269599 -0.197211 0.0129314 1.35788 0.0263218 0.347125 1.74533 1.56999 0.47281 0.32003 1.74533 1.52094 0.931311 -0.0661076 0.000200146 0.0400364 -0.155707 0.3374 1.741 1.47588 -14.7975 270.61 -44.6939 0.396303 -0.0569171 0.026036 0.0783997 -98.162 -19.083 
0.348505 -0.19638 0 0.788023 -0.144622 0.348172 1.74533 1.57025 0.381671 0.320806 1.74533 1.53911 0.945571 -0.0593265 0.0141945 0.027056 -0.163412 0.342146 1.74231 1.46558 -14.5388 270.174 -44.4847 0.3863 -0.0569652 0.0340238 0.0783997 -98.162 -19.083 
0.409889 -0.20944 0.0525674 0.734341 -0.174533 0.34717 1.74477 1.54836 0.352082 0.339233 1.74356 1.5489 0.983719 -0.127401 0.037471 0 -0.165151 0.310155 1.7298 1.45652 -14.3611 268.154 -44.0538 0.369424 -0.0961373 0.0442533 0.0783997 -98.162 -19.083 
0.312002 -0.20944 0.0852283 0.544096 -0.12901 0.349031 1.74532 1.54219 0.395712 0.347966 1.74495 1.56593 0.932055 -0.187746 0 0 -0.166946 0.340986 1.74443 1.46808 -14.019 268.64 -43.6285 0.392403 -0.12191 0.0628705 0.0783997 -98.162 -19.083 
0.409162 -0.20944 0.050142 0.293923 -0.0864198 0.349066 1.72029 1.56757 0.388909 0.349066 1.74533 1.56745 0.94362 -0.157578 0 0 -0.163776 0.342785 1.74203 1.54466 -12.964 268.713 -44.4353 0.412756 -0.125039 0.0841172 0.0783997 -98.162 -19.083 
0.375259 -0.206307 0.0889924 0.0130497 -0.158155 0.349011 1.73843 1.57032 0.358331 0.332061 1.74533 1.5708 0.923934 -0.163939 0 0.00654474 -0.17223 0.331917 1.74223 1.54763 -12.0748 267.301 -44.4909 0.431641 -0.125216 0.104765 0.0783997 -98.162 -19.083 
0.171457 -0.186523 0.252325 0.0954533 -0.171376 0.349066 1.73678 1.57035 0.301903 0.344638 1.74533 1.56305 0.954843 -0.159646 0 0 -0.170089 0.344619 1.73979 1.55196 -12.1209 266.795 -44.863 0.429839 -0.127282 0.0980834 0.0783997 -98.162 -19.083 
0.0110889 -0.202769 0.243698 0.079137 -0.166481 0.349066 1.73333 1.57015 0.0826853 0.349066 1.74533 1.5652 0.902942 -0.219846 0 0.0176666 -0.169998 0.344196 1.74533 1.54657 -11.8726 267.041 -44.6466 0.440654 -0.123889 0.0993787 0.0783997 -98.162 -19.083 
-0.0112715 -0.205279 0.173008 0.00688477 -0.174533 0.349066 1.74533 1.57057 -0.174533 0.275709 1.74533 1.55906 0.892129 -0.212982 0 0.0147161 -0.173031 0.347708 1.74533 1.5708 -12.1666 267.065 -44.5806 0.41949 -0.11694 0.105387 0.0783997 -98.162 -19.083 
0.0293357 -0.20279 0.137104 0.229458 -0.174533 0.309339 1.74533 1.56607 -0.174533 0.203144 1.74533 1.56631 0.820332 -0.25457 0.00476779 0.0748864 -0.174533 0.349037 1.74533 1.5708 -12.2455 266.635 -44.2227 0.370398 -0.138969 0.0840904 0.0783997 -98.162 -19.083 
0.161476 -0.20944 0 0.0568399 -0.174533 0.349066 1.74533 1.5708 -0.174432 0.0691054 1.74533 1.5635 0.862211 -0.249809 0 0 -0.174533 0.349066 1.74533 1.5708 -12.3276 265.86 -44.3757 0.318062 -0.157578 0.0670716 0.0783997 -98.162 -19.083 
0.207586 -0.206441 0.0133074 0.142665 -0.174533 0.300424 1.74533 1.56992 -0.174533 0.0219181 1.72758 1.56836 0.919137 -0.290923 0.135199 0.074027 -0.171701 0.347907 1.74533 1.57025 -12.8918 267.069 -44.1977 0.293835 -0.186307 0.0587385 0.0783997 -98.162 -19.083 
0.321612 -0.204399 0 0.156735 -0.174533 0.346714 1.63048 1.56266 -0.174533 0.0495184 1.74416 1.57079 0.993742 -0.335691 0.00731024 0 -0.173077 0.347677 1.74533 1.57079 -12.9851 269.277 -44.1663 0.289506 -0.223034 0.0260694 0.0783997 -98.162 -19.083 
0.394899 -0.135901 0 0.192105 -0.173254 0.349066 1.74533 1.56144 -0.174533 0.00334733 1.74533 1.54123 0.976558 -0.269344 0.0528103 0.0286306 -0.174425 0.339842 1.74533 1.54187 -11.8189 272.088 -41.5417 0.279122 -0.184568 0.0354783 0.0783997 -98.162 -19.083 
0.457947 -0.104418 0 0.14911 -0.0728902 0.273422 1.73041 0.568852 -0.174533 0.139611 1.74533 1.4463 1.44079 -0.218948 0 0 -0.174402 0.349066 0.295672 1.5538 -12.1645 272.801 -40.8677 0.186045 -0.230376 -0.0189768 0.0783997 -98.162 -19.083 
0.423426 -0.0533767 0.0321175 0.102326 -0.156707 0.337697 1.67441 0.774347 -0.174533 0.122694 1.46842 1.26789 1.5708 -0.158785 0 0 -0.174533 0.349066 0 1.56649 -10.4087 272.36 -38.7363 0.152476 -0.199441 -0.0136624 0.0783997 -98.162 -19.083 
0.384026 -0.0541873 0.0374584 0.00417779 -0.170038 0.344273 0.88553 1.5708 -0.174533 0.197009 1.19908 1.20091 1.39702 -0.135638 0 0 -0.174533 0.349066 0 1.5708 -10.3838 272.604 -38.9575 0.151491 -0.189523 -0.0178417 0.0783997 -98.162 -19.083 
0.430248 -0.0676856 0.0368573 0 -0.174533 0.279267 0.653209 1.5708 -0.174533 0.038418 1.2372 1.44252 1.21914 -0.349066 0 0.00871557 -0.174533 0.267526 0 0.909939 -10.5222 274.229 -38.2507 0.136149 -0.199245 -0.004622 0.0783997 -98.162 -19.083 
0.523304 0.0358243 0.0199513 0.0383732 -0.0780026 0.281134 0.39449 1.5708 -0.174488 0.0103213 1.16259 1.5708 1.25329 -0.229897 0.0025032 0.0179709 -0.174533 0.199933 0 0.869229 -10.1047 274.46 -38.1248 0.114335 -0.224347 -0.0301911 0.0783997 -98.162 -19.083 
0.467287 0.0136394 0.00493029 0.00515784 -0.174533 0.308003 0.615991 0.966967 -0.158813 0.0600704 0.481875 1.56964 1.23364 -0.214899 0.0284787 0.015608 -0.174345 0.101556 0 0 -10.6439 274.29 -37.8702 0.109506 -0.221649 -0.0517728 0.0783997 -98.162 -19.083 
0.505573 0.015116 0.00805284 0 -0.166513 0.327345 0.877398 0 -0.174533 0.0783065 0.361335 0.648088 1.21847 -0.199271 0.04054 0.000623399 -0.174533 0.0220903 0 0.0555355 -12.0616 275.47 -38.8136 0.0939105 -0.226068 -0.0576821 0.0783997 -98.162 -19.083 
0.605688 0.0132819 0 0 -0.174533 0.339967 0.692958 0 -0.174533 0.0437529 0.359656 0.794255 1.24791 -0.213153 0.0431121 0 -0.174533 -0.0749021 0 0.365675 -12.2553 276.759 -38.0754 0.07494 -0.214424 -0.0368753 0.0783997 -98.162 -19.083 
0.601275 0.0126039 0 0 -0.143268 0.347661 0.575118 0.0624665 -0.170376 0.0255143 0.315521 0.173342 1.25451 -0.214027 0.0420316 0 -0.174533 -0.130639 0 0.257677 -12.2946 276.672 -37.4012 0.0756278 -0.215435 -0.0352645 0.0783997 -98.162 -19.083 
0.619079 0.0157422 0 0 -0.0941335 0.348001 0.550738 0.000892594 -0.174533 0.0275258 0.313033 0 1.25355 -0.216143 0.039823 0 -0.174533 -0.129948 0 0.195741 -12.3012 276.574 -37.4849 0.0758592 -0.215711 -0.0337269 0.0783997 -98.162 -19.083 
0.590481 0.0145245 0 0 -0.00431319 0.347836 0.329861 0 -0.174533 0.0136841 0.208424 0 1.25068 -0.215964 0.0423954 0 -0.174533 -0.134663 0 0.027853 -12.2678 276.571 -37.6412 0.0756018 -0.20977 -0.033709 0.0783997 -98.162 -19.083 
0.600207 0.00292592 0 0 -0.0626909 0.349052 0.347927 0 -0.167114 -0.0284274 0.0913977 0 1.24235 -0.241173 0.0314066 0 -0.174533 -0.267976 0 0.0380159 -11.8952 277.319 -37.2663 0.0963481 -0.205831 -0.0244516 0.0783997 -98.162 -19.083 
0.649538 0.0220076 0 0.00446289 -0.0615021 0.349066 0.31359 0 -0.174533 -0.0212587 0.0394887 0.0632454 1.23385 -0.241486 0.0327966 0 -0.174533 -0.300535 0 0.000691448 -12.3556 277.31 -37.4154 0.0931193 -0.204633 -0.0217131 0.0783997 -98.162 -19.083 
0.721851 0.0973987 0 0.00214048 -0.0921165 0.349066 0.295565 0.0410472 -0.174533 -0.0213332 3.72194e-005 0 1.19383 -0.25927 0.0162393 0.00334385 -0.174533 -0.333858 0.00047645 0 -12.1165 277.359 -37.0139 0.0968847 -0.188047 -0.0239096 0.0783997 -98.162 -19.083 
0.693669 0.108723 0 0 -0.105914 0.349066 0.271825 0.0400221 -0.174533 -0.0159829 0 0.0611993 1.1886 -0.266853 0.0188207 0.00318885 -0.174533 -0.336515 0.00146319 0 -11.7058 277.349 -36.8839 0.101818 -0.177511 -0.0231518 0.0783997 -98.162 -19.083 
0.67165 0.0785907 0.00131806 0.0237599 -0.0894455 0.349066 0.198183 0.114077 -0.174533 -0.0508572 0 0.0491135 1.1759 -0.264955 0.018173 0.00315939 -0.174533 -0.34269 0.000757734 0.00623551 -11.7055 277.338 -36.8931 0.102226 -0.177455 -0.0230587 0.0783997 -98.162 -19.083 
0.655112 0.0613682 0.00099102 0 -0.0221871 0.349066 0.0836837 0.105779 -0.174533 -0.0327489 0.000422727 0.0185257 1.18506 -0.264384 0.0129155 8.14167e-005 -0.174533 -0.34085 0.000164653 0.0413566 -11.843 277.146 -36.9406 0.102785 -0.180598 -0.0237808 0.0783997 -98.162 -19.083 
0.641423 0.0498368 0 0 -0.0374256 0.349066 0.126327 0 -0.174533 -0.0431585 0 0.0169342 1.16501 -0.260626 0 0 -0.169897 -0.347639 0.0264036 0.0156452 -11.9646 277.009 -37.335 0.100268 -0.16875 -0.0158469 0.0783997 -98.162 -19.083 
