0.181694 0.0941379 0.0201921 0 -0.0746942 0.349066 0.0350196 0.119221 -0.174533 0.0725245 0.0141291 0.23602 0.0146113 -0.0479154 0.0139283 0 0.321039 -0.322257 0 0 7.41446 346.529 -73.2226 0.0700009 -0.0177476 0.321493 11.8752 -98.845 -9.412 
0.109018 0.149801 0.070814 0 -0.174533 0.349066 0.0405885 0 -0.174533 0.095421 0 0 -0.112646 -0.00322946 0.0161042 0.00536524 0.281575 -0.251636 0 0 4.22386 347.903 -76.492 0.121571 0.0219516 0.26977 11.8752 -98.845 -9.412 
0.132829 0.120853 0 0 -0.17108 0.348977 0.0561569 0.00509777 -0.174533 0.127641 0 0 -0.124503 -0.0156257 0.00104875 0 0.26976 -0.189387 0.00645168 0 4.17351 347.937 -77.1463 0.12036 0.0209832 0.244845 11.8752 -98.845 -9.412 
0.161134 0.0875654 0.00306336 0 -0.174533 0.349066 0.0842526 0.00636917 -0.174533 0.178261 0 0 -0.127061 0.0347051 0.00130572 0 0.233248 -0.197264 0.00456702 0 1.27274 349.035 -79.4135 0.126997 -0.000155302 0.204088 11.8752 -98.845 -9.412 
0.196922 0.115599 0 0 -0.174533 0.349066 0.0846817 0 -0.174533 0.176488 0 0 -0.129361 0.0179336 0.000110578 0 0.237338 -0.17575 0.0047631 0 1.29966 349.356 -79.7085 0.134064 -0.00107198 0.207132 11.8752 -98.845 -9.412 
0.172412 0.0977041 0 0 -0.174533 0.347927 0.0777389 0 -0.174533 0.155676 0.00442999 0 -0.142397 0.0239855 0.0314964 0 0.252337 -0.189483 0.00245232 0.0214093 2.09023 349.755 -80.4086 0.13102 -0.0046579 0.216374 11.8752 -98.845 -9.412 
0.216972 0.0889289 0.00332186 0 -0.174319 0.349066 0.0677503 0.0348771 -0.174533 0.164515 0.00318044 0 -0.132348 0.0229001 0.000620817 0 0.194571 -0.166818 0.00830917 0 1.80221 350.255 -80.6543 0.123793 -0.00504271 0.21299 11.8752 -98.845 -9.412 
0.211354 0.02868 0 0.00053102 -0.174533 0.348001 0.181186 0 -0.174533 0.16117 0 0 -0.174514 -0.00608716 0.0713222 0.00282458 0.0974237 -0.18842 0.0179586 0.159957 2.03336 351.876 -81.1539 0.113269 -0.0284448 0.237118 11.8752 -98.845 -9.412 
0.244729 -0.0638061 0 0 -0.174533 0.349066 0.272125 0.24345 -0.174533 0.134389 0 0.0424507 -0.142989 -0.0245027 0.0198529 0 0.194234 -0.184467 0 0.00612422 -0.897452 353.109 -81.2664 0.0447262 0.00500378 0.232812 11.8752 -98.845 -9.412 
0.3883 -0.104071 0 0 -0.174533 0.349066 0.589064 0 -0.174533 0.128064 0.000424349 0.220461 -0.119379 -0.0578864 0 0.150394 0.219682 -0.265508 0.0473685 0 0.0305131 357.575 -78.9276 0.01459 -0.0347002 0.271173 11.8752 -98.845 -9.412 
0.453347 -0.126761 0 0 -0.174533 0.349066 0.568809 0 -0.174533 0.124262 0.000314849 0 -0.114247 -0.0835453 0.00805605 0.00191538 0.172502 -0.265244 0 0 0.0244248 357.562 -78.9188 0.0151759 -0.0344511 0.281559 11.8752 -98.845 -9.412 
0.556931 -0.191646 0.0149059 0 -0.166186 0.349066 0.94375 0.0962303 -0.174533 0.134358 0.00861067 0.0788947 -0.174533 -0.101884 0.103036 0 0.128711 -0.344575 0 0.0100385 3.73767 359.823 -78.2595 0.0186574 -0.113446 0.340779 11.8752 -98.845 -9.412 
0.590269 -0.201621 0.0182646 0 -0.167069 0.349066 0.940885 0.0939804 -0.174533 0.161164 0.0111932 0.0831348 -0.17221 -0.0823883 0.0984418 0.00474263 0.104332 -0.295717 0.00737304 0.0104399 3.70471 359.817 -78.2575 0.0188841 -0.112892 0.340675 11.8752 -98.845 -9.412 
0.659081 -0.208989 0.00364588 0.0448164 -0.143439 0.349066 1.11757 0.0195548 -0.174533 0.171502 0.0370551 0.0685216 -0.173571 -0.0684382 0.0993045 0 0.0950966 -0.275727 0.064916 0 3.71651 360.057 -78.8115 0.0206253 -0.123176 0.330189 11.8752 -98.845 -9.412 
0.614097 -0.197363 0.00986478 0 0.463706 0.349066 0.504296 0.543999 -0.174533 0.234417 0 0.443881 -0.147762 -0.0175125 0.126613 0 0.126046 -0.247463 0.0236649 0 5.60356 361.451 -75.5618 0.00254199 -0.0907542 0.320332 11.8752 -98.845 -9.412 
0.550117 -0.20944 0.0404723 0.0753799 0.391263 0.349063 0.762208 0.0928742 -0.167195 0.225211 0.0176644 1.06937 -0.145323 0.00215404 0.0791492 0.0269764 0.252137 -0.255074 0.0179088 0.125027 5.35943 361.223 -74.5156 -0.0167675 -0.0449246 0.339202 11.8752 -98.845 -9.412 
0.550984 -0.20944 0.0850152 0 0.649586 0.349066 0.769555 0 -0.174533 0.268516 0.147936 0.0122912 -0.102348 -0.076864 0.0146011 0.0128147 0.215082 -0.291165 0 0.0842055 3.90222 361.438 -74.991 -0.0164925 -0.0413104 0.345112 11.8752 -98.845 -9.412 
0.578881 -0.20944 0.00303557 0.129848 0.860255 0.349066 0.570436 0 -0.174533 0.200841 0.175523 0 -0.1169 -0.0761779 0.127514 0.000397608 0.285997 -0.298427 0.00308365 0.0335162 5.02123 361.082 -74.8373 -0.0155603 -0.0243013 0.360811 11.8752 -98.845 -9.412 
0.572385 -0.20944 0.00819423 0.115928 0.87529 0.349066 0.389454 0.409556 -0.174533 0.216431 0.143208 0.216192 -0.149892 -0.0937054 0.190716 0 0.321158 -0.329749 0 0.0137303 4.56714 359.899 -74.3669 -0.0284391 -0.0244332 0.37728 11.8752 -98.845 -9.412 
0.627799 -0.20944 0.0139547 0.350434 0.871222 0.349066 0.150069 0.300917 -0.174533 0.147925 0.162338 0 -0.12769 -0.0384404 0.0570381 0.132487 0.204077 -0.336223 0 0 4.67832 359.961 -75.344 -0.005572 -0.0668118 0.375124 11.8752 -98.845 -9.412 
0.480658 -0.205364 0 0.460496 0.987535 0.349066 0.38605 0.138702 -0.174533 0.0576342 0.235631 0 -0.113453 -0.146359 0.0387408 0.0452374 0.199822 -0.347272 0.0500793 0 3.88574 360.136 -75.6782 -0.00703994 -0.0278242 0.398189 11.8752 -98.845 -9.412 
0.506976 -0.204975 0 0.628213 0.945653 0.349052 0.44244 0.144367 -0.174533 0.116302 0.216644 0.265006 -0.156357 -0.166431 0.0969248 0.045907 0.198091 -0.346533 0.0735397 0 3.94392 360.15 -75.7897 -0.00767862 -0.0274527 0.404347 11.8752 -98.845 -9.412 
0.515359 -0.20944 0.0093826 0 0.806038 0.349066 0.365554 0.202993 -0.174533 0.169758 0.0896757 0.177449 -0.159438 0.0324171 0.0237649 0.0370843 -0.00942545 -0.312513 0.205708 0 6.32666 360.098 -75.1329 0.0373347 -0.0741673 0.383296 11.8752 -98.845 -9.412 
0.410349 -0.20944 0.0633524 0.453924 0.733534 0.349066 0.350651 0 -0.174533 0.182855 0.210877 0.424744 -0.152574 -0.181943 0.00868942 0.0561175 0.162484 -0.271322 0.143851 0 6.04053 360.103 -75.5621 0.0193115 -0.0806335 0.376791 11.8752 -98.845 -9.412 
0.485489 -0.20944 0 0.345354 0.27689 0.349066 0.854995 0.370015 -0.174533 0.0923652 0.179204 0 -0.15098 -0.137351 0.0777887 0 0.00943468 -0.347369 0.228034 0 6.14026 359.502 -73.9752 0.0157137 -0.0693004 0.399698 11.8752 -98.845 -9.412 
0.622092 -0.156764 0.00571373 0 0.0268215 0.349066 0.380918 0.859345 -0.174533 0.0976901 0.172939 0 -0.0875733 -0.108892 0.00056793 0.152813 0.171005 -0.349066 0 0 7.14289 360.436 -75.3544 0.0418657 -0.0825374 0.372036 11.8752 -98.845 -9.412 
0.589666 -0.160078 0 0 -0.0935835 0.349066 0.633086 0.0677208 -0.156149 0.130728 0.123487 0.149208 -0.0424134 -0.0817016 0.000129619 0.0199858 0.123194 -0.30782 0.0966279 0 6.96591 360.196 -76.3359 0.0227149 -0.0817843 0.353107 11.8752 -98.845 -9.412 
0.550922 -0.102019 0.0181065 0 -0.174533 0.349066 0.606533 0.117768 -0.173994 0.118094 0.180343 0.0888075 -0.0458458 -0.0873494 2.25952e-005 0.0734044 0.158532 -0.340861 0 0 6.21497 360.163 -76.8017 0.0356471 -0.0810789 0.337378 11.8752 -98.845 -9.412 
0.54371 -0.0697114 0 0 -0.152307 0.343646 0.441769 0 -0.172183 0.0879065 0.202231 0.100305 -0.0488798 -0.0911396 0 0.0430415 0.202311 -0.343831 0.069526 0 6.24424 359.805 -76.6191 0.0312536 -0.0776779 0.334523 11.8752 -98.845 -9.412 
0.5434 -0.0612464 0 0 -0.173877 0.335128 0.324175 0.00664717 -0.174517 0.0765718 0.206162 0.0807419 -0.0452745 -0.131382 0 0.00658351 0.218709 -0.34402 0.045469 0 6.36494 359.678 -76.6129 0.0348693 -0.0823189 0.335356 11.8752 -98.845 -9.412 
0.528299 -0.0178316 0 0 -0.173877 0.312541 0.246319 0.00664717 -0.174517 0.0765718 0.206162 0.0807419 -0.0452745 -0.131382 0 0.00658351 0.218709 -0.34402 0.045469 0 6.36494 359.678 -76.6129 0.0348693 -0.0823189 0.335356 11.8752 -98.845 -9.412 
0.40622 -0.00227271 0.0135207 0 -0.174308 0.302124 0.11567 0.00815567 -0.174532 0.0505311 0.108157 0.0275555 -0.105829 -0.122049 0 0.217969 0.217888 -0.339829 0.00643111 0 6.73325 358.17 -77.3533 0.0472991 -0.0557654 0.327313 11.8752 -98.845 -9.412 
0.395702 0.0500581 0 0 -0.174533 0.3309 0.00653055 0.0882797 -0.17226 0.0683367 0.133614 0.0185159 -0.0903557 -0.117166 0 0.0016541 0.249495 -0.336748 0.0022902 4.29154e-005 5.92018 356.934 -76.5917 0.0248493 -0.0563412 0.298323 11.8752 -98.845 -9.412 
0.390139 0.053514 0 0 -0.174533 0.328096 0 0.0826975 -0.174533 0.0517257 0.0921284 0.0157844 -0.101921 -0.118439 0.0117476 0 0.21457 -0.349066 0.0530333 2.50187e-005 5.92179 356.779 -76.6065 0.0293129 -0.0555447 0.299053 11.8752 -98.845 -9.412 
0.350155 0.0453073 0 0 -0.174533 0.321109 0 0.081655 -0.174234 0.0555419 0.0949031 0.0443119 -0.0543825 -0.108302 0.00340581 0.000178838 0.24266 -0.345463 1.49659e-005 5.59023e-007 6.13331 356.293 -76.7247 0.0296039 -0.0626302 0.301845 11.8752 -98.845 -9.412 
0.325909 0.0540826 0 0 -0.174533 0.318076 0 0.0526349 -0.174533 0.0730396 0.104193 0.019762 -0.0390886 -0.124758 0.000382153 0 0.27572 -0.349066 0 5.67706e-007 6.14583 356.18 -76.6897 0.0309197 -0.0587983 0.302157 11.8752 -98.845 -9.412 
0.303487 0.0459329 0 0 -0.174533 0.319215 0.0389988 0.0530588 -0.146174 0.0736723 0.100003 0.0199212 -0.0264756 -0.123646 0 0 0.316793 -0.330585 0 5.72278e-007 6.33271 356.152 -76.7176 0.0311785 -0.0594238 0.302496 11.8752 -98.845 -9.412 
0.274852 0.065521 0 0 -0.174533 0.321213 0.0364967 0.059388 -0.174533 0.0591548 0.211435 0 -0.023423 -0.0914411 0 0 0.241447 -0.332992 0 5.3556e-007 6.97593 354.876 -76.4322 0.0349268 -0.0796842 0.302407 11.8752 -98.845 -9.412 
0.28334 0.0655703 4.06983e-005 8.79316e-005 -0.174533 0.340215 0.0219795 0.119187 -0.174533 0.0612077 0.161031 0.0310083 -0.00517672 -0.135604 0 0 0.300931 -0.333035 0 1.27345e-007 7.03744 354.732 -76.341 0.0379821 -0.077009 0.305732 11.8752 -98.845 -9.412 
0.295428 0.0655703 4.06983e-005 8.79316e-005 -0.174533 0.340215 0.0219795 0.119187 -0.174533 0.0701023 0.161031 0.0310083 -0.00517672 -0.121071 0 0 0.300931 -0.333035 0 1.27345e-007 7.03744 354.732 -76.341 0.0379821 -0.077009 0.305732 11.8752 -98.845 -9.412 
0.308321 0.00520687 0 0 -0.174533 0.304054 0 0.000878538 -0.174533 0.0990066 0.14791 0 -0.0210655 -0.123739 0 0 0.277426 -0.33068 0 0.000215933 7.78869 354.812 -77.0987 0.0402245 -0.0849327 0.317652 11.8752 -98.845 -9.412 
0.431412 -0.0512395 0 0 -0.174533 0.343529 0.00143615 0 -0.174533 0.228883 0.160864 0.0795384 -0.0525772 -0.00752464 6.4785e-005 0 0.205518 -0.289355 0 5.96804e-006 8.9826 355.489 -76.0887 0.0587828 -0.0961805 0.288002 11.8752 -98.845 -9.412 
0.591702 -0.106733 0 0.000268429 -0.174533 0.180645 0.00219779 0.283511 1.4773 -0.0135464 0.024617 0 -0.0850434 -0.0403119 0.0133746 0.109536 0.101784 -0.266868 0 0 8.63666 355.958 -76.4414 0.0480883 -0.0923488 0.278775 11.8752 -98.845 -9.412 
0.294574 -0.0919038 0.272367 0 -0.174533 0.224147 0.092881 0.196078 1.24616 -0.00686333 0.108634 0.0740272 -0.174533 0.13531 0.0729144 0 0.0572565 -0.176022 0 0 7.54967 356.273 -76.2431 0.0555986 -0.0889073 0.278701 11.8752 -98.845 -9.412 
0.324725 -0.117183 0.306883 0.342829 -0.174533 0.272752 0.490038 0.240049 1.46702 0.232915 0.0299038 0.105555 -0.174533 0.0522465 0.164876 0.249867 -0.0830599 -0.283302 0.0412595 0 7.28028 355.936 -73.6086 0.0125503 -0.13121 0.292541 11.8752 -98.845 -9.412 
0.361072 -0.191405 0.295723 0 -0.169818 0.288854 0.33011 0 1.3723 -0.0150225 0.0481317 0.0432336 -0.174533 0.130826 0.237364 0 -0.0378584 -0.292398 0.103039 0.00508783 6.49442 357.377 -75.1061 0.0339135 -0.090315 0.291102 11.8752 -98.845 -9.412 
0.478545 -0.16972 0.355695 0.088114 -0.0895557 0.333885 0.461628 0 1.3568 -0.158448 0 0.0266435 -0.151992 0.210437 0.226324 0.406689 -0.0664529 -0.218066 0.10898 0.0954005 7.94823 360.913 -72.225 0.0357609 -0.164173 0.289907 11.8752 -98.845 -9.412 
0.398906 -0.20944 0.356403 0 -0.130361 0.31091 0.340235 0.00159002 1.26473 -0.144728 0.0880915 0 -0.144289 0.149881 0.209166 0.696685 0.0416937 -0.15112 0 0.0626015 8.98569 360.577 -71.1092 0.0400066 -0.114817 0.309189 11.8752 -98.845 -9.412 
0.459066 -0.20944 0.280532 0 -0.0131303 0.341113 0.0210022 0.0238265 1.29419 -0.0764193 0.0121826 0 -0.105303 0.30396 0.274334 0.649586 0.00386873 -0.182467 0 0 9.21701 359.843 -71.323 0.0258231 -0.126282 0.321077 11.8752 -98.845 -9.412 
0.49454 -0.208931 0.306751 0 -0.0668104 0.344002 0.00405285 0.0211997 1.43148 -0.10417 0.0490993 0 -0.155935 0.257355 0.334525 0.341923 -0.0984033 -0.225506 0 0.0753438 8.7745 359.411 -71.218 0.020007 -0.140804 0.318414 11.8752 -98.845 -9.412 
0.416198 -0.20944 0.332014 0.262129 -0.0263066 0.345283 0.0525583 0.00600176 1.29878 -0.0747052 0 0 -0.172838 0.279635 0.586278 0.0534619 -0.0544919 -0.190687 0 0.0849016 8.16833 359.49 -72.2082 0.0211087 -0.173279 0.301088 11.8752 -98.845 -9.412 
0.551814 -0.20944 0.312194 0 -0.132668 0.349066 0 0 1.17384 -0.314633 0.025471 0 -0.169032 0.330226 0.0164323 1.25036 -0.0280823 -0.145142 0 0.0446843 7.81807 359.712 -71.7774 0.053939 -0.132146 0.28929 11.8752 -98.845 -9.412 
0.2306 -0.20944 0.419618 0.0694613 -0.101365 0.349066 0 0.192538 1.22867 -0.0531795 0.239719 0 -0.149279 0.349066 0.257302 0.413666 -0.0491026 -0.17044 0 0 8.03619 359.91 -71.1283 0.0673021 -0.137162 0.287872 11.8752 -98.845 -9.412 
0.436649 -0.20944 0.326884 0.0159813 -0.13268 0.348519 0.00168665 0.206619 1.28577 -0.0787095 0 0.000915227 -0.174533 0.349066 0.531577 0.215298 -0.0611557 -0.144591 0.0173633 0 7.96193 360.345 -70.9852 0.0704903 -0.127833 0.280763 11.8752 -98.845 -9.412 
-0.0465311 -0.20944 0.643887 0 -0.123504 0.349066 0 0 1.32017 -0.0587367 0.0092889 0 -0.174533 0.349066 0.320284 0.693163 -0.115209 -0.137724 0 0 7.82513 359.142 -71.9514 0.0782343 -0.173104 0.255232 11.8752 -98.845 -9.412 
0.219691 -0.20944 0.485939 0.00729168 -0.0507344 0.349066 0.291774 0.00533032 1.32091 -0.349066 0.0119071 0.000273281 -0.171883 0.348258 0.494971 0.291699 -0.154159 -0.106171 0.150128 0.12262 8.39281 360.107 -72.2513 0.0491877 -0.186326 0.255483 11.8752 -98.845 -9.412 
0.713253 -0.20944 0.165476 0.222448 0.00905457 0.349066 0.204457 1.55828 1.12682 -0.182146 4.27556e-005 0.0401964 -0.173216 0.287423 0.521978 0.0537017 -0.152048 -0.117199 0.075061 0 10.566 364.573 -73.7816 0.136716 -0.241887 0.27157 11.8752 -98.845 -9.412 
0.67891 -0.20944 0.161549 0.0619989 -0.0348952 0.349066 0.257776 0 1.32577 -0.126212 0.0128413 0 -0.173907 0.218062 0.457474 0 -0.116998 -0.112002 0.0390991 0.0162429 10.7823 366.017 -72.913 0.111518 -0.24004 0.271016 11.8752 -98.845 -9.412 
0.755028 -0.201088 0 0 -0.17374 0.322855 0.297101 0.330235 1.25861 -0.190363 0.0107238 0 -0.172834 0.190321 0.484064 0 -0.147851 -0.188459 0.0433671 0 11.1408 366.026 -73.2446 0.123005 -0.2372 0.281671 11.8752 -98.845 -9.412 
0.723942 -0.154254 0.0192395 0 -0.17387 0.166871 0.278032 0.0538916 1.27393 -0.192753 0 0 -0.158551 -0.0135007 0.204456 0.0797507 -0.174422 -0.251094 0.0165872 0 8.21485 366.116 -73.667 0.122225 -0.239816 0.276639 11.8752 -98.845 -9.412 
0.710258 -0.088263 0.0461322 0.00251617 -0.174533 0.254543 0.236718 0.00923962 1.3279 -0.0946047 0.0176419 0 -0.173662 0.115478 0.0312428 0.175907 -0.0787508 -0.261115 0 0.141251 9.61308 366.761 -73.2348 0.108612 -0.227894 0.273229 11.8752 -98.845 -9.412 
0.801963 -0.0211348 0 0 -0.174533 0.293393 0.225331 0.213919 1.21135 -0.049419 0.00663458 0 -0.174533 0.122396 0.0443202 0.290395 -0.00026372 -0.267438 0.0221815 0 10.5169 365.842 -71.698 0.0576135 -0.240458 0.27005 11.8752 -98.845 -9.412 
0.742764 -0.00140044 0 0 -0.171141 0.298 0.214387 0.0184217 1.20898 -0.0447124 0.00339798 0 -0.156293 0.151198 0.0827384 0.00182557 0.0562737 -0.248355 0 0 10.5065 365.869 -71.5869 0.061713 -0.245009 0.263217 11.8752 -98.845 -9.412 
0.642046 -0.0107403 0 0.0268627 -0.157827 0.349066 0.21293 0.0407963 -0.174533 0.141562 0.0256207 0.171656 -0.142405 -0.0687066 0.277154 0 0.0666844 -0.349066 0.00771807 0.112694 11.5039 364.579 -71.8399 0.024779 -0.249519 0.315705 11.8752 -98.845 -9.412 
0.640637 0.0305891 0 0 -0.174533 0.349066 0.0691524 0 -0.174533 0.130253 0 0 -0.157044 -0.0595002 0.212205 0.00314181 0.0654131 -0.330858 0.0862542 0 12.0706 364.42 -72.6834 0.0248637 -0.213932 0.31249 11.8752 -98.845 -9.412 
0.582755 0.0355681 0 0 -0.174533 0.349066 0.058121 0 -0.174533 0.0983898 0 0 -0.154096 -0.0748327 0.223195 0.00436092 0.0660212 -0.330696 0.0936367 0 12.2448 364.496 -72.665 0.0257448 -0.202052 0.316686 11.8752 -98.845 -9.412 
0.573325 0.0940771 0 0 -0.174533 0.349066 0 0.0265059 -0.174533 0.0829723 0 0 -0.133755 -0.0889517 0.181176 0 0.114592 -0.349066 0.0721256 0 12.2615 364.574 -72.6778 0.0244225 -0.203402 0.317244 11.8752 -98.845 -9.412 
0.541147 0.103759 0 0 -0.174523 0.349065 0 0.0279606 -0.174533 0.115362 0 0 -0.132207 -0.0760309 0.0241789 0 0.204451 -0.349066 0.0460017 0 12.1925 364.246 -76.1794 0.0209075 -0.204056 0.320518 11.8752 -98.845 -9.412 
0.522042 0.0713381 0 0 -0.174533 0.349066 0.00249534 0.0278084 -0.174533 0.0637893 0 0 -0.0809711 -0.107405 0.000631876 0 0.186581 -0.349066 0.00594628 0 12.1759 364.183 -75.8419 0.020759 -0.189738 0.321106 11.8752 -98.845 -9.412 
0.519051 0.0600779 0 0 -0.174533 0.349066 0.00230775 0.0266519 -0.174533 0.0661373 0 0 -0.0747095 -0.112836 0.00052027 0 0.188203 -0.349066 0.0043954 0 12.2808 364.154 -75.9083 0.0221089 -0.188674 0.321085 11.8752 -98.845 -9.412 
0.519051 0.0600779 0 0 -0.174533 0.349066 0.00230775 0.0266519 -0.174533 0.0661373 0 0 -0.0747095 -0.112836 0.00052027 0 0.244374 -0.349066 0 0 12.2808 364.154 -75.9083 0.0221089 -0.188674 0.321085 11.8752 -98.845 -9.412 
0.538453 0.0600779 0 0 -0.174533 0.349066 0.00230775 0.0266519 -0.174533 0.0661373 0 0 -0.0747095 -0.112836 0.00052027 0 0.244374 -0.349066 0 0 12.2808 364.154 -75.9083 0.0221089 -0.188674 0.321085 11.8752 -98.845 -9.412 
0.532688 0.0274273 0 0 -0.174119 0.323865 0.00224496 0.0212672 -0.174533 0.0764488 0 0 -0.0830563 -0.0986321 0 8.90202e-006 0.230053 -0.349066 0 0 12.4466 363.367 -75.5975 0.019781 -0.189119 0.317706 11.8752 -98.845 -9.412 
0.633168 -0.0310928 0 0 -0.174533 0.349066 0 0.00372306 -0.174533 0.13124 0 0 -0.0522402 -0.0475363 0 0 0.14662 -0.314273 0.00395995 0 11.815 362.272 -74.8585 0.00117674 -0.195703 0.304009 11.8752 -98.845 -9.412 
0.790613 -0.166435 0 0 -0.174533 0.349066 0 0 -0.174533 0.147402 0 0 -0.0341988 -0.0460637 0 0.110093 0.0633015 -0.276478 0.00849926 0 13.0506 362.382 -74.8813 0.00792388 -0.215115 0.317693 11.8752 -98.845 -9.412 
1.1179 -0.116521 0 0.0423017 -0.173041 0.349066 0.0185149 0.0747284 -0.174533 0.159394 0 0 -0.038348 0.0368179 0.0486257 0.115674 -0.0373901 -0.286964 0.0121568 0.0280798 14.6547 364.845 -69.5277 0.0502904 -0.273716 0.341194 11.8752 -98.845 -9.412 
0.956742 -0.209426 0.0423874 0 -0.158187 0.348684 0 0.115582 -0.166383 0.00846273 0.00846843 0.690567 1.37161 -0.197042 0.000428504 0.0189328 -0.1256 -0.190028 0 0.0407597 16.0062 364.276 -71.9561 0.0317106 -0.262026 0.345212 11.8752 -98.845 -9.412 
0.741864 -0.20944 0.247622 0.0480841 -0.170518 0.349066 0 0.0157948 -0.150267 0.0527786 0.0616309 0 1.27862 -0.127809 0.00053801 0.0222296 -0.0822197 -0.143641 0 0.0606191 16.4251 364.39 -72.1491 0.0679103 -0.24443 0.350007 11.8752 -98.845 -9.412 
0.644408 -0.20944 0.376773 0.0120726 -0.163777 0.349066 0 0.0170157 -0.151003 0.0402715 0.0854287 0 1.24627 -0.277247 0.000553846 0.168467 -0.174533 -0.096771 0 0.0528877 16.8878 364.709 -71.3374 0.0830305 -0.27257 0.365172 11.8752 -98.845 -9.412 
0.753293 -0.20944 0.238219 0.339286 -0.174533 0.348776 0 0.0039374 -0.172406 0.0924167 0.00632607 0 1.26006 -0.314942 0 0.146146 -0.174533 0.0156397 0 0 17.1192 363.998 -71.2271 0.0948364 -0.305076 0.356682 11.8752 -98.845 -9.412 
0.78992 -0.20944 0.352712 0.159336 -0.141695 0.349066 7.2922e-005 0 -0.174533 0.140583 4.83702e-006 0 1.27686 -0.278064 0.00391281 0.0160857 -0.172859 0.012698 0 0.00355844 17.2371 364.368 -71.0285 0.0967873 -0.31326 0.350612 11.8752 -98.845 -9.412 
0.945742 -0.20944 0.359363 0.113732 -0.172722 0.349066 0 0 -0.174533 0.0528935 0 0 1.16471 -0.248757 0.104674 0.0212846 -0.174533 -0.0336127 0.0202433 0.0149643 13.9428 368.516 -74.7441 0.130352 -0.288559 0.353213 11.8752 -98.845 -9.412 
0.772343 -0.20944 0.380403 0 -0.174533 0.349033 0.00280734 0 -0.174533 0.0354285 0.0019069 0.000986276 1.17527 -0.223375 0.182022 0.00416851 -0.144645 -0.0495626 0.0258919 0.0175593 15.7463 366.362 -73.906 0.114933 -0.229271 0.355976 11.8752 -98.845 -9.412 
0.820944 -0.20944 0.394966 0.0476056 -0.174533 0.349066 0.00357302 0 -0.174533 0.0220215 0.00125636 0 1.16945 -0.244577 0.0448828 0.00190501 -0.0928978 0.0134012 0.0182669 0 16.3838 366.323 -73.575 0.0982698 -0.249238 0.366598 11.8752 -98.845 -9.412 
0.917352 -0.20944 0.397387 0 -0.147517 0.348989 0.0361951 0 -0.174533 0.0733638 0 0 0.989749 -0.349066 0.159107 0 -0.152627 -0.0898511 0.075002 0.150819 16.4301 365.927 -74.5339 0.0983003 -0.274643 0.374722 11.8752 -98.845 -9.412 
0.796996 -0.209276 0.561501 0 -0.0867815 0.344476 0.0799793 0.0427132 -0.174533 0.157856 0 0 1.23978 -0.313496 0 0.0959589 -0.174533 -0.0531731 0.166615 0.0225581 16.9602 365.423 -72.4578 0.0576006 -0.312814 0.370388 11.8752 -98.845 -9.412 
0.85214 -0.20944 0.505945 0 -0.0275523 0.333377 0.00183902 0 -0.166762 0.11164 0 9.21995e-005 1.46034 -0.310324 0 0.0740241 -0.0392211 0.10268 0.0209628 0.0890596 17.3548 365.327 -71.2162 0.06466 -0.305644 0.365506 11.8752 -98.845 -9.412 
0.618926 -0.209269 0.591021 0.0245168 -0.145096 0.349066 0.18245 0 -0.166306 0.118336 0 0 1.37815 -0.146318 0.000212746 0.0265459 0.0497433 -0.023886 0.0017118 0 16.9507 364.756 -72.0587 0.0515827 -0.304484 0.357326 11.8752 -98.845 -9.412 
1.0328 -0.20944 0.347682 0.100797 -0.157591 0.349066 0 0.039354 -0.174533 0.0892895 0 0 1.254 -0.103677 0.00019673 0 0.153132 0.000901179 0.033398 0 17.0508 366.935 -69.3922 0.071965 -0.223382 0.376944 11.8752 -98.845 -9.412 
0.839348 -0.203677 0.23292 0.493076 -0.172647 0.348588 0.00695682 0.00980857 -0.170978 0.10192 0 0 1.38639 -0.111499 0.00996477 0.00615804 -0.0450057 -0.11678 0.0932775 0 20.0938 366.964 -69.0999 0.0891211 -0.225042 0.395503 11.8752 -98.845 -9.412 
0.707248 -0.207906 0.211633 0.427782 -0.174533 0.349066 0 0.00896184 -0.174353 0.0723973 0 0 1.27682 -0.128888 0 0 -0.00454499 -0.0211074 0.0024913 0 21.5172 367.342 -69.5669 0.0989374 -0.216898 0.398904 11.8752 -98.845 -9.412 
0.639656 -0.208297 0.157059 0.50514 -0.174533 0.349066 0 0.00893304 -0.170273 0.0734641 0.107153 0 1.28323 -0.130065 0.000781167 0 0.0193444 -0.0761297 0.00161986 0 21.4861 367.521 -69.6445 0.0962173 -0.210037 0.397381 11.8752 -98.845 -9.412 
0.658261 -0.20944 0.120747 0.172825 -0.174533 0.349066 0.0469178 0 -0.0685936 0.0624954 0.0695436 0 1.40299 -0.0275661 0.00316742 0.0128063 -0.03247 -0.0918161 0.0593385 0.0891626 21.6951 366.245 -67.4281 0.0576807 -0.224943 0.367738 11.8752 -98.845 -9.412 
0.691976 -0.206088 0.124584 0.109352 -0.174533 0.348895 0 0.169453 -0.0495905 0.0328922 0.0410766 0.000695596 1.28944 -0.124861 0.0393567 0 0.0550642 -0.147394 0.00615431 0 20.3288 366.739 -69.3853 0.0600502 -0.236053 0.357074 11.8752 -98.845 -9.412 
0.832577 -0.206635 0.000962074 0.0409298 -0.167585 0.349066 0.0428589 0.155845 -0.174533 0.0937265 0 0 0.0044278 -0.0218958 0 0 0.0709913 -0.325104 0.0446291 0 19.5088 367.909 -67.3525 0.0611492 -0.246105 0.400647 11.8752 -98.845 -9.412 
0.822455 -0.20944 0 0 -0.147235 0.349066 0.0616733 0.305996 -0.174533 0.0675744 0 0 -0.0269088 -0.0787946 0.00260896 0.10728 0.0725712 -0.326068 0.0486628 0.0135779 19.563 368.153 -71.3304 0.0360164 -0.281743 0.408562 11.8752 -98.845 -9.412 
0.824492 -0.172137 0 0 -0.148269 0.310182 0.132148 0.121361 -0.174533 0.0668615 0 0 -0.0386456 -0.0885726 0.00330822 0.0561965 0.112704 -0.349066 0 0.00520838 19.5346 368.232 -71.3089 0.0370334 -0.281221 0.408616 11.8752 -98.845 -9.412 
0.79155 -0.128469 0.00196523 0 -0.113034 0.349066 0.123495 0.0274115 -0.174533 0.0575047 0.0111407 0 -0.0467984 -0.116889 0.0166297 0 0.10837 -0.349066 0.0121601 0.316421 19.384 368.147 -71.7523 0.0232985 -0.266224 0.39197 11.8752 -98.845 -9.412 
0.644924 -0.0981238 0.0036572 0 -0.1251 0.333057 0.0891034 0 -0.174533 0.0442876 0 0 -0.0864921 -0.155035 0.0424732 0 0.147081 -0.349066 0.00850138 0 19.4582 366.598 -71.9185 0.0144408 -0.24845 0.389239 11.8752 -98.845 -9.412 
0.544614 -0.0583982 0 0 -0.165507 0.320399 0.0262412 0.149157 -0.174533 0.0963276 0 0 -0.049807 -0.0792518 0.000603503 0 0.120024 -0.349066 0 0 19.7057 366.629 -72.2379 0.0407353 -0.238157 0.337533 11.8752 -98.845 -9.412 
0.499106 -0.0367895 0 3.45242e-005 -0.172611 0.349066 0.0284479 0.149318 -0.174533 0.0688238 0 0 -0.0409774 -0.115101 0 0 0.129626 -0.349066 0.0399455 0.000220179 19.5419 366.597 -72.2649 0.0399077 -0.236802 0.33584 11.8752 -98.845 -9.412 
0.441371 -0.0438407 0 0 -0.174293 0.349066 0.0200644 0.141311 -0.174533 0.0385127 0 0 -0.0789943 -0.111998 0 0 0.163068 -0.349066 0 0 19.1382 365.575 -72.4299 0.0402336 -0.246385 0.328005 11.8752 -98.845 -9.412 
0.377728 -0.0345551 0 0 -0.125446 0.349066 0 0.0064789 -0.172777 0.0964941 0 0.00434768 -0.0563872 -0.114898 0 0 0.170135 -0.349066 0.021401 0 19.4572 364.758 -72.7371 0.0329285 -0.245925 0.317207 11.8752 -98.845 -9.412 
0.327658 -0.0073109 0 0 -0.150628 0.349066 0 0.0956264 -0.174533 0.0677504 0 0.0021185 -0.0439161 -0.108799 0 0 0.194581 -0.349066 0.0130401 0 18.8119 364.88 -73.5802 0.0419104 -0.229546 0.312475 11.8752 -98.845 -9.412 
