0.256115 0.164846 0.00193347 0.126091 -0.0918913 0.343966 0.0721827 0.26954 0.0509925 0.0752397 0.00227613 0.0579465 0.0647034 -0.0262163 0.00840216 0.244005 0.357475 -0.349042 0.152779 0.0348029 -51.8268 311.645 -31.641 -0.0159064 0.00702032 0.0571704 12.3806 -98.599 -11.1776 
0.270495 0.158825 0.00346921 0.172588 -0.116538 0.346698 0.133523 0.290586 0.0226187 0.0896709 0.00215626 0.085163 0.0799427 -0.018264 0.0094932 0.243945 0.34912 -0.349047 0.128195 0.0147374 -51.5686 312.255 -32.7127 -0.0066662 -0.00145747 0.058622 12.3806 -98.599 -11.1776 
0.281773 0.158679 0.00568776 0.173622 -0.129978 0.346191 0.142809 0.299767 0.0148947 0.0918832 0.00340968 0.0852372 0.0880598 -0.00871472 0.00752553 0.165083 0.357896 -0.349066 0.0652322 0.000260708 -51.978 313.123 -33.3062 8.13596e-005 -0.000419504 0.0537329 12.3806 -98.599 -11.1776 
0.249692 0.157488 0.00888308 0.226327 -0.136414 0.345019 0.14758 0.35203 0.0164975 0.0874711 0.0163704 0.0810602 0.0912373 -0.000542991 0.0091127 0.133519 0.415884 -0.34769 0.069939 0.00145078 -52.2665 313.546 -34.4074 -0.00573036 0.0135059 0.0562927 12.3806 -98.599 -11.1776 
0.254645 0.156961 0.0109397 0.212357 -0.147973 0.348334 0.144325 0.361733 -1.32106e-005 0.0930911 0.00795395 0.143499 0.0755525 0.0104564 0.00188076 0.138764 0.431244 -0.349066 0.0344333 0.00314675 -52.1706 313.485 -34.9605 0.00365198 0.0166603 0.0533924 12.3806 -98.599 -11.1776 
0.268328 0.156905 0.00982633 0.237832 -0.152991 0.348688 0.14988 0.354123 -0.0128095 0.0976872 0.0158005 0.197293 0.069957 0.0163087 0.00991662 0.136859 0.430754 -0.348222 0.0229782 0 -52.0019 313.854 -35.2779 0.00889106 0.0124701 0.0554604 12.3806 -98.599 -11.1776 
0.272628 0.156634 0.0102388 0.247305 -0.150644 0.348876 0.161552 0.341359 -0.0136572 0.101933 0.0167342 0.234893 0.0722337 0.0166066 0.0112023 0.140914 0.429381 -0.348173 0.0252493 0.00225271 -51.9805 313.873 -35.3856 0.00748372 0.0112993 0.0552812 12.3806 -98.599 -11.1776 
0.274309 0.159515 0.00954444 0.278248 -0.151454 0.348068 0.168396 0.336468 -0.017179 0.104898 0.0239879 0.216491 0.0669852 0.0203315 0.0136849 0.138028 0.425143 -0.348409 0.0345715 0.0151364 -51.9458 313.98 -35.6371 0.0107655 0.0126756 0.0562145 12.3806 -98.599 -11.1776 
0.285519 0.159799 0.0168889 0.280307 -0.151697 0.348316 0.162829 0.348818 -0.0223077 0.105372 0.0273253 0.264272 0.0715407 0.025409 0.0113941 0.117862 0.419601 -0.348246 0.0260616 0.0146078 -51.9346 314.288 -35.7944 0.0114876 0.0101298 0.0564228 12.3806 -98.599 -11.1776 
0.289391 0.158047 0.0228252 0.276349 -0.151362 0.348976 0.172545 0.391 -0.0229323 0.118643 0.0294606 0.271595 0.0809687 0.0246705 0.0198837 0.0931013 0.428449 -0.349066 0.0159198 0.0196643 -52.1116 314.849 -36.1721 0.00890093 0.0169326 0.0578951 12.3806 -98.599 -11.1776 
0.308075 0.154013 0.0148632 0.310716 -0.151255 0.349066 0.176756 0.40324 -0.0299778 0.117641 0.0325638 0.277308 0.080638 0.024876 0.0179956 0.0314992 0.414912 -0.349066 3.11253e-005 0.0192125 -52.0793 314.79 -36.1714 0.0110811 0.0166413 0.0597117 12.3806 -98.599 -11.1776 
0.345242 0.140895 0.0167356 0.293053 -0.153235 0.349066 0.221043 0.443173 -0.0323784 0.122203 0.0316104 0.249109 0.0747853 0.0315622 0.0135147 0.030091 0.407955 -0.348213 0 0.00911064 -52.1389 314.832 -36.2241 0.0111468 0.0170036 0.0587059 12.3806 -98.599 -11.1776 
0.372409 0.14045 0.0342232 0.50071 -0.149301 0.346691 0.270828 0.716078 -0.0428304 0.13033 0.0240671 0.25872 0.0583869 0.0228098 0.0341993 0.0312351 0.395811 -0.348811 0.00275552 0.0104357 -52.3736 315.347 -36.4415 0.00969257 0.0150266 0.0672851 12.3806 -98.599 -11.1776 
0.408399 0.112527 0.0692194 0.568067 -0.150326 0.348109 0.453984 1.05792 -0.053503 0.135795 0.0330637 0.393575 0.0593876 0.0208224 0.0593496 0.00972665 0.40422 -0.347899 1.02445e-005 0.00973876 -52.1985 315.683 -36.6542 0.00164222 0.021441 0.0744834 12.3806 -98.599 -11.1776 
0.4838 0.10559 0.113458 0.660403 -0.112359 0.345623 0.670155 1.1886 -0.0523182 0.153208 0.0359716 0.391273 0.0580333 0.0141456 0.0394413 0.00909136 0.306824 -0.348099 0.0398226 0.1426 -51.2679 316.571 -36.6536 0.000388576 -0.0202201 0.0761792 12.3806 -98.599 -11.1776 
0.508707 0.0988789 0.209619 0.677301 -0.0671199 0.343591 0.864132 1.42814 -0.0253796 0.13477 0.058673 0.314968 0.0918444 -0.00995452 0.0482602 0.0691718 0.261983 -0.348585 0.242597 0.0660304 -51.8343 317.478 -37.5347 -0.0335206 -0.0398849 0.0997866 12.3806 -98.599 -11.1776 
0.574264 0.0507695 0.176765 0.686058 -0.0751064 0.344569 1.01253 1.41973 -0.0143549 0.145937 0.0593 0.352441 0.0872611 0.0122204 0.0608989 0.1159 0.262729 -0.347291 0.226529 0.045403 -51.5742 317.281 -37.8097 -0.043682 -0.0423488 0.108545 12.3806 -98.599 -11.1776 
0.658706 0.0213583 0.191282 0.703822 -0.0797755 0.345586 1.11492 1.51746 -0.0157831 0.160471 0.0708387 0.297528 0.0707978 0.00512647 0.0576287 0.217644 0.276441 -0.346431 0.174582 0.0389513 -51.5066 317.247 -37.8737 -0.043081 -0.045935 0.115317 12.3806 -98.599 -11.1776 
0.661999 0.000406347 0.258447 0.653999 -0.160116 0.339399 1.48805 1.54694 -0.0140123 0.145188 0.126815 0.322547 0.0773893 0.00741455 0.0663164 0.305806 0.29046 -0.345107 0.170222 0.0668343 -51.9467 317.575 -38.1719 -0.0618252 -0.0239867 0.127069 12.3806 -98.599 -11.1776 
0.704489 -0.0363359 0.303945 0.499564 -0.17071 0.347515 1.65228 1.56279 -0.0300866 0.141324 0.180675 0.279207 0.0749758 0.017878 0.0944584 0.261671 0.285092 -0.348673 0.163913 0.0806152 -52.42 318.618 -38.0738 -0.0633735 -0.0267219 0.138009 12.3806 -98.599 -11.1776 
0.827545 -0.0404292 0.292429 0.399144 -0.17425 0.342622 1.69548 1.54001 -0.0363886 0.148265 0.184365 0.266392 0.120443 0.00813222 0.0272477 0.238081 0.325135 -0.349056 0.0701363 0.135675 -51.4544 318.507 -38.8222 -0.0645409 -0.0185661 0.149274 12.3806 -98.599 -11.1776 
0.865501 -0.0455931 0.288045 0.343602 -0.173866 0.346894 1.72962 1.5317 -0.0390359 0.162515 0.222583 0.274695 0.121639 0.0123399 0.0322689 0.228202 0.324123 -0.349066 0.0712944 0.134789 -51.6776 318.56 -38.9011 -0.0633175 -0.0159578 0.149716 12.3806 -98.599 -11.1776 
0.883331 -0.0471837 0.289535 0.34497 -0.17446 0.345986 1.72664 1.49879 -0.036468 0.159839 0.223633 0.269766 0.124442 0.0100427 0.0438284 0.226307 0.319466 -0.347491 0.0789509 0.132011 -51.7116 318.59 -39.1376 -0.0661248 -0.0129536 0.151592 12.3806 -98.599 -11.1776 
0.889345 -0.0519022 0.286718 0.328863 -0.171102 0.347291 1.72786 1.43114 -0.0434037 0.156132 0.23329 0.314948 0.119352 0.0105617 0.0331292 0.218924 0.327173 -0.348435 0.0615322 0.134783 -51.7536 318.836 -39.2073 -0.061321 -0.0167696 0.15171 12.3806 -98.599 -11.1776 
0.90438 -0.0683613 0.266236 0.332996 -0.165691 0.348325 1.73095 1.29279 -0.0398653 0.161301 0.241609 0.326696 0.119274 0.0144072 0.0187868 0.215609 0.325776 -0.349066 0.0551997 0.121998 -51.5281 319.175 -39.2611 -0.0605925 -0.0193414 0.151529 12.3806 -98.599 -11.1776 
0.906289 -0.0682254 0.273493 0.301334 -0.169024 0.34891 1.72976 1.30385 -0.0391901 0.16287 0.268444 0.37601 0.122031 0.0116817 0.0204737 0.211656 0.337155 -0.349066 0.0592279 0.111018 -51.5448 319.268 -39.3029 -0.0582528 -0.0176134 0.152151 12.3806 -98.599 -11.1776 
0.914066 -0.0681568 0.274028 0.296006 -0.165896 0.348909 1.72972 1.30404 -0.0380841 0.160394 0.274085 0.376645 0.123068 0.0126117 0.017403 0.213832 0.33507 -0.349066 0.0572209 0.112686 -51.4315 319.236 -39.3741 -0.0577548 -0.0161459 0.151488 12.3806 -98.599 -11.1776 
0.889227 -0.081741 0.273705 0.324815 -0.16792 0.349066 1.7335 1.36057 -0.0528273 0.140337 0.26691 0.407228 0.0874897 -0.0102683 0.0267903 0.186414 0.296106 -0.349066 0.0857175 0.100799 -51.3559 320.661 -38.3494 -0.0308996 -0.0333257 0.160616 12.3806 -98.599 -11.1776 
0.912225 -0.0789705 0.245751 0.283814 -0.170101 0.349066 1.74412 1.54387 -0.0405143 0.140652 0.278523 0.402794 0.0769527 -0.00855378 0.0573735 0.155931 0.296083 -0.348958 0.0672853 0.124789 -51.449 321.905 -38.0419 -0.0266516 -0.0397343 0.158169 12.3806 -98.599 -11.1776 
0.965569 -0.0804501 0.224101 0.168057 -0.174533 0.349066 1.6375 1.57051 -0.0354245 0.144687 0.278746 0.393296 0.074722 -0.0104199 0.0461089 0.131089 0.301575 -0.349065 0.0679128 0.0466714 -51.5521 322.03 -37.736 -0.0248093 -0.037086 0.157445 12.3806 -98.599 -11.1776 
0.935994 -0.0475186 0.228953 0.128578 -0.165077 0.334807 1.3208 1.55786 -0.0758714 0.101411 0.302259 0.351531 -0.0504965 -0.0424122 0.206066 0.301237 0.252475 -0.341512 0.0764337 0.0716025 -48.8664 322.388 -37.0902 -0.00717793 -0.0660339 0.178622 12.3806 -98.599 -11.1776 
0.93992 -0.0439018 0.132546 0.117028 -0.173618 0.342503 1.14009 1.5702 -0.0674938 0.100563 0.307609 0.312112 -0.0368498 -0.0394203 0.197647 0.253489 0.272556 -0.345448 0.0657905 0.0644118 -48.5314 323.088 -37.0321 -0.00875257 -0.0653663 0.181092 12.3806 -98.599 -11.1776 
0.93451 -0.0515491 0.0587801 0.106127 -0.171615 0.348076 0.931451 1.5677 -0.0715053 0.090446 0.302885 0.273754 -0.0418872 -0.0433874 0.190319 0.258623 0.273628 -0.348736 0.0734861 0.0470858 -48.5622 322.896 -37.0062 0.00077347 -0.0653504 0.177535 12.3806 -98.599 -11.1776 
0.944998 -0.0553378 0.0177933 0.0245002 -0.172042 0.348098 0.798168 1.57014 -0.0729623 0.0900242 0.274015 0.253185 -0.038597 -0.0441631 0.184772 0.252165 0.27801 -0.348735 0.0645046 0.0238234 -48.5556 322.886 -36.9933 0.00216553 -0.0648169 0.177456 12.3806 -98.599 -11.1776 
0.940009 -0.0488821 0.00121631 0.00905079 -0.171453 0.348875 0.6982 1.56951 -0.0812843 0.0812371 0.259311 0.224197 -0.0322081 -0.0455964 0.165893 0.26053 0.285708 -0.349045 0.0207195 0.076285 -48.345 322.895 -37.3129 0.00506249 -0.0614439 0.176619 12.3806 -98.599 -11.1776 
0.878657 -0.0135281 0.0037453 0.000820756 -0.173002 0.348939 0.515034 1.5461 -0.108714 0.0878962 0.27881 0.124256 -0.0325258 -0.0333839 0.148841 0.0366587 0.309738 -0.349062 0.00955479 0.0260102 -47.987 322.018 -38.5495 0.00721272 -0.0517242 0.160267 12.3806 -98.599 -11.1776 
0.85938 0.0339001 0.000201487 0.000944034 -0.161163 0.349066 0.339973 1.52036 -0.115988 0.0812385 0.259629 0.0790876 -0.028846 -0.0517261 0.128232 0.0385451 0.294478 -0.349065 0.0107964 0.0105712 -48.1179 321.883 -39.458 0.00967609 -0.0505295 0.154548 12.3806 -98.599 -11.1776 
0.853634 0.0783373 0.00102624 0.00553174 -0.16729 0.346592 0.259181 0.933306 -0.124449 0.0735223 0.263993 0.128086 -0.0142503 -0.055299 0.0855026 0.0299574 0.291964 -0.349066 0.00863134 0.159492 -46.738 321.77 -39.2712 0.0172238 -0.0469432 0.147552 12.3806 -98.599 -11.1776 
0.828043 0.10497 6.44142e-006 1.00009e-005 -0.16694 0.349066 0.253688 0.724959 -0.123676 0.0724938 0.256514 0.11593 -0.0090444 -0.0624944 0.0737963 0.0132721 0.295572 -0.349066 0.00953475 0.0725366 -46.9952 321.771 -42.041 0.0205357 -0.04286 0.144067 12.3806 -98.599 -11.1776 
0.814527 0.134493 1.1379e-007 0 -0.15052 0.349066 0.183597 0.590953 -0.114713 0.0762395 0.244499 0.113985 -0.00381323 -0.0653309 0.0908002 0.0373012 0.323032 -0.348689 0.00981661 0.00122349 -46.783 321.208 -42.7648 0.0217293 -0.0303992 0.13408 12.3806 -98.599 -11.1776 
0.791904 0.136114 0 0.00348295 -0.145923 0.349066 0.163591 0.416683 -0.119165 0.0877022 0.234442 0.0377201 -0.0168566 -0.0667082 0.092746 0.0358335 0.323455 -0.348863 0.00327158 0.000411347 -47.2358 320.493 -43.1064 0.0299402 -0.0215352 0.125039 12.3806 -98.599 -11.1776 
0.7959 0.128375 0.000244059 0.002249 -0.153123 0.349066 0.16315 0.315314 -0.115916 0.0887815 0.214976 0.0246722 -0.0120144 -0.0677908 0.0867723 0.0309783 0.299103 -0.349066 0 2.25617e-007 -47.0106 319.935 -43.2347 0.0386394 -0.0169364 0.118692 12.3806 -98.599 -11.1776 
0.797942 0.113868 0.00268244 0.00186672 -0.153411 0.348701 0.15668 0.260614 -0.114134 0.096972 0.234449 0.0944213 -0.0133816 -0.0630602 0.0721145 0.0661076 0.250383 -0.348656 5.77644e-006 8.99409e-005 -47.0707 318.461 -43.0899 0.0414985 -0.00944331 0.119875 12.3806 -98.599 -11.1776 
0.81832 0.089659 0.00100144 0.0128805 -0.165455 0.348945 0.15904 0.273446 -0.10067 0.123352 0.249256 0.34924 -0.00955394 -0.0593242 0.0737889 0.0451148 0.200411 -0.348987 0.00393281 0 -46.8682 318.015 -41.7762 0.0454607 0.00759601 0.115109 12.3806 -98.599 -11.1776 
0.846866 0.106303 0.0359297 0.162861 -0.138784 0.348776 0.155353 0.254823 -0.0889314 0.13796 0.375019 0.498917 -0.00839123 -0.0490658 0.0941637 0.0435264 0.17075 -0.347942 0.00196795 0 -47.126 317.825 -41.0107 0.0331287 0.0147261 0.108194 12.3806 -98.599 -11.1776 
0.930375 0.0854591 0.040276 0.181365 -0.131031 0.342543 0.165706 0.24633 -0.0867228 0.145087 0.425184 0.791404 -0.00728104 -0.0435559 0.0940611 0.0246476 0.150527 -0.348559 0.000320181 0.000640404 -47.5772 318.024 -40.6345 0.0356843 0.00782017 0.110697 12.3806 -98.599 -11.1776 
0.993875 0.054366 0.0677427 0.245275 -0.118296 0.34547 0.200889 0.430093 -0.06733 0.183621 0.490683 0.995419 0.0324352 -0.0257872 0.0626522 0.0287983 0.120761 -0.341795 0.0209816 0.000715432 -48.2086 317.784 -38.9537 0.0258433 -0.00576719 0.099298 12.3806 -98.599 -11.1776 
1.01876 0.0340055 0.163431 0.301798 -0.09891 0.34711 0.22492 0.431635 -0.0217213 0.254516 0.53266 1.27376 0.0545373 -0.018965 0.0686466 0.055581 0.107902 -0.336506 0.0436911 0.00625838 -48.0077 319.261 -39.3597 0.0246374 -0.00739372 0.096782 12.3806 -98.599 -11.1776 
1.04716 0.0332838 0.253306 0.210361 -0.047428 0.348942 0.172141 0.441754 0.0259911 0.262247 0.952133 1.21567 0.0677987 0.0233446 0.0642605 0.393755 0.117317 -0.330171 0.0787622 0.0417074 -48.6246 319.004 -39.2782 0.00355066 0.0121172 0.111896 12.3806 -98.599 -11.1776 
1.03124 -0.0508668 0.267774 0.181447 -0.0539778 0.345455 0.292035 0.236859 0.0033055 0.309596 1.0925 1.32354 0.0963305 0.0826881 0.0976932 0.368886 0.104313 -0.284874 0.156713 0.168903 -48.52 320.398 -39.9276 0.00138716 0.0249491 0.0958762 12.3806 -98.599 -11.1776 
1.02508 -0.100902 0.26247 0.230574 -0.0397427 0.34785 0.33404 0.22299 0.0278414 0.315403 1.11351 1.35331 0.098888 0.0906803 0.108324 0.558284 0.087117 -0.281264 0.167779 0.176007 -48.7088 320.356 -40.1228 0.0120047 0.0145538 0.0977605 12.3806 -98.599 -11.1776 
1.03588 -0.128788 0.26784 0.257592 -0.0205576 0.348558 0.312064 0.201348 0.0428274 0.33368 1.12826 1.43178 0.105149 0.102784 0.147533 0.586801 0.0771254 -0.274703 0.210645 0.109968 -48.5362 321.617 -40.7893 0.019157 0.010261 0.0997725 12.3806 -98.599 -11.1776 
1.05114 -0.161023 0.246108 0.233103 -0.00974115 0.347957 0.302191 0.14713 0.0430348 0.338306 1.14371 1.52665 0.120653 0.115047 0.149814 0.627261 0.0876333 -0.25829 0.198949 0.0555903 -48.6547 322.126 -40.8773 0.0268517 0.0162224 0.0971201 12.3806 -98.599 -11.1776 
1.06274 -0.163492 0.256208 0.276725 0.00717037 0.344993 0.270328 0.146876 0.0258722 0.329987 1.20932 1.52817 0.128771 0.133821 0.171794 0.631548 0.0951977 -0.26446 0.204552 0.0378314 -48.5713 321.924 -40.8972 0.0247078 0.0222474 0.103004 12.3806 -98.599 -11.1776 
1.06153 -0.177034 0.261645 0.286986 0.0122205 0.339107 0.270835 0.152944 0.0120632 0.3357 1.28602 1.51741 0.123966 0.141923 0.196477 0.648953 0.100309 -0.277086 0.190198 0.11909 -48.7123 322.172 -40.7973 0.0245645 0.0224837 0.106813 12.3806 -98.599 -11.1776 
1.06712 -0.181616 0.262121 0.272477 0.0160482 0.337713 0.25941 0.154108 -0.00562799 0.3342 1.3193 1.51763 0.131585 0.146447 0.194131 0.695492 0.107991 -0.277701 0.187046 0.122284 -48.6279 322.214 -40.8169 0.0233957 0.0288275 0.110711 12.3806 -98.599 -11.1776 
1.07393 -0.190943 0.245693 0.277051 0.0115533 0.336901 0.273737 0.153077 -0.0149629 0.338502 1.33834 1.52013 0.135111 0.15507 0.206764 0.685061 0.106802 -0.273114 0.189476 0.141525 -48.7197 322.364 -40.0856 0.0278506 0.0239999 0.108577 12.3806 -98.599 -11.1776 
1.07838 -0.19245 0.240227 0.170623 0.0128482 0.338128 0.283852 0.19498 -0.0289556 0.33658 1.34899 1.52301 0.156533 0.157256 0.212011 0.675347 0.125044 -0.273509 0.179083 0.140834 -48.8327 322.141 -39.5173 0.0234709 0.0233782 0.108527 12.3806 -98.599 -11.1776 
