-0.00109444 0.195091 0.12515 0.285753 -0.139105 0.306536 0.179415 0.0141894 -0.115665 -0.0250111 0.0243508 0.126601 -0.0709614 -0.140327 0.304775 0.00448177 0.391353 -0.349061 0.102903 0.00709308 -24.8545 267.569 -36.192 -0.0135752 0.0702159 -0.035338 0.0783997 -98.162 -19.083 
-0.0246653 0.175798 0.142592 0.266127 -0.135361 0.305202 0.114137 0.00204798 -0.128485 -0.0115619 0.00992802 0.0725664 -0.0544333 -0.141275 0.278356 0.000458285 0.339958 -0.349066 0.105775 0.0359032 -24.5887 267.254 -36.0277 -0.0135752 0.0702159 -0.035338 0.0783997 -98.162 -19.083 
-0.0276158 0.171952 0.144107 0.251234 -0.137144 0.307527 0.117366 0.000800866 -0.13197 -0.00488787 0.00486629 0.0650348 -0.0510299 -0.141261 0.269957 0.00787461 0.342917 -0.349066 0.0896167 0.0122784 -24.4564 266.973 -35.9906 -0.0135752 0.0702159 -0.035338 0.0783997 -98.162 -19.083 
-0.0318844 0.169402 0.142487 0.250676 -0.138966 0.309479 0.116779 0 -0.13336 -0.00553233 0.00451509 0.0518742 -0.0535755 -0.141474 0.267969 0.00731447 0.3475 -0.349066 0.0777671 0.0102709 -24.1023 266.7 -36.0176 -0.0135752 0.0702159 -0.035338 0.0783997 -98.162 -19.083 
-0.0299316 0.167236 0.134433 0.243311 -0.13519 0.307812 0.11902 0.00301768 -0.132475 -0.013508 0.00278232 0.0531611 -0.048449 -0.138765 0.253785 0.00659499 0.350554 -0.349066 0.0781077 0 -23.9335 266.467 -36.1102 -0.0135752 0.0702159 -0.035338 0.0783997 -98.162 -19.083 
-0.0285457 0.16343 0.127295 0.236744 -0.140482 0.310793 0.121336 0 -0.13749 -0.00887856 0 0.0445816 -0.0464088 -0.143508 0.261094 0 0.35674 -0.349066 0.0593945 6.93783e-005 -23.7213 266.254 -36.0889 -0.0135752 0.0702159 -0.035338 0.0783997 -98.162 -19.083 
-0.0259822 0.162499 0.123789 0.23005 -0.139973 0.314248 0.116557 0 -0.139796 0.00234712 0 0.0401288 -0.0535118 -0.151021 0.273467 0 0.349786 -0.349066 0.0446203 0 -23.676 266.065 -35.9429 -0.0135752 0.0702159 -0.035338 0.0783997 -98.162 -19.083 
-0.0309476 0.158325 0.121987 0.203224 -0.152347 0.320268 0.124967 0.00279106 -0.138437 0.00169221 0 0.027699 -0.0534388 -0.151734 0.266642 0.00158317 0.326263 -0.349066 0.0400187 0.00023421 -23.6328 265.992 -35.7174 -0.0135752 0.0702159 -0.035338 0.0783997 -98.162 -19.083 
-0.038475 0.163146 0.11912 0.204089 -0.153476 0.331965 0.12402 0.012149 -0.14156 0.00435007 0.00222232 0.0218638 -0.0521467 -0.146221 0.254196 0.000389857 0.319641 -0.349066 0.0425094 2.29919e-007 -23.5869 265.838 -35.4555 -0.0135752 0.0702159 -0.035338 0.0783997 -98.162 -19.083 
-0.0518866 0.163014 0.122429 0.200975 -0.151375 0.336846 0.112116 0.00402529 -0.146346 0.000989692 0.00110324 0.0166655 -0.0453999 -0.15202 0.226628 0.0380538 0.316709 -0.349066 0.0345671 2.17628e-008 -23.5996 265.696 -35.3192 -0.0135752 0.0702159 -0.035338 0.0783997 -98.162 -19.083 
-0.049432 0.157292 0.119245 0.194349 -0.154934 0.341937 0.0998279 0 -0.150153 0.00106475 0 0.00596086 -0.0440579 -0.150453 0.220995 0 0.309024 -0.349066 0.0221275 0 -23.5542 265.592 -35.0006 -0.0135752 0.0702159 -0.035338 0.0783997 -98.162 -19.083 
-0.0507427 0.152532 0.115194 0.189163 -0.154528 0.347211 0.0926211 0 -0.158148 0.00619276 0.0080411 0.0792676 -0.0496054 -0.150642 0.217783 0 0.311485 -0.349056 0.00980143 0 -23.3848 265.522 -34.2351 -0.0135752 0.0702159 -0.035338 0.0783997 -98.162 -19.083 
-0.0758577 0.145024 0.122393 0.21886 -0.157266 0.34854 0.112481 0.0198011 -0.163372 0.000265782 0.0105452 0.0891135 -0.0485451 -0.141409 0.156742 6.61915e-006 0.292615 -0.349066 0.0141125 0.171223 -23.3249 265.473 -34.0707 -0.0135752 0.0702159 -0.035338 0.0783997 -98.162 -19.083 
-0.0738633 0.14878 0.119782 0.223899 -0.166511 0.34893 0.110467 0.0107051 -0.16894 0.00552081 0.00628539 0.0798396 -0.0435169 -0.143621 0.13949 0.00022315 0.287074 -0.349066 0.0132788 0.171808 -23.2548 265.454 -34.0369 -0.0135752 0.0702159 -0.035338 0.0783997 -98.162 -19.083 
-0.0853429 0.153349 0.113085 0.235464 -0.171492 0.34872 0.102632 0.00923004 -0.168524 0.00877212 0.0106046 0.23428 -0.0449202 -0.142638 0.150718 0.00544426 0.283894 -0.349066 0.00246209 0.143151 -23.2636 265.415 -33.5113 -0.0135752 0.0702159 -0.035338 0.0783997 -98.162 -19.083 
-0.0799913 0.154654 0.103961 0.233664 -0.174533 0.349066 0.132999 0.0595447 -0.172499 0.0258735 0.0126374 0.818562 -0.040068 -0.124361 0.206221 0.00313072 0.276801 -0.349051 0.00267793 0.132348 -23.2633 265.382 -33.3992 -0.0135752 0.0702159 -0.035338 0.0783997 -98.162 -19.083 
-0.00261989 0.11186 0.103597 0.184539 -0.171143 0.349066 0.186358 0.0383051 -0.123522 0.0581485 0.0425704 0.78269 -0.0085605 -0.0746505 0.170034 0.00558072 0.233141 -0.299622 0.118149 0.0850048 -23.1804 265.366 -33.1419 -0.0135752 0.0702159 -0.035338 0.0783997 -98.162 -19.083 
-0.0197389 0.182042 0.230966 0.420697 -0.0220141 0.309001 0.504388 0.285923 -0.0564895 0.0228356 0.106548 1.28887 -0.104365 -0.0690925 0.545978 0.479205 0.281423 -0.278773 0.293471 0.44792 -22.8981 265.373 -32.6687 -0.0135752 0.0702159 -0.035338 0.0783997 -98.162 -19.083 
0.07893 0.235345 0.160698 0.824797 -0.0659771 0.348715 0.770191 0.490065 -0.0660979 0.0938726 0.764423 1.41579 -0.135206 0.0340306 0.94327 0.770234 0.297393 -0.280553 0.476334 0.420949 -22.8315 265.386 -32.2067 -0.0135752 0.0702159 -0.035338 0.0783997 -98.162 -19.083 
-0.015161 0.29423 0.394368 0.771 -0.0907027 0.349052 0.942694 1.10457 -0.0542333 0.0865982 0.953644 1.53353 -0.073279 0.118057 0.90851 0.976704 0.343072 -0.203931 0.573218 0.473246 -22.5119 265.52 -31.6671 -0.0135752 0.0702159 -0.035338 0.0783997 -98.162 -19.083 
0.184533 0.140976 0.056045 0.923224 -0.0800354 0.349066 1.15397 1.51674 -0.161713 0.221143 1.35906 1.36672 -0.15482 0.321825 0.883729 1.41119 0.259547 -0.144064 0.941983 0.376933 -22.3 265.974 -31.1315 -0.0135752 0.0702159 -0.035338 0.0783997 -98.162 -19.083 
0.0269519 0.180449 0.281322 1.0546 -0.171094 0.348521 1.44276 1.57012 -0.100467 0.254387 1.56064 1.19021 -0.0989803 0.317508 1.19794 1.35219 0.300786 -0.00294285 1.07165 0.567988 -22.0122 266.402 -30.6062 -0.0135752 0.0702159 -0.035338 0.0783997 -98.162 -19.083 
0.0555471 0.132548 0.219121 1.25609 -0.163928 0.344154 1.55024 1.57006 0.0321011 0.282816 1.58501 1.15232 -0.151551 0.310557 1.52476 1.46648 0.356214 0.00375525 1.18878 1.02853 -21.9944 266.745 -27.3359 -0.0135752 0.0702159 -0.035338 0.0783997 -98.162 -19.083 
0.0718458 0.172897 0.285766 1.55352 -0.0674794 0.346241 1.72769 1.56864 0.142982 0.269502 1.74515 1.33995 -0.0913326 0.288382 1.71508 1.54395 0.322855 -0.0846126 1.51779 1.41262 -22.0778 267.032 -26.4407 -0.0135752 0.0702159 -0.035338 0.0783997 -98.162 -19.083 
-0.00074056 0.159686 0.373602 1.56969 0.136256 0.311365 1.74096 1.54902 0.314936 0.192526 1.74383 1.31475 0.21218 0.263271 1.7219 1.53789 0.434289 -0.0877778 1.60916 1.4957 -22.338 267.214 -26.4032 -0.0135752 0.0702159 -0.035338 0.0783997 -98.162 -19.083 
0.0881785 0.14351 0.401162 1.53057 0.27038 0.31395 1.73556 1.4057 0.382895 0.245452 1.73952 1.51768 0.309213 0.292405 1.73679 1.37313 0.496477 -0.0231881 1.69133 1.44268 -22.3781 267.283 -26.402 -0.0135752 0.0702159 -0.035338 0.0783997 -98.162 -19.083 
-0.0169911 0.219609 0.6462 1.54816 0.451813 0.338457 1.73229 1.55838 0.452854 0.300525 1.73636 1.55453 0.455788 0.332524 1.69333 1.48922 0.522765 0.039225 1.66886 1.46385 -22.6505 267.341 -26.4373 -0.0135752 0.0702159 -0.035338 0.0783997 -98.162 -19.083 
-0.067526 0.165659 0.660514 1.55737 0.5767 0.309823 1.70598 1.56154 0.660532 0.300153 1.73116 1.46996 0.484591 0.33939 1.60454 1.53448 0.76843 0.179423 1.70386 1.544 -22.907 267.371 -27.6591 -0.0135752 0.0702159 -0.035338 0.0783997 -98.162 -19.083 
-0.0967208 -0.0393482 0.731794 1.5708 0.695247 0.348319 1.74388 1.14066 0.803303 0.318023 1.69094 1.56697 0.803582 0.340732 1.37236 1.5708 0.888563 -0.146644 1.7349 1.53694 -22.8977 267.431 -29.2418 -0.0135752 0.0702159 -0.035338 0.0783997 -98.162 -19.083 
0.0389843 -0.0254017 0.716548 1.51092 0.867295 0.276531 1.71889 1.29215 0.903916 0.334613 1.6931 1.5705 0.981809 0.314104 1.37476 1.51393 0.905129 -0.265673 1.73754 1.47927 -25.4453 267.424 -29.3889 -0.0135752 0.0702159 -0.035338 0.0783997 -98.162 -19.083 
0.0232929 -0.0791131 0.815154 1.51576 1.11022 0.348874 1.64179 1.40164 0.986038 0.328646 1.62266 1.5708 1.27487 0.348022 1.67941 1.54967 1.02329 -0.348263 1.74338 1.50143 -27.1012 266.995 -28.9755 -0.0135752 0.0702159 -0.035338 0.0783997 -98.162 -19.083 
-0.144765 -0.0709079 0.926941 1.30294 1.20519 0.349066 1.74526 1.57079 1.12068 0.266442 1.74099 1.5708 1.42939 0.307971 1.68755 1.50232 1.30019 -0.184247 1.73916 1.55079 -27.6593 266.26 -28.5414 -0.0135752 0.0702159 -0.035338 0.0783997 -98.162 -19.083 
-0.0863336 -0.170895 0.827419 1.46768 1.34983 0.339828 1.74533 1.48043 1.22915 0.314963 1.70057 1.5708 1.57031 0.190327 1.74263 1.23536 1.53697 -0.325606 1.74533 1.51007 -27.6724 265.851 -28.4051 -0.0135752 0.0702159 -0.035338 0.0783997 -98.162 -19.083 
-0.00407343 -0.133787 0.70746 1.47316 1.49036 0.345365 1.74533 1.36756 1.41129 0.28819 1.74473 1.57067 1.52575 0.213092 1.74488 1.26664 1.50275 -0.276645 1.74533 1.45044 -27.576 264.996 -28.3289 -0.0135752 0.0702159 -0.035338 0.0783997 -98.162 -19.083 
0.04808 -0.119537 0.69297 1.5106 1.46162 0.349066 1.74533 1.26137 1.43621 0.297691 1.74531 1.29968 1.56927 0.215818 1.74533 1.18734 1.53824 -0.342385 1.74533 1.47643 -27.5313 264.294 -28.1524 -0.0135752 0.0702159 -0.035338 0.0783997 -98.162 -19.083 
0.0331094 -0.13923 0.773657 1.48953 1.49143 0.347803 1.74533 1.21304 1.45818 0.260325 1.74533 1.29941 1.57071 0.241028 1.74533 1.19061 1.54976 -0.332067 1.74533 1.50229 -27.3421 263.495 -27.9147 -0.0135752 0.0702159 -0.035338 0.0783997 -98.162 -19.083 
-0.00497083 -0.107506 0.788587 1.49138 1.51273 0.344946 1.74533 1.23225 1.47169 0.263707 1.74533 1.31177 1.5708 0.243603 1.74533 1.19758 1.56907 -0.331362 1.73639 1.51794 -27.342 263.003 -27.2908 -0.0135752 0.0702159 -0.035338 0.0783997 -98.162 -19.083 
0.0280755 -0.167749 0.598122 1.54419 1.5707 0.349045 1.74533 1.48032 1.45657 0.232952 1.74533 1.45916 1.5708 0.238312 1.74533 1.15906 1.53753 -0.348847 1.74533 1.33554 -27.4746 262.635 -26.7122 -0.0135752 0.0702159 -0.035338 0.0783997 -98.162 -19.083 
0.0114568 -0.131371 0.706999 1.55608 1.52426 0.332738 1.74488 1.15692 1.36726 0.272514 1.74533 1.47134 1.47037 0.220694 1.74431 1.36273 1.5708 -0.287409 1.74533 1.34627 -28.1635 262.233 -26.098 -0.0135752 0.0702159 -0.035338 0.0783997 -98.162 -19.083 
-0.0799063 -0.0789949 0.801555 1.24142 1.33145 0.315524 1.73402 1.2764 1.05379 0.331185 1.74533 1.49865 1.35613 0.198265 1.74051 1.44236 1.5708 -0.300892 1.68224 1.48167 -26.6446 262.103 -26.7354 -0.0135752 0.0702159 -0.035338 0.0783997 -98.162 -19.083 
-0.132887 -0.0209399 0.706215 1.29589 1.47927 0.307404 1.74526 1.4898 0.904548 0.324881 1.71867 1.54476 1.3042 0.23787 1.70136 1.50459 1.56816 -0.278072 1.63343 1.47319 -25.4094 262.026 -26.8974 -0.0135752 0.0702159 -0.035338 0.0783997 -98.162 -19.083 
-0.174178 0.0668899 0.772672 1.4041 1.32521 0.340886 1.73856 1.38789 0.758702 0.309857 1.73902 1.36652 0.994951 0.305112 1.64375 1.5708 1.56419 -0.319192 1.72183 1.49556 -24.6774 262.166 -26.8084 -0.0135752 0.0702159 -0.035338 0.0783997 -98.162 -19.083 
0.00354384 -0.0522454 0.330148 1.56924 0.829721 0.290591 1.7346 1.29068 0.504883 0.142099 1.73595 1.51635 0.650047 0.344096 1.74533 1.5708 1.53714 -0.301173 1.71538 1.48007 -23.9111 263.031 -25.9663 -0.0135752 0.0702159 -0.035338 0.0783997 -98.162 -19.083 
-0.0274132 -0.0136146 0.248211 1.47276 0.595177 0.239623 1.71621 1.47893 0.70624 0.169412 1.71782 1.47971 0.424112 0.271103 1.74478 1.5541 1.56991 -0.237095 1.74519 1.41727 -23.4498 263.989 -25.2689 -0.0135752 0.0702159 -0.035338 0.0783997 -98.162 -19.083 
0.0854957 0.0219476 0.135344 1.43594 0.646827 0.257719 1.73017 1.55716 0.396692 0.249629 1.74215 1.5708 0.300751 0.268417 1.74529 1.51804 1.25044 -0.290638 1.74533 1.22983 -23.298 264.731 -25.0287 -0.0135752 0.0702159 -0.035338 0.0783997 -98.162 -19.083 
-0.000730744 -0.00827767 0.122453 1.37596 0.51656 0.349066 1.70427 1.5708 0.278966 0.344705 1.7444 1.47767 0.298535 0.2918 1.74533 1.57008 1.01999 -0.346009 1.74532 1.24455 -22.7179 265.842 -23.6148 -0.0135752 0.0702159 -0.035338 0.0783997 -98.162 -19.083 
0.0255399 0.0526558 0.356497 0.665542 0.489333 0.347857 1.7425 1.55434 0.0461857 0.33922 1.74532 1.55595 0.256786 0.291432 1.74154 1.54748 0.621192 -0.0212154 1.74371 1.45788 -22.433 266.861 -22.4361 -0.0135752 0.0702159 -0.035338 0.0783997 -98.162 -19.083 
0.0385671 0.104166 0.41153 0.616078 0.376334 0.33289 1.72397 1.53706 0.0139148 0.342542 1.74124 1.5343 0.235851 0.290298 1.74493 1.54861 0.127726 0.0124264 1.74533 1.55345 -22.0944 267.812 -20.9195 -0.0135752 0.0702159 -0.035338 0.0783997 -98.162 -19.083 
-0.0848362 0.0880512 0.433338 0.644566 0.221102 0.349066 1.68795 1.51073 0.112902 0.283566 1.6386 1.50567 0.100315 0.270938 1.68739 1.51485 -0.0588845 -0.0225001 1.67901 1.46598 -21.1857 269.579 -21.4711 -0.0135752 0.0702159 -0.035338 0.0783997 -98.162 -19.083 
-0.0904373 0.192313 0.533679 0.551756 0.128858 0.325394 1.70973 1.43754 0.0349593 0.317595 1.59522 1.14388 -0.124613 0.22823 1.71111 1.56145 -0.132389 0.0474082 1.69372 1.55601 -20.3577 271.513 -21.4306 -0.0135752 0.0702159 -0.035338 0.0783997 -98.162 -19.083 
0.0444476 0.17895 0.297456 0.529824 -0.0401443 0.328797 1.72983 1.45281 -0.0296416 0.275535 1.68077 1.28637 -0.174533 0.291738 1.49002 1.29248 -0.157928 0.133971 1.62518 1.56063 -20.1792 272.571 -22.1071 -0.0135752 0.0702159 -0.035338 0.0783997 -98.162 -19.083 
-0.00711923 0.130157 0.316764 0.694515 -0.139846 0.246413 1.52064 1.3702 -0.147887 0.289666 1.47974 1.50736 -0.137158 0.275533 1.36432 0.995046 -0.120139 0.121715 1.70444 1.47962 -19.8987 273.123 -22.1112 -0.0135752 0.0702159 -0.035338 0.0783997 -98.162 -19.083 
-0.0972739 0.245739 0.45813 0.897975 -0.168497 0.297263 1.3604 1.3749 -0.147218 0.261763 1.0682 1.50432 -0.168376 0.253897 1.20625 1.39343 -0.109348 0.153985 1.286 1.48759 -19.3101 273.983 -22.3303 -0.0135752 0.0702159 -0.035338 0.0783997 -98.162 -19.083 
-0.173589 0.264982 0.483023 1.10334 -0.166719 0.282746 1.26897 1.54346 -0.120858 0.243815 0.848482 1.52762 -0.171772 0.207911 0.846815 1.50092 -0.174044 -0.013809 1.46422 1.5385 -18.9698 274.241 -22.4734 -0.0135752 0.0702159 -0.035338 0.0783997 -98.162 -19.083 
-0.174149 0.25362 0.46384 1.0333 -0.174533 0.289255 1.249 1.5708 -0.17192 0.253234 0.623235 1.52563 -0.174239 0.205319 0.813003 1.53842 -0.171472 -0.025491 1.03234 1.5708 -18.7071 274.439 -22.68 -0.0135752 0.0702159 -0.035338 0.0783997 -98.162 -19.083 
-0.150939 0.235739 0.31343 1.13404 -0.17442 0.312831 1.12456 1.54559 -0.134781 0.207475 0.57997 1.52639 -0.171174 0.112023 0.612936 1.56941 -0.122848 -0.0757844 0.756913 1.5708 -18.4231 274.598 -22.7974 -0.0135752 0.0702159 -0.035338 0.0783997 -98.162 -19.083 
-0.167159 0.240534 0.401981 0.979959 -0.174481 0.295059 0.978138 1.50711 -0.173933 0.177749 0.576894 1.41439 -0.17109 0.0458348 0.516221 1.44659 -0.159021 -0.10733 0.822894 1.52886 -18.1366 274.768 -22.8533 -0.0135752 0.0702159 -0.035338 0.0783997 -98.162 -19.083 
-0.150364 0.223532 0.42942 0.933034 -0.174533 0.315493 0.759035 1.44183 -0.174533 0.19864 0.443072 1.42922 -0.173015 0.0771373 0.470433 1.42913 -0.141822 -0.14171 0.879452 1.55629 -18.0602 274.821 -22.8529 -0.0135752 0.0702159 -0.035338 0.0783997 -98.162 -19.083 
-0.155042 0.224127 0.446065 0.819688 -0.174533 0.31608 0.564282 1.44533 -0.174533 0.198518 0.408881 1.45368 -0.174533 0.0555347 0.369701 1.11915 -0.114991 -0.198018 0.889721 1.55279 -17.6654 274.897 -22.9844 -0.0135752 0.0702159 -0.035338 0.0783997 -98.162 -19.083 
-0.113927 0.221535 0.412331 0.871432 -0.168916 0.324975 0.550052 1.4865 -0.163585 0.203306 0.372108 1.44251 -0.174524 0.0587432 0.341598 0.884504 -0.103897 -0.278054 0.882992 1.55055 -16.964 274.93 -23.1363 -0.0135752 0.0702159 -0.035338 0.0783997 -98.162 -19.083 
-0.0573974 0.277085 0.395451 0.867748 -0.172889 0.328908 0.501555 1.48546 -0.174533 0.200152 0.359339 1.50907 -0.155738 0.0370711 0.31011 0.728749 -0.0955907 -0.320972 0.799055 1.51837 -16.4664 274.936 -23.5221 -0.0135752 0.0702159 -0.035338 0.0783997 -98.162 -19.083 
-0.0202308 0.292186 0.381428 0.901765 -0.174454 0.349066 0.482105 1.53389 -0.174533 0.175725 0.231051 1.51566 -0.163643 0.015813 0.281607 0.695035 -0.103859 -0.328054 0.779239 1.49563 -16.1736 274.884 -23.8352 -0.0135752 0.0702159 -0.035338 0.0783997 -98.162 -19.083 
-0.0310612 0.276196 0.383773 0.89461 -0.174533 0.349066 0.467313 1.56467 -0.174533 0.170862 0.15512 0.697948 -0.172986 -0.00996344 0.252971 0.669415 -0.0946206 -0.341758 0.756292 1.50618 -16.0554 274.764 -23.9751 -0.0135752 0.0702159 -0.035338 0.0783997 -98.162 -19.083 
0.00354801 0.277519 0.399158 0.679178 -0.174533 0.349066 0.330824 1.53335 -0.174001 0.148447 0.123991 0.426414 -0.174447 -0.0238552 0.211174 0.770747 -0.0887169 -0.349048 0.73722 1.51013 -15.9626 274.617 -24.0026 -0.0135752 0.0702159 -0.035338 0.0783997 -98.162 -19.083 
0.0294434 0.282901 0.4109 0.544407 -0.174214 0.346866 0.314264 1.55612 -0.174533 0.146607 0.119358 0.447765 -0.158827 -0.0275477 0.214982 0.780078 -0.0473573 -0.335486 0.626359 1.55432 -15.8484 274.05 -24.3345 -0.0135752 0.0702159 -0.035338 0.0783997 -98.162 -19.083 
0.0729453 0.279807 0.371074 0.512333 -0.174511 0.348697 0.29277 1.56445 -0.174533 0.114369 0.0778658 0.498539 -0.162965 -0.0288915 0.231569 0.652482 -0.0262971 -0.347506 0.627447 1.56323 -15.7773 273.719 -24.4498 -0.0135752 0.0702159 -0.035338 0.0783997 -98.162 -19.083 
