-0.156666 0.279247 0.218433 0.292222 -0.174533 0.349066 0 0 -0.173806 0.178103 0.0227711 0 -0.0164444 0.0312558 0 0.257345 0.30823 -0.341159 0.00181608 0.00838955 -24.2558 267.315 -38.4642 0.0514088 0.0791584 -0.127808 0.0783997 -98.162 -19.083 
0.0631385 0.083954 0.0890101 0.00566475 -0.174533 0.348576 0.106434 0 -0.174533 0.0655831 0.0549519 0 0.0716679 -0.0795826 0 0.00636087 0.332798 -0.349066 0 0 -23.0398 273.371 -45.2393 0.068414 0.0609665 -0.0523618 0.0783997 -98.162 -19.083 
0.0652282 0.0787171 0.0835385 0 -0.174533 0.346493 0.115513 0.0324488 -0.174533 0.0867019 0.052877 0 -0.000730315 -0.0536634 1.41067e-005 0.00764917 0.31437 -0.349066 0 0 -22.8859 273.589 -45.1434 0.0728885 0.0678061 -0.0525135 0.0783997 -98.162 -19.083 
0.103882 0.0505336 0 0.104122 -0.174335 0.346934 0.0495585 0 -0.173901 0.0767907 0.00603667 0.133047 -0.0110488 -0.0452995 0 0.00151976 0.306031 -0.349066 0 0.0148552 -22.0609 273.827 -45.722 0.084224 0.0782201 -0.0480273 0.0783997 -98.162 -19.083 
0.108128 0.0117588 0 0.0121491 -0.174465 0.333347 0.0472473 0.00521007 -0.174222 0.0613618 0.00320032 0.117496 -0.0190636 -0.061227 0 0.000808516 0.313074 -0.349066 0 0.00217729 -21.5871 273.799 -46.0374 0.087752 0.0688087 -0.0369025 0.0783997 -98.162 -19.083 
0.107213 0.0238441 0 0.0304134 -0.174467 0.333843 0.0574851 0.00513677 -0.174239 0.0611489 0.00286008 0.138068 -0.0141956 -0.0609499 0 0.000731345 0.31868 -0.349066 0 0.00157392 -21.576 273.794 -46.0426 0.0873399 0.069621 -0.0370221 0.0783997 -98.162 -19.083 
0.111808 0.0194495 0 0.0271396 -0.174533 0.322748 0.0517117 0.00114654 -0.174287 0.068183 0.00255065 0.136408 -0.0207028 -0.0594429 0 0.00031776 0.304704 -0.349066 0 0.00146671 -21.4819 273.869 -46.1428 0.0883603 0.0697803 -0.0357622 0.0783997 -98.162 -19.083 
0.121304 0.0208174 0 0.0281264 -0.174533 0.324748 0.0549376 0.000288985 -0.174533 0.0725481 0.00174806 0.132948 -0.0155251 -0.0542563 0 0.000309083 0.296654 -0.349066 0 0 -21.417 274.096 -45.9271 0.0887742 0.0641788 -0.0382813 0.0783997 -98.162 -19.083 
0.102351 0.0186352 0 0.0279411 -0.174465 0.346307 0.0499355 0.000757318 -0.174533 0.0750729 0.00128393 0.128353 -0.0159858 -0.0490301 0.00117541 0.00192043 0.292319 -0.349066 0 0 -21.4565 274.092 -45.9907 0.0885124 0.063611 -0.0391525 0.0783997 -98.162 -19.083 
0.0922145 0.0153306 0 0.0317172 -0.174518 0.339975 0.0153228 0.0007654 -0.174533 0.087724 0.000637049 0.14182 -0.0292284 -0.0476314 0.000431095 0.00156065 0.259984 -0.349066 0 0 -21.4682 274.163 -45.9702 0.0938564 0.060171 -0.0438705 0.0783997 -98.162 -19.083 
0.0937502 0.0167151 0.000460999 0.0244065 -0.174518 0.338132 0.0353113 0.000767275 -0.174533 0.0862869 0 0.157047 -0.0363594 -0.0476444 0.000432152 0.000240675 0.264816 -0.349066 0 0 -21.4539 274.334 -45.9773 0.093878 0.0601465 -0.0442609 0.0783997 -98.162 -19.083 
0.113249 0.0218576 0 0.0308788 -0.174533 0.340855 0.0271933 0.000119446 -0.174533 0.0821846 0 0.0676808 -0.0336741 -0.0309763 0.000434507 0 0.256975 -0.346947 0 0 -21.2639 274.33 -45.9791 0.0959397 0.0600971 -0.0449779 0.0783997 -98.162 -19.083 
0.110986 0.0168306 0.00360064 0 -0.174533 0.34008 0.0317431 0 -0.174533 0.0816629 0 0.0725053 -0.0613581 -0.0308351 0.000226029 0 0.242924 -0.330124 0.00108372 0 -21.2496 274.239 -45.9607 0.0979334 0.0608304 -0.0442759 0.0783997 -98.162 -19.083 
0.133325 0.026974 0 0 -0.174533 0.349066 0.00415585 0.0010676 -0.174533 0.0973025 0 0.0257726 -0.0586785 -0.0294162 0 0 0.231994 -0.334203 0.000696648 0 -21.2799 274.309 -44.8732 0.0995433 0.0579814 -0.0449434 0.0783997 -98.162 -19.083 
0.137407 0.0196848 0.000690404 0 -0.174533 0.349066 0.00266191 0.000683822 -0.174533 0.109652 0.106227 0.0291873 -0.0505606 -0.0129801 0.0360507 0 0.218865 -0.308036 0.000446217 0 -21.2527 274.332 -44.8338 0.0993587 0.0577187 -0.0438283 0.0783997 -98.162 -19.083 
0.146337 0.021826 0.000722647 0.0788229 -0.174533 0.349066 0.098467 0.000715757 -0.165934 0.133894 0.188394 0.0777903 -0.0169535 0.0264899 0.052984 0 0.232478 -0.282955 0.000467056 0 -21.2517 274.332 -44.8339 0.0991588 0.0577412 -0.0438254 0.0783997 -98.162 -19.083 
0.147038 0.0124364 0.00134819 0.0759058 -0.174533 0.349066 0.124154 0.000713278 -0.174533 0.124948 0.344332 0.131184 -0.0215013 0.0638909 0.0889375 0.207374 0.23316 -0.244805 0 0.0656969 -21.2657 274.34 -44.8235 0.0986677 0.0574421 -0.0441204 0.0783997 -98.162 -19.083 
0.0244636 -0.0338306 0.0441926 0.0899663 -0.173959 0.349066 0.00116787 0.608044 1.23159 0.121593 0.00183937 0.00750737 -0.10815 0.262948 0.0102744 1.31488 0.164502 -0.249435 0.341507 0.177704 -19.6841 272.423 -42.8835 0.119378 0.0838277 -0.0226485 0.0783997 -98.162 -19.083 
0.0711212 -0.00338332 0.0156939 0.237891 -0.174486 0.349066 0 1.49648 1.23269 -0.0185485 0 0.00771484 -0.174533 0.277328 0.29466 1.15088 0.153722 -0.130632 0.334489 0.119133 -20.0974 272.378 -42.5608 0.117248 0.086674 -0.0149868 0.0783997 -98.162 -19.083 
0.0851921 -0.0357115 0.0117104 0.238054 -0.174533 0.349066 0 1.49632 1.23925 -0.0186073 0 0.00508092 -0.174533 0.292306 0.440403 1.37189 0.153947 -0.131782 0.332344 0.128006 -20.1044 272.372 -42.5627 0.117244 0.0867345 -0.0149175 0.0783997 -98.162 -19.083 
0.165384 -0.0507157 0 0 -0.174533 0.313882 0.657157 1.46491 1.30247 0.0515775 0.0506779 0.0166879 -0.122079 0.343964 0.701615 1.50922 0.12548 0.0104759 0.599972 1.51315 -18.5288 272.359 -42.7566 0.1168 0.073725 -0.0023105 0.0783997 -98.162 -19.083 
0.120455 -0.109323 0 0.376873 -0.174533 0.249009 0.952615 1.5708 1.1497 -0.127714 0.0914229 0 -0.114368 0.323627 0.851175 1.57069 0.124745 0.0460195 1.13487 1.5708 -19.6098 271.886 -43.6024 0.131673 0.0662788 -0.0113537 0.0783997 -98.162 -19.083 
0.352892 -0.195503 0 0 -0.174533 0.243098 1.3846 1.56506 1.12996 -0.23039 0 0.0262014 -0.145508 0.330238 1.09296 1.55394 -0.12683 0.148532 1.27863 1.36916 -19.8738 271.389 -44.4403 0.166598 -0.0373205 -0.0199736 0.0783997 -98.162 -19.083 
0.0834088 -0.191454 0 0.380272 -0.172784 0.02415 1.74533 1.53562 1.09019 -0.109327 0 0.0102001 -0.174533 0.254234 1.73005 1.5708 -0.131187 0.128604 1.73226 0.563095 -15.5891 264.692 -36.2616 0.287943 -0.0121397 0.14602 0.0783997 -98.162 -19.083 
0.040243 -0.17287 0.0224733 0.74334 -0.15091 0.0758063 1.74533 1.5216 1.04497 -0.149568 0.0350813 0.0950794 -0.113097 0.349066 0.689829 1.57061 -0.150862 0.20624 1.70279 0.594219 -14.6399 263.585 -36.217 0.283181 -0.0072452 0.133394 0.0783997 -98.162 -19.083 
0.0490635 -0.20944 0 0.57742 -0.160581 0.0411366 1.74533 1.53243 1.04468 -0.0462583 0.00478445 0.0230821 -0.163735 0.349029 0.130941 1.5708 -0.155397 0.349066 0.401025 0.59207 -13.8202 263.834 -35.5023 0.313651 0.00816594 0.13774 0.0783997 -98.162 -19.083 
0.094778 -0.206285 0.0385289 1.20434 -0.134373 0.193712 1.74533 1.45099 0.975641 -0.211985 0.003305 0.0145987 0.0234176 0.349066 1.14256 1.53336 -0.174533 0.349066 0 0.88343 -17.2033 264.372 -36.5543 0.351969 -0.0415643 0.0847963 0.0783997 -98.162 -19.083 
0.297891 -0.205061 0.0154624 0.746642 -0.172611 0.283589 1.74002 1.50611 0.966564 -0.184142 0.00295345 0 -0.167744 0.349066 1.02726 1.55803 -0.174214 0.344434 0 0.815734 -17.5846 262.847 -38.794 0.37995 -0.0900837 -0.028476 0.0783997 -98.162 -19.083 
0.204452 -0.207782 0.0242373 0.964935 -0.174533 0.349066 1.73545 1.54348 0.963024 -0.247718 0.00210595 0.0179029 -0.1706 0.349066 1.0626 1.55669 -0.13026 0.323811 0.000760457 0.724975 -18.8686 260.435 -38.5606 0.390474 -0.0726417 0.0213729 0.0783997 -98.162 -19.083 
0.122566 -0.209427 0.273861 0.0555223 -0.174533 0.349066 1.74515 1.55832 0.813941 -0.133154 0 0.0105007 -0.174003 0.349066 1.15135 1.54507 -0.173585 0.320356 0 0.694837 -19.8412 262.222 -37.773 0.519405 0.00109609 0.0300514 0.0783997 -98.162 -19.083 
-0.0111118 -0.20944 0.311936 0.0763709 -0.174533 0.349066 1.74533 1.5708 0.832182 -0.0353117 0 0.0619824 -0.174533 0.349066 1.13315 1.5708 -0.174533 0.323086 0 0.85988 -17.2519 261.551 -37.6997 0.512174 0.0593121 0.0354238 0.0783997 -98.162 -19.083 
-0.0085667 -0.20944 0.208295 0.361258 -0.174533 0.349066 1.74533 1.5708 0.862975 -0.0636389 0.000360746 0.0167632 -0.171657 0.347211 1.33288 1.5708 -0.174533 0.349066 0 0.818961 -17.4802 261.118 -37.3941 0.52419 0.0825848 0.0373564 0.0783997 -98.162 -19.083 
-0.0532084 -0.20598 0.311054 0.352458 -0.174533 0.349066 1.74533 1.5708 0.855053 -0.0243628 0.000254786 0.000211545 -0.174533 0.348733 1.32113 1.56997 -0.173431 0.349066 0 0.834632 -17.523 260.917 -37.4651 0.524898 0.083942 0.026428 0.0783997 -98.162 -19.083 
-0.134139 -0.209435 0.31553 0.0866169 -0.174533 0.348736 1.74437 1.5708 0.834634 -0.00799127 2.0308e-005 0 -0.17452 0.347423 1.33042 1.57038 -0.174094 0.349066 0.000377572 0.863638 -18.027 260.955 -38.4549 0.534078 0.112086 0.0339978 0.0783997 -98.162 -19.083 
-0.134914 -0.20944 0.388135 0 -0.174533 0.349066 1.74438 1.5708 0.833983 -0.00151142 2.07155e-005 0 -0.174528 0.347922 1.34175 1.57056 -0.174248 0.349066 0.000377942 0.849942 -18.055 260.883 -38.3576 0.536564 0.113162 0.0308755 0.0783997 -98.162 -19.083 
-0.137812 -0.20944 0.388601 0 -0.174533 0.349066 1.74439 1.5708 0.842148 -0.0182294 9.19103e-007 0 -0.174532 0.34903 1.34421 1.57078 0.167171 0.349066 4.08034e-005 0.847916 -18.0781 260.841 -38.4069 0.534431 0.112402 0.0324191 0.0783997 -98.162 -19.083 
-0.174533 -0.20944 0.22872 0.691148 -0.174533 0.348679 1.74474 1.56992 0.886568 0.0773254 1.05842e-007 0.00115975 -0.174533 0.349066 1.52491 1.56671 0.418982 0.347567 0.000607333 0.90005 -18.3827 260.116 -34.2851 0.47925 0.204193 0.0728833 0.0783997 -98.162 -19.083 
-0.174533 -0.20943 0.131647 1.13473 -0.174533 0.348885 1.74496 1.57047 0.890331 0.0738177 4.13319e-008 0.000420976 -0.174533 0.349066 1.51627 1.56679 0.423142 0.347829 0.000665642 0.905185 -18.2972 260.103 -34.3964 0.479265 0.205865 0.0695566 0.0783997 -98.162 -19.083 
-0.147745 -0.208932 0.158024 0.317756 -0.174533 0.349066 1.74252 1.57059 0.893535 0.118207 0.0393826 0 -0.169947 0.270272 1.47511 1.36348 0.509068 0.348718 0.000718528 0.844255 -20.1114 260.256 -32.4207 0.415224 0.265403 0.0716395 0.0783997 -98.162 -19.083 
-0.174533 -0.20944 0.0601914 1.40136 -0.174533 0.349066 1.74533 1.57023 0.884239 0.147038 0.0474456 0.000203495 -0.170653 0.309322 1.49976 1.39583 0.470173 0.348849 1.43402e-005 0.848775 -19.2921 260.646 -33.3524 0.429044 0.232886 0.0195141 0.0783997 -98.162 -19.083 
-0.0402815 -0.208679 0.076285 0.452517 -0.174533 0.243757 1.74533 1.56866 0.93922 0.0321193 0.0186592 0 -0.173218 0.348496 1.55376 1.48113 0.357125 0.349066 0 0.984419 -20.4462 266.229 -38.8503 0.40305 0.126908 -0.0149757 0.0783997 -98.162 -19.083 
-0.0531707 -0.163524 0.122703 0.535112 -0.174533 0.269852 1.74533 1.56882 0.949678 0.0486239 0.0172431 0 -0.174533 0.349066 1.58546 1.47326 0.318525 0.349066 0 1.02082 -21.0387 267.882 -38.9169 0.393614 0.141334 -0.0457653 0.0783997 -98.162 -19.083 
-0.106224 -0.189527 0.137657 0 -0.174533 0.231882 1.74533 1.5708 0.984759 0.0332762 0.0292831 0.0194216 -0.174533 0.349066 0.59254 1.45283 -0.174533 0.349066 0 0.97049 -21.5705 266.659 -37.3581 0.325486 0.107507 -0.00675565 0.0783997 -98.162 -19.083 
-0.174533 -0.113741 0.113466 0 -0.174533 0.03721 1.74533 1.5708 1.04478 0.0389921 0.000511022 0 -0.174533 0.347684 0.500491 1.42272 -0.172167 0.349066 0 0.861388 -20.8302 267.123 -37.6667 0.308656 0.110244 0.0258163 0.0783997 -98.162 -19.083 
-0.128825 -0.168163 0.166052 0.0957594 -0.174533 0.0387222 1.74491 1.56893 1.01666 -0.0192298 0 0.00265965 -0.172125 0.349066 0.00272615 1.42063 -0.172803 0.349066 0 0.853788 -22.2181 269.062 -37.1107 0.341373 0.095541 0.0324157 0.0783997 -98.162 -19.083 
0.0928013 -0.171911 0 0.112738 -0.174533 0.31894 1.72312 1.55841 1.0201 0.0207011 0 0.000749619 -0.173531 0.347811 0.00293194 1.39919 -0.167661 0.349066 0.052962 0.79591 -21.4196 270.988 -35.31 0.34617 0.0927529 -0.0198148 0.0783997 -98.162 -19.083 
0.11547 -0.157111 0.00666377 0.15842 -0.174533 0.165218 1.74533 1.5708 0.979159 -0.0390809 0.00656396 0.0440019 -0.169087 0.349066 0 1.32732 -0.174533 0.34376 0.0298077 0.192883 -23.188 273.489 -35.3579 0.331834 0.0429856 -0.0679904 0.0783997 -98.162 -19.083 
0.220914 -0.162717 0 0.0214732 -0.174533 0.235943 1.74533 1.5708 1.08614 -0.0477683 0.00455108 0.0405654 -0.152955 0.349066 0.235833 1.56843 -0.174533 0.210975 0.58392 0.187205 -22.9454 276.979 -37.6598 0.278983 0.0433024 -0.0954393 0.0783997 -98.162 -19.083 
0.410718 -0.0801999 0 0.0757885 -0.174533 0.26214 1.48357 1.55565 1.27366 0.0514201 0 0.0319512 -0.00361016 0.349066 0.545357 1.5708 -0.0752451 0.211028 0.491026 1.5708 -23.2074 279.149 -37.4936 0.132392 0.0237551 -0.0994035 0.0783997 -98.162 -19.083 
0.339707 -0.119682 0 0.0146089 -0.174533 0.23273 1.37683 1.55637 1.20626 -0.0915007 0.0571263 0.00500357 -0.151902 0.342793 0.620657 1.56169 -0.157795 0.112128 0.498894 1.33763 -22.4087 277.93 -37.3572 0.128902 0.0253574 -0.0879748 0.0783997 -98.162 -19.083 
0.364544 -0.0885055 0 0 -0.174533 0.183637 1.09729 1.5708 1.23512 -0.0278905 0.0209899 1.13889e-005 -0.174533 0.343195 0.587864 0.274691 -0.174533 0.111683 0.285935 1.00146 -22.2279 277.941 -36.8162 0.123779 0.0319307 -0.0898812 0.0783997 -98.162 -19.083 
0.31764 -0.0907927 0 0.0313647 -0.174533 0.175744 1.09464 1.5708 1.23449 -0.0333157 0.0205512 1.15962e-005 -0.174533 0.319509 0.563283 0.501142 -0.174533 0.0432116 0.291228 0.999116 -22.2212 278.107 -36.9134 0.122586 0.0299031 -0.09223 0.0783997 -98.162 -19.083 
0.444801 -0.0758707 0.0488526 0.148292 -0.147127 0.126291 1.6112 0.371547 1.2392 -0.135941 0.0944197 0.0129763 -0.173017 0.287382 0.337414 0.722634 -0.13737 -0.0710244 0.289775 0.864852 -21.8799 278.721 -34.4518 0.0975023 0.00447368 -0.0821102 0.0783997 -98.162 -19.083 
0.401485 0.00639666 0 0 -0.174533 0.125273 0.533542 0.133359 1.24212 -0.137357 0.032103 0.013928 -0.163688 0.246322 0.231582 0.693616 -0.174533 -0.0537902 0.447011 0 -18.1038 279.335 -34.533 0.0948665 -0.00244227 -0.0737674 0.0783997 -98.162 -19.083 
0.277845 -0.0060478 0 0.0329698 -0.174533 0.128634 0.521964 0.105217 1.25001 -0.147326 0.0397686 0.0146078 -0.174533 0.214941 0.308737 0.49427 -0.105838 -0.0670511 0.372049 0.0394506 -18.1719 279.352 -33.9957 0.0974517 0.0553728 -0.0708341 0.0783997 -98.162 -19.083 
0.376326 -0.00295717 0.0184153 0 -0.174533 0.23872 0.291164 0.753201 1.25068 -0.135755 0.0391261 0.0214354 -0.154393 0.169221 0.286643 0.21388 -0.120127 -0.202392 0.163482 0.269522 -17.661 279.434 -33.9148 0.0949368 0.051656 -0.0106077 0.0783997 -98.162 -19.083 
0.327741 -0.0260189 0 0.0031523 -0.174533 0.220216 0.299751 0.353176 1.25499 -0.136733 0.038233 0.018009 -0.13686 0.159596 0.194868 0.233394 0.030435 -0.297147 0.139881 0.0749433 -17.5224 279.622 -33.8632 0.0943846 0.0539393 -0.00572317 0.0783997 -98.162 -19.083 
0.303561 0.111245 0.0457329 0.130854 -0.174213 0.318846 0.461357 0.325179 1.26835 -0.144842 0.0421612 0.0196198 -0.070108 0.174841 0.20847 0.02391 0.150333 -0.349066 0.0517191 0.161181 -17.1686 280.456 -27.6129 0.0645304 0.0625405 -0.0203225 0.0783997 -98.162 -19.083 
0.413939 0.103854 0.00498216 0 -0.16785 0.345037 0.394774 0.113131 -0.159192 0.084591 0.0869104 0.568625 -0.125592 -0.0769618 0.268542 0.0292317 0.0379656 -0.349066 0.232132 0.00337945 -17.0166 280.172 -27.6743 0.0685864 0.0666899 -0.0230321 0.0783997 -98.162 -19.083 
0.301738 0.128923 0 0.18202 -0.17266 0.348807 0.284372 0.0437392 -0.174533 0.11386 0.0726705 0.402554 -0.0571027 -0.0404231 0.00185308 0.0903268 0.210058 -0.349066 0 0 -14.7752 278.982 -27.9391 0.0664393 0.101319 -0.0248596 0.0783997 -98.162 -19.083 
0.274717 0.0777315 0.0154983 0.206502 -0.174533 0.349066 0.248141 0 -0.174533 0.0857993 0.0357105 0.12746 -0.0377701 -0.0730312 0.0121767 0.0400365 0.192916 -0.349066 0.00744344 0 -14.7867 279.349 -34.4429 0.0750814 0.10574 -0.0208475 0.0783997 -98.162 -19.083 
0.301021 0.0650692 0 0.0160198 -0.174533 0.349066 0.0441977 0.0525725 -0.174533 0.0686962 2.2372e-005 0.0932544 -0.05309 -0.0663226 0.0127367 0.0469787 0.200387 -0.349066 0.0086569 0 -14.2088 279.856 -34.5689 0.0842472 0.111541 -0.017877 0.0783997 -98.162 -19.083 
0.31453 0.0654622 0 0 -0.174533 0.349066 0.0562023 0.15834 -0.174533 0.0686666 2.23527e-005 0.0928549 -0.0531685 -0.0851436 0.0130676 0.0228284 0.200332 -0.349066 0.0085814 0 -14.2097 279.849 -34.5666 0.084597 0.112286 -0.0178833 0.0783997 -98.162 -19.083 
0.320164 0.0614678 0 0 -0.174533 0.349066 0.0590408 0.169094 -0.174533 0.0750063 0 0.102225 -0.0438879 -0.0690477 0.00652371 0.00819662 0.216455 -0.349066 0 0 -14.2706 279.703 -34.6396 0.080314 0.111569 -0.0234264 0.0783997 -98.162 -19.083 
0.337503 0.0684841 0.00243151 0 -0.174533 0.349066 0.0929963 0.0434555 -0.174533 0.0910493 0 0.0311494 -0.00425944 -0.0849065 0 0 0.223812 -0.349066 0 0 -14.3244 279.079 -34.6629 0.0826922 0.0997394 -0.0250081 0.0783997 -98.162 -19.083 
0.336024 0.075065 0.0009762 0 -0.174533 0.349066 0.0929914 0.0434556 -0.174533 0.0910998 0 0.0311478 -0.0460609 -0.0852334 0 0 0.223926 -0.349066 0 0 -14.3244 279.079 -34.6629 0.0826922 0.0997398 -0.0250081 0.0783997 -98.162 -19.083 
