0.658441 0.313421 0 0.42551 -0.172872 0.348112 0.0887756 0.664598 -0.174533 0.0809106 0.0001376 0.750799 0.0835165 0.0890513 0.0472801 0.315039 0.23659 -0.31491 0.0406593 1.10247 -9.99216 305.389 -38.4532 0.119375 -0.0653053 0.0959758 13.6451 -99.021 -2.9728 
0.794476 0.252695 0.0593758 0 -0.0976075 0.349049 0.0205224 0.405497 -0.171183 0.113957 0.0452777 0.122461 0.0644552 0.0414121 0 0.207388 0.274163 -0.276316 0.00839445 0 -7.8843 305.255 -43.2727 0.137752 -0.136798 0.101243 13.6451 -99.021 -2.9728 
0.825128 0.222238 0.0196308 0 -0.0885749 0.349066 0.0198873 0.439138 -0.173188 0.123363 0.0766348 0 0.0618985 0.0304396 0.00306442 0.0955983 0.295868 -0.257855 0 0 -7.88427 305.243 -43.3115 0.137724 -0.135358 0.101073 13.6451 -99.021 -2.9728 
0.825128 0.209606 0.0167025 0 -0.0885749 0.349066 0.0198873 0.439138 -0.173188 0.123363 0.0766348 0 0.0618985 0.0304396 0.00306442 0.0955983 0.306621 -0.257855 0 0 -7.88427 305.243 -43.3115 0.137724 -0.135358 0.101073 13.6451 -99.021 -2.9728 
0.82261 0.189933 0 0 -0.0969326 0.349066 0.0632131 0.422179 -0.173866 0.1233 0.081937 0.0148968 0.0607411 0.0353062 0.0016631 0.117694 0.317935 -0.258113 0 0 -7.89097 305.141 -43.3058 0.137826 -0.134171 0.100764 13.6451 -99.021 -2.9728 
0.802424 0.189933 0 0 -0.122819 0.349066 0.118222 0.422179 -0.173866 0.126109 0.0423215 0.184511 0.0563453 0.0468122 0.0276978 0.117694 0.317935 -0.258113 0 0 -7.89097 305.141 -43.3058 0.137826 -0.134171 0.100764 13.6451 -99.021 -2.9728 
0.7946 0.195849 0 0 -0.136074 0.349066 0.179663 0.359322 -0.174533 0.13483 0 0.311884 0.0454977 0.0790412 0.0431867 0.23118 0.300893 -0.251817 0 0 -8.34217 307.01 -43.9616 0.13687 -0.145926 0.105521 13.6451 -99.021 -2.9728 
0.787028 0.218539 0 0.000749804 -0.149419 0.349066 0.204234 0.206756 -0.174533 0.146568 0 0.248509 0.0417863 0.0984977 0.0455897 0.242137 0.276153 -0.211859 0.00222739 0.000369882 -8.32788 307.095 -43.7749 0.138137 -0.145545 0.107159 13.6451 -99.021 -2.9728 
0.780363 0.245008 0.0156455 0 -0.123057 0.349066 0.0696412 0.315416 -0.174533 0.180087 0.00676311 0.2067 0.0677048 0.140234 0.0468773 0.225916 0.278194 -0.178678 0.00561709 0 -13.5908 308.301 -43.8537 0.137009 -0.138555 0.103205 13.6451 -99.021 -2.9728 
0.770705 0.248553 0 0.163569 -0.131884 0.349066 0.0204897 0.267164 -0.174533 0.191434 0.0560856 0.337544 0.0893176 0.17094 0.195319 0 0.349108 -0.135339 0 0.0185399 -19.3886 308.303 -45.2405 0.107694 -0.0896843 0.11066 13.6451 -99.021 -2.9728 
0.805051 0.213005 0 0.171062 -0.140243 0.349066 0.0255277 0.262906 -0.171315 0.210988 0.0010727 0.581747 0.0863909 0.202869 0.192046 0.208602 0.338628 -0.124551 0.092663 0.000805515 -19.3399 308.883 -44.8648 0.114969 -0.0731512 0.122953 13.6451 -99.021 -2.9728 
0.832541 0.233885 0.0490304 0.068061 -0.0849762 0.349066 0.00416648 0.457302 -0.147652 0.248663 0 0.314741 0.0723656 0.262421 0.353783 0.196887 0.404094 -0.123984 0 0.0306307 -24.429 308.966 -44.7297 0.118867 -0.0710316 0.129691 13.6451 -99.021 -2.9728 
0.903976 0.156438 0 0 -0.160633 0.349066 0.28202 0.308305 -0.172252 0.22476 0.0210326 0.628928 0.142799 0.218677 0.275976 0.195876 0.363564 -0.0565226 0.0242798 0 -31.4073 308.451 -45.352 0.130725 -0.0697918 0.165009 13.6451 -99.021 -2.9728 
0.918413 0.131559 0 0.014716 -0.163099 0.349066 0.262013 0.227233 -0.156692 0.242941 0.00627318 0.976082 0.214266 0.248523 0.180032 0 0.337857 -0.0139678 0.00996661 0 -31.8201 308.601 -46.7663 0.124204 -0.0552358 0.174819 13.6451 -99.021 -2.9728 
0.922329 0.088698 0 0.0342584 -0.174533 0.336431 0.139513 0.193611 -0.14307 0.2051 0.00447612 1.14856 0.253079 0.284932 0.108135 0 0.303726 0.024735 0.104128 0.0379611 -34.4888 310.883 -46.6813 0.122671 -0.0197272 0.212504 13.6451 -99.021 -2.9728 
0.942913 0.0679271 0.0039664 0.0259475 -0.158622 0.349066 0.167084 0.201751 -0.171273 0.244102 0.176059 0.876566 0.303719 0.349066 0 0 0.33122 0.111209 0.0436096 0.0260419 -37.619 312.919 -48.1364 0.106426 -0.00329876 0.195772 13.6451 -99.021 -2.9728 
0.969994 0.0209681 0.0107536 0.126586 -0.156493 0.340656 0.104248 0.363019 -0.157163 0.210749 0.0568719 0.822647 0.282675 0.349066 0 0.00157537 0.314386 0.138429 0.0787495 0.0396805 -37.9796 313.998 -52.1081 0.113919 0.0277094 0.217205 13.6451 -99.021 -2.9728 
1.07407 -0.0359621 0.00182902 0.0125085 -0.0715578 0.348606 0.0546045 0.199511 -0.13881 0.19202 0 0.574091 0.231563 0.349066 0 1.5708 0.360094 0.223154 0 0 -42.0079 313.666 -54.9037 0.111338 0.0022654 0.225931 13.6451 -99.021 -2.9728 
1.065 -0.0252061 0.0235634 0.0593335 -0.041718 0.347265 0.0462521 0.151241 -0.0886275 0.222828 0 0.229214 0.225631 0.349066 0 1.5708 0.383104 0.308126 0 5.86717e-005 -42.1557 313.722 -54.6493 0.113039 0.00625791 0.224851 13.6451 -99.021 -2.9728 
1.06266 -0.0355566 0.0309566 0.0411494 -0.026112 0.347781 0.0328601 0.0106775 -0.105386 0.253932 0.0838945 0 0.213245 0.349066 0.0346798 1.5708 0.388607 0.335467 0 0 -42.1275 313.5 -54.8216 0.115129 0.00603173 0.23139 13.6451 -99.021 -2.9728 
1.04262 -0.0421344 0.0823409 0.0154311 0.0115246 0.349066 0.020845 0.00323204 -0.0713328 0.29128 0.112228 0.0019076 0.217275 0.349066 0.148224 1.5708 0.409181 0.349066 0 0.0272038 -42.3084 313.311 -54.7722 0.116064 0.0020928 0.229337 13.6451 -99.021 -2.9728 
0.95931 -0.105446 0.0881815 0.0947743 -0.0986743 0.349066 0.213028 0 -0.089193 0.329531 0.0838616 0 0.295699 0.349066 0 1.54011 0.363618 0.349066 0.0260986 0 -46.1274 313.429 -57.8401 0.13207 0.0396486 0.20286 13.6451 -99.021 -2.9728 
0.911029 -0.181631 0.0540754 0.106152 -0.0596741 0.349066 0 0 -0.105563 0.301108 0.0508234 0.148825 0.334651 0.349066 0 1.5708 0.359632 0.337552 0 0 -46.4647 314.848 -57.5218 0.157531 0.0613968 0.216214 13.6451 -99.021 -2.9728 
0.837486 -0.20944 0.0999578 0.0846181 -0.174533 0.349066 0.08866 0.221611 -0.174533 0.284925 0.125375 0.111574 0.299826 0.349066 0 1.5708 0.298697 0.343232 0.0573099 0 -47.3088 314.257 -58.1717 0.194636 0.0809516 0.22319 13.6451 -99.021 -2.9728 
0.748418 -0.20944 0.225891 0.0539493 -0.174533 0.349066 0 0 -0.163444 0.265346 0.00119355 0.0904545 0.272929 0.349066 0.0591304 1.5708 0.33296 0.341293 0 0 -47.4058 314.988 -57.7677 0.217145 0.0903558 0.228182 13.6451 -99.021 -2.9728 
0.649018 -0.20944 0.332412 0.0486861 -0.174533 0.349066 0 0 -0.146103 0.239596 0 0 0.26549 0.349066 0.00104627 1.5708 0.412052 0.347334 0 0 -47.4589 315.1 -57.5163 0.227133 0.092898 0.240047 13.6451 -99.021 -2.9728 
0.625367 -0.20944 0.38191 0 -0.174533 0.349066 0 0 -0.127828 0.234284 0.00474762 0 0.260007 0.349066 0 1.5708 0.414082 0.349066 0 0 -47.501 315.052 -57.4581 0.225579 0.0903752 0.241446 13.6451 -99.021 -2.9728 
0.624618 -0.20944 0.400996 0 -0.173091 0.348623 0.018446 0.000605103 -0.149959 0.186473 0.137334 0 0.300266 0.343242 0.0243092 1.5708 0.394605 0.349066 0 0 -48.1773 315.203 -58.3987 0.226301 0.0853222 0.255454 13.6451 -99.021 -2.9728 
0.636138 -0.20944 0.371565 0.0702885 -0.17327 0.349066 0.0173213 0 -0.16029 0.196914 0.163833 0 0.283905 0.349066 0.0182517 1.5708 0.387835 0.328123 0.0218245 0 -48.2376 315.172 -58.3891 0.224504 0.087152 0.257147 13.6451 -99.021 -2.9728 
0.582141 -0.20944 0.372418 0.0533552 -0.174533 0.34892 0.00015035 0 -0.173632 0.177654 0.168888 0.00467386 0.275828 0.349066 0.00968393 1.5708 0.381197 0.306329 0.00202423 0 -48.1021 315.309 -58.5602 0.227042 0.0920355 0.264915 13.6451 -99.021 -2.9728 
0.52589 -0.20944 0.337708 0.18612 -0.174533 0.344526 0.0001282 0 -0.173504 0.161337 0.169609 0.0039853 0.303938 0.349066 0.00507732 1.04765 0.352381 0.208793 0.00203613 0 -48.0871 315.276 -58.5527 0.226416 0.0911938 0.26461 13.6451 -99.021 -2.9728 
0.601665 -0.20944 0.191993 0.199407 -0.174533 0.324207 0 0.00470375 -0.164505 0.173913 0 0.1549 0.259502 0.331377 0.0470238 0.807733 0.372486 0.14518 0.0808078 0.124851 -47.8465 316.506 -56.8936 0.227722 0.0981241 0.268314 13.6451 -99.021 -2.9728 
0.549001 -0.20944 0.149465 0.119333 -0.173965 0.301419 0 0 -0.159489 0.176939 0 0.0567699 0.26768 0.341281 0 0.723406 0.352733 0.0610908 0.151222 0 -47.6967 317.122 -53.707 0.227823 0.0951264 0.269473 13.6451 -99.021 -2.9728 
0.756968 -0.20349 0.00736622 0.124936 -0.173758 0.334779 0.0346494 0.226025 -0.137321 0.174263 0.0367457 0.150805 0.27403 0.337869 0.15194 0.130737 0.450296 0.0331938 0.127086 0 -47.3129 313.979 -48.5104 0.201238 0.0604172 0.25261 13.6451 -99.021 -2.9728 
0.782553 -0.201615 0.0247319 0.100893 -0.174533 0.301007 0.011729 0.00943576 -0.117577 0.153294 0 0.247357 0.286051 0.269239 0.00320188 0.828382 0.49317 -0.00830685 0.00282838 0 -44.4395 312.993 -48.5493 0.204513 0.0688077 0.26186 13.6451 -99.021 -2.9728 
0.806139 -0.181546 0.0150896 0.102325 -0.174533 0.292766 0.000315262 3.26245e-005 -0.148075 0.117966 0 0.596169 0.182039 0.200029 0.0759942 0.421299 0.492903 -0.0788725 0.0380426 0 -44.4448 313.121 -48.7758 0.206208 0.0803177 0.265111 13.6451 -99.021 -2.9728 
0.974877 -0.158929 0.0233279 0.0129066 -0.174533 0.266791 0.00648195 0 -0.174533 0.0709164 0.0664048 0.597061 0.11875 0.0954557 0.209934 0.254793 0.509583 -0.133862 0.00060955 0.112866 -42.8073 314.256 -48.2827 0.21376 0.0629881 0.266587 13.6451 -99.021 -2.9728 
1.08738 -0.143411 0.0463978 0 -0.146468 0.214764 0 0.0490187 -0.174533 0.014834 0.213988 0.317356 0.131273 0.00629377 0.00323988 0.761243 0.483377 -0.226957 0.0695565 0.000332525 -40.7423 314.085 -48.2531 0.215669 0.0246752 0.282585 13.6451 -99.021 -2.9728 
1.14919 -0.162068 0.0106862 0 -0.16364 0.159038 0.0605093 0.00254028 -0.112672 -0.0188518 0.0396099 0.342362 0.132089 -0.0789376 0 0.793121 0.469594 -0.299572 0.0724875 2.03171e-005 -40.5223 314.473 -49.1388 0.215128 0.0172645 0.285529 13.6451 -99.021 -2.9728 
1.15798 -0.148582 0 0 -0.16971 0.106185 0.184239 0.164355 -0.123759 0.0266767 0.114379 0 0.140543 -0.108876 0.0179581 0.752371 0.393829 -0.338947 0.19962 0.0224778 -37.0426 312.756 -48.943 0.18008 0.00165676 0.263842 13.6451 -99.021 -2.9728 
1.08679 -0.169103 0.00465349 0.0195232 -0.171278 0.154797 0.1272 0 -0.174533 0.0793322 0.166385 0 -0.0351802 -0.0787055 0.402081 0.149077 0.298842 -0.349066 0.017251 0.343043 -34.2756 310.458 -48.2623 0.183922 -0.0131163 0.220711 13.6451 -99.021 -2.9728 
1.04728 -0.155191 0 0.0113994 -0.174533 0.172948 0.0800074 0.249978 -0.174533 0.0526339 0.146061 0 -0.0280303 -0.0723781 0.352121 0.217754 0.303756 -0.349066 0.0108587 0.0768534 -33.3822 309.989 -48.4126 0.17442 -0.0190964 0.21682 13.6451 -99.021 -2.9728 
1.07388 -0.122257 0 0 -0.172629 0.196444 0.0817448 0.303945 -0.139063 -0.00285741 0.0273301 0.185657 -0.00177721 -0.108987 0.285805 0.332215 0.317615 -0.34902 0.143644 0 -28.3028 309.826 -47.4514 0.165701 -0.0743513 0.228687 13.6451 -99.021 -2.9728 
1.01468 -0.0924419 0 0 -0.174533 0.221096 0.0817448 0.303945 -0.139063 -0.0258178 0 0.185657 0.00196833 -0.122417 0.304225 0 0.381726 -0.34902 0.0500047 0 -28.3028 309.826 -47.4514 0.165701 -0.0743513 0.228687 13.6451 -99.021 -2.9728 
1.00216 -0.0674728 0 0 -0.174533 0.213299 0.0833813 0.299099 -0.151011 -0.0579025 0 0.185646 0.00821155 -0.149267 0.262838 0 0.406665 -0.349023 0 0 -28.2966 309.829 -47.4473 0.165835 -0.0745937 0.22889 13.6451 -99.021 -2.9728 
0.977161 -0.00584808 0.0105116 0.00337638 -0.174533 0.240614 0.0597962 0.269124 -0.174533 -0.0634205 0 0.0829939 -0.0220345 -0.165039 0.247289 0 0.378153 -0.349066 0.00924928 0 -19.0059 310.903 -47.4388 0.17651 -0.0719758 0.223509 13.6451 -99.021 -2.9728 
0.922016 -0.0451659 0 0 -0.171695 0.227365 0.0323716 0.1151 -0.174533 -0.0856336 0 0 -0.0451572 -0.168255 0.216125 0.012498 0.406492 -0.349066 0.00121848 0 -15.8136 310.007 -47.099 0.180207 -0.0559622 0.229676 13.6451 -99.021 -2.9728 
0.86996 -0.0328891 0.0048437 0 -0.174533 0.221912 0.0330393 0.117633 -0.174533 -0.0828853 0 0 -0.0779026 -0.16562 0.264235 0 0.408757 -0.349066 0.00273085 0 -9.3916 309.985 -47.1361 0.178776 -0.0541173 0.236293 13.6451 -99.021 -2.9728 
0.901736 -0.0072903 0.00034117 0 -0.174533 0.236164 0 0.0918384 -0.174533 -0.101089 0 0 -0.0910207 -0.123798 0.12671 0.608819 0.33342 -0.349066 0.0213714 0 -8.22587 309.171 -47.6823 0.181441 -0.0629191 0.230383 13.6451 -99.021 -2.9728 
0.935609 0.0746 0.00989498 0 -0.170444 0.319415 0.0431322 0.0548213 -0.174533 -0.0223367 0.000826519 0.114646 -0.0317587 -0.0541664 0.0319167 0.594328 0.324721 -0.329454 0.0149646 0.00345259 -4.99001 309.404 -48.0719 0.170454 -0.0797203 0.18034 13.6451 -99.021 -2.9728 
0.933121 0.0798748 0 0 -0.174455 0.342145 0.0236492 0.123935 -0.174101 0.0243897 0 0 -0.0212279 -0.0393357 0.0699141 0.129929 0.294183 -0.349066 0 0 -3.33136 308.538 -50.4754 0.17353 -0.0978405 0.156728 13.6451 -99.021 -2.9728 
0.927459 0.0662247 0 0.0130289 -0.172046 0.34268 0.0277194 0.150603 -0.174158 0.0414471 0 0 -0.0208464 -0.0472401 0.0617843 0 0.289314 -0.349066 0 0 -3.28381 308.199 -50.6274 0.175238 -0.105877 0.155008 13.6451 -99.021 -2.9728 
0.843616 0.0425747 0 0 -0.174533 0.297299 0.0227979 0.196077 -0.173989 0.0184556 0.0184207 0 0.00713416 -0.0907369 0.0162743 0 0.353641 -0.34882 0.00237558 0 -2.31456 307.027 -49.9747 0.167309 -0.062012 0.171579 13.6451 -99.021 -2.9728 
0.844597 0.0377779 0 0 -0.174533 0.309208 0 0.354921 -0.171416 0.0099691 0.0346714 0.0314485 -0.00542685 -0.108749 0.0306844 0 0.327564 -0.349035 0.0294337 0 0.236037 306.273 -50.0053 0.160789 -0.070852 0.17789 13.6451 -99.021 -2.9728 
0.843443 0.0394751 0 0 -0.174533 0.308134 0 0.36981 -0.169132 0.0105115 0.0177791 0.0130074 -0.0237651 -0.112014 0.0161595 0 0.2968 -0.349062 0.070952 0 0.229314 305.051 -50.0342 0.160909 -0.0826606 0.177955 13.6451 -99.021 -2.9728 
0.843443 0.0394751 0 0 -0.174533 0.30623 0 0.36981 -0.169132 0.0214126 0.0177791 0.0130074 -0.0237651 -0.108061 0.0161595 0 0.299411 -0.349062 0.033875 0 0.229314 305.051 -50.0342 0.160909 -0.0826606 0.177955 13.6451 -99.021 -2.9728 
