0.46139 0.233527 0 0 -0.173797 0.349066 0.104389 0 -0.173186 0.0560423 0 0.107554 0.00955937 -0.243181 0 0 0.345146 -0.348661 0 0 -12.5887 305.824 -50.8309 0.0388743 -0.0675683 0.142947 13.2436 -95.942 -24.8945 
0.374167 0.155007 0 0.00059489 -0.174533 0.348957 0.00370394 0.000427362 -0.174533 0.111961 0 0.0376966 0.0683148 -0.136198 0.000541151 0.000730321 0.473142 -0.348831 0 0.000375378 -10.4046 304.959 -52.7624 -0.00408296 -0.000517916 0.125354 13.2436 -95.942 -24.8945 
0.424136 0.117892 0 0 -0.174533 0.34719 0 0.000769552 -0.174533 0.158492 0 0.0144755 0.0580651 -0.102797 0 1.76387e-005 0.384818 -0.349066 0 0.00271049 -7.40507 305.832 -56.0753 0.0259924 -0.0773491 0.168719 13.2436 -95.942 -24.8945 
0.364996 0.0837969 0.00432986 0 -0.168732 0.343269 0.0010174 0 -0.170317 0.087605 2.24278e-005 0.000499333 0.0400457 -0.121013 0 7.13313e-005 0.348784 -0.345911 0.00083296 7.98394e-005 -8.27096 307.184 -56.4686 0.0461193 -0.043227 0.17771 13.2436 -95.942 -24.8945 
0.366944 0.0790506 0.00268009 0 -0.174533 0.343781 0 0 -0.174533 0.0901011 1.86343e-005 0 0.0397374 -0.118784 0 0 0.352357 -0.349066 0 0 -8.07189 306.99 -56.6434 0.0480527 -0.0526055 0.178812 13.2436 -95.942 -24.8945 
0.369232 0.0793726 4.52601e-006 0 -0.174498 0.349066 0.000405359 0 -0.174533 0.0875094 8.4665e-005 0.000149906 0.0231838 -0.125273 9.97422e-005 0 0.355646 -0.349041 0 0.000288467 -7.71367 306.855 -56.6043 0.0501613 -0.0566609 0.171858 13.2436 -95.942 -24.8945 
0.389963 0.0550376 0 0 -0.174533 0.349066 0 0 -0.168153 0.0805175 6.61497e-006 0.00664583 0.0449687 -0.0922884 0 0 0.33244 -0.349066 0 0.000201985 -6.7994 307.518 -55.6973 0.0550661 -0.0778355 0.175088 13.2436 -95.942 -24.8945 
0.382744 0.0499181 0 0 -0.174533 0.349066 0 0 -0.169118 0.0620562 0 0 0.0660541 -0.0951507 0 0 0.361379 -0.349066 0 4.1025e-005 -7.20062 307.444 -55.0848 0.053834 -0.0663162 0.181001 13.2436 -95.942 -24.8945 
0.371269 0.0393418 0 0 -0.174533 0.349066 0 0 -0.174533 0.0611664 0 0 0.0696676 -0.0933796 0 0 0.364342 -0.349066 0 0 -7.13958 307.295 -55.1874 0.0649431 -0.0634875 0.188342 13.2436 -95.942 -24.8945 
0.395226 0.041997 0 0 -0.174533 0.349066 0 0 -0.174533 0.0570554 0 0 0.125849 -0.0905498 0 0 0.396698 -0.349066 0 0 -6.96359 307.713 -55.2045 0.0576913 -0.0719097 0.192185 13.2436 -95.942 -24.8945 
0.423376 0.0341214 0 0 -0.174533 0.349066 0 0 -0.174533 0.0392039 0 0 0.139588 -0.100565 0 0 0.405508 -0.349066 0 0 -7.87298 307.867 -54.9422 0.0712596 -0.088962 0.199802 13.2436 -95.942 -24.8945 
0.422946 0.038247 0 0.00112982 -0.174533 0.349066 0 0 -0.174533 0.0408374 5.79319e-005 0.00178021 0.142176 -0.103419 0.000231174 0 0.4104 -0.348716 0.00148123 0.000249769 -8.00183 307.966 -55.0321 0.0731168 -0.0927515 0.199968 13.2436 -95.942 -24.8945 
0.407204 0.0225448 0 0.000990648 -0.174533 0.349066 0 0 -0.174533 0.0593716 0 0 0.219469 -0.0939027 0 0 0.410773 -0.349066 0 1.77503e-007 -7.90332 309.374 -56.6692 0.0833593 -0.0637576 0.200256 13.2436 -95.942 -24.8945 
0.423801 0.0212625 0 0.00170859 -0.143171 0.349066 0.00039213 0 -0.174533 0.0427524 0 0.0141786 0.256366 -0.0867715 0.00927906 0.0754447 0.424657 -0.314373 0.0274367 0.0365305 -9.36434 309.133 -57.5643 0.0612076 -0.0572722 0.192281 13.2436 -95.942 -24.8945 
0.441763 0.00298498 0 0.0569402 -0.147626 0.327555 3.36604e-005 0 -0.174533 0.00343952 0 0.0791403 0.318577 -0.0539487 0.132607 0.207822 0.373991 -0.311707 0.166524 0.0538928 -10.6682 309.581 -57.9846 0.0562977 -0.0571587 0.209562 13.2436 -95.942 -24.8945 
0.531134 -0.06364 0.000104659 0.0593505 -0.174533 0.349066 0 0.0591703 -0.174533 0.0416805 0.00451445 0.106663 0.502001 -0.00740843 0.270572 0.101088 0.323654 -0.265408 0.214364 0.0198981 -11.4133 310.586 -56.6735 0.0891306 -0.14397 0.206342 13.2436 -95.942 -24.8945 
0.593567 -0.0323355 0.00153888 0.0644241 -0.174533 0.349066 0 0 -0.174052 0.0589758 0 0.14555 0.463237 -0.0279955 0.362566 0.064191 0.426879 -0.225996 0.235143 0 -9.36936 309.036 -60.8172 0.112982 -0.172823 0.23343 13.2436 -95.942 -24.8945 
0.637768 -0.0440514 0.00101074 0.019789 -0.174533 0.34899 0 0.000445576 -0.173484 0.0865001 0.000881492 0.062267 0.499549 -0.0302739 0.367664 0.0457208 0.435185 -0.223708 0.245692 1.89812e-007 -10.2223 308.092 -61.1652 0.10694 -0.179197 0.216248 13.2436 -95.942 -24.8945 
0.619299 -0.0100152 0 0 -0.174533 0.348994 0.0196758 0.000462162 -0.152125 0.0797712 0.0103596 0.0229371 0.441268 0.0425644 0.306559 0.0177807 0.48779 -0.13837 0.281619 0.00115045 -11.2806 310.397 -61.4961 0.0715277 -0.145911 0.172104 13.2436 -95.942 -24.8945 
0.599419 -0.0330717 0.00823494 0.00192121 -0.174533 0.340907 0.0266538 0 -0.15085 0.0563388 0.00125732 0.0168474 0.413298 0.0664042 0.24089 0 0.590565 -0.0552121 0.30634 0.0145124 -14.202 311.398 -62.3853 0.0935186 -0.0903673 0.16564 13.2436 -95.942 -24.8945 
0.620311 -0.0804475 0 0.00132667 -0.174533 0.349066 0.000976105 0 -0.165224 0.0631811 0 0.0174272 0.424398 0.0530747 0.254638 0 0.575769 0.0066362 0.349763 0.000428447 -14.2276 310.712 -62.5248 0.0923645 -0.0739224 0.156839 13.2436 -95.942 -24.8945 
0.67612 -0.0718214 0 0 -0.174533 0.349066 0 0.000333358 -0.174533 0.0571834 0 0.00186895 0.47939 0.0653141 0.267059 0 0.591942 0.0312255 0.377531 0 -13.5051 310.791 -61.6152 0.103366 -0.0651475 0.17278 13.2436 -95.942 -24.8945 
0.825128 -0.0597864 0.00131523 0 -0.174533 0.349066 0 0 -0.174533 0.0985665 0.00216855 0.00654156 0.543242 0.102299 0.000845213 0 0.643474 0.112004 0.390703 0.00110324 -12.3179 311.867 -64.0474 0.0916577 -0.08411 0.149324 13.2436 -95.942 -24.8945 
0.856008 -0.163586 3.92322e-006 6.50479e-005 -0.174533 0.327151 0 0.000422783 -0.174533 0.127551 6.46858e-006 0.00115208 0.60835 0.103666 0.0455334 0 0.64052 0.109796 0.413372 3.28892e-006 -12.2609 310.688 -63.5354 0.104549 -0.0428753 0.159154 13.2436 -95.942 -24.8945 
0.880402 -0.158724 0 0 -0.174533 0.334472 0 0 -0.174533 0.12417 0 0 0.642089 0.0999657 0.0590205 0 0.665988 0.109568 0.42246 0 -11.9082 310.278 -63.4494 0.106256 -0.0446096 0.161002 13.2436 -95.942 -24.8945 
0.93565 -0.20251 0 0 -0.174533 0.348331 0 0 -0.174533 0.100388 0 0 0.642159 0.0641007 0.0477366 0 0.719414 0.112045 0.407208 0 -11.4422 310.406 -63.4877 0.100196 -0.0500099 0.176008 13.2436 -95.942 -24.8945 
0.971468 -0.209269 0 0 -0.174533 0.342859 0 0 -0.174533 0.0693344 0 0 0.575572 0.0716741 0.0287805 0 0.680739 0.0841457 0.409311 0 -9.64474 312.905 -62.0387 0.152469 -0.097266 0.175183 13.2436 -95.942 -24.8945 
0.977928 -0.20936 0 0 -0.174533 0.345302 0 0 -0.174533 0.069281 0 0 0.572896 0.071405 0.0330476 0 0.68334 0.0858924 0.399501 0 -9.89581 312.882 -62.0484 0.151026 -0.0977426 0.175635 13.2436 -95.942 -24.8945 
1.05697 -0.20944 0 0 -0.174121 0.348812 0.000154635 6.14576e-005 -0.174533 0.0824958 0 0 0.646899 0.0920156 0.00859689 0 0.724638 0.115107 0.366828 0 -9.47411 312.583 -62.6059 0.122542 -0.0815403 0.172209 13.2436 -95.942 -24.8945 
1.14676 -0.207993 0 0.00718988 -0.174533 0.348661 0 0 -0.174206 0.0219086 1.03558e-007 0 0.806828 0.189918 0.00504507 0.0260568 0.795178 0.180764 0.398816 0.00345058 -8.24632 309.921 -61.2839 0.132633 -0.12563 0.208864 13.2436 -95.942 -24.8945 
1.15422 -0.20944 0 0.00408464 -0.174533 0.349066 0 0 -0.174533 0.0339664 0 0 0.800112 0.192582 0.00289839 0.0252987 0.790054 0.188906 0.321022 0.00517849 -7.96098 309.939 -61.3731 0.132571 -0.13026 0.212234 13.2436 -95.942 -24.8945 
1.19512 -0.20944 0 0.00208751 -0.174533 0.349066 0 0 -0.174533 0.0322227 0 0 0.806473 0.181536 0 0.0202421 0.785404 0.188474 0.33398 0.00010077 -7.90296 309.704 -61.1758 0.132239 -0.121468 0.218654 13.2436 -95.942 -24.8945 
1.1685 -0.20944 0 0 -0.174533 0.349066 0 0 -0.174533 0.0370709 0 0 0.833419 0.160881 0 0.0232371 0.777514 0.182146 0.325355 0 -9.93846 309.078 -61.0441 0.126187 -0.108106 0.19758 13.2436 -95.942 -24.8945 
1.2245 -0.20944 0 0 -0.174533 0.349066 0 0 -0.174533 0.0579906 0 0 0.809238 0.170023 0 0.00802095 0.81145 0.250947 0.316918 0 -10.8201 309.266 -61.4588 0.124953 -0.114335 0.188789 13.2436 -95.942 -24.8945 
1.21268 -0.20944 0.0896334 0.0215182 -0.174472 0.349066 0 0.0190526 -0.156661 0.0616145 0 0.0246088 0.795449 0.169465 0.0320275 0.00695987 0.804656 0.255708 0.300129 0 -10.7462 309.346 -61.4176 0.12316 -0.111299 0.181039 13.2436 -95.942 -24.8945 
1.19645 -0.20944 0.089789 0.000165107 -0.174533 0.348613 0 0.0247678 -0.153992 0.0600762 0.00015983 0 0.78782 0.174192 0.000361348 0.000147693 0.832935 0.349066 0.32217 0.000949696 -10.782 309.329 -61.1508 0.124054 -0.107808 0.182404 13.2436 -95.942 -24.8945 
1.17578 -0.209352 0.0918626 0.000330393 -0.174476 0.346422 0 0.0282034 -0.172051 0.0456672 4.88932e-005 0 0.798259 0.163558 0 0.00338115 0.797141 0.349066 0.338147 0.000197067 -10.9819 309.343 -61.2904 0.141062 -0.0985262 0.188271 13.2436 -95.942 -24.8945 
1.14303 -0.204874 0.100158 0.0715778 -0.174533 0.34853 0.0357672 0.0002719 -0.173125 0.0694897 0.000602752 0.00557229 0.742725 0.105665 0.0240108 0.198987 0.838461 0.337183 0.346496 2.91349e-006 -11.0903 310.449 -62.2332 0.153783 -0.133208 0.184629 13.2436 -95.942 -24.8945 
1.17541 -0.206279 0.096851 0.0609189 -0.174533 0.349007 0.00768663 0 -0.174533 0.0601919 6.65419e-005 0.014328 0.779244 0.103023 0.00335327 0.211586 0.839333 0.347351 0.343852 0 -11.1658 309.552 -62.6515 0.15713 -0.141022 0.176665 13.2436 -95.942 -24.8945 
1.1502 -0.20944 0.142421 0.0586826 -0.174533 0.349066 0.00820955 0 -0.174533 0.064344 3.29319e-006 0.0128932 0.775573 0.109218 0 0.202088 0.833626 0.347536 0.351534 0 -11.0548 309.381 -62.2095 0.157712 -0.143121 0.175875 13.2436 -95.942 -24.8945 
1.0561 -0.20944 0.0424651 0 -0.174533 0.344223 0.00880188 0 -0.174533 0.0990531 5.0579e-008 0.00876945 0.59806 0.0630733 0 0.203911 0.857941 0.346217 0.356218 0 -11.6983 309.814 -62.9313 0.123609 -0.128317 0.166167 13.2436 -95.942 -24.8945 
0.966202 -0.20944 0 0 -0.174533 0.349066 0 0 -0.174533 0.0567306 0 0 0.604256 0.0431273 0 0.134784 0.830994 0.349066 0.416697 0 -11.6556 311.074 -62.8579 0.137299 -0.134729 0.174518 13.2436 -95.942 -24.8945 
0.827168 -0.20944 0 0 -0.174533 0.349066 0 0 -0.174533 0.067283 0.000261513 0 0.551598 0.0170032 0.00472761 0.148998 0.817531 0.349065 0.498678 0 -11.4288 310.274 -63.1989 0.147136 -0.130061 0.17215 13.2436 -95.942 -24.8945 
0.809056 -0.208939 1.39729e-006 0 -0.1745 0.348953 0 0 -0.174533 0.0834084 0 0.000346431 0.554531 0.0245497 0.00621288 0.216519 0.762509 0.349066 0.455428 0.000114534 -11.6895 310.296 -63.3994 0.14046 -0.128717 0.169198 13.2436 -95.942 -24.8945 
0.693149 -0.209069 1.48389e-005 0 -0.174529 0.349066 0.0151925 0 -0.174533 0.0385899 0 0.0660126 0.54372 -0.00445832 0.0656865 0.208035 0.649281 0.349066 0.506411 0 -11.9887 311.137 -60.9748 0.119935 -0.0896689 0.179297 13.2436 -95.942 -24.8945 
0.678144 -0.20747 0 0 -0.170758 0.346884 0.011016 0.00708703 -0.164972 0.0341786 0.00741805 0.0523271 0.563369 -0.00831789 0.0658644 0.000208848 0.671918 0.34869 0.52181 0 -12.1991 311.249 -60.9463 0.12566 -0.0752988 0.193561 13.2436 -95.942 -24.8945 
0.681952 -0.20837 0 0.00013123 -0.173786 0.349066 0.00649469 0.00361734 -0.172366 0.00893405 0.00356404 0.0143372 0.546947 0.000483299 0.0730178 0.00200373 0.681238 0.349058 0.520789 0.000683382 -11.9725 311.145 -61.8771 0.136832 -0.0919711 0.189346 13.2436 -95.942 -24.8945 
0.688408 -0.208764 0 0 -0.174153 0.349066 0.00394033 0.00163805 -0.171893 -0.00192902 0.00258376 0.0184418 0.544457 -0.00210544 0.0555257 0.0013495 0.676056 0.349066 0.49291 0 -11.5243 310.858 -62.0592 0.126635 -0.0920501 0.194657 13.2436 -95.942 -24.8945 
0.575239 -0.0961902 0.000219329 0 -0.174533 0.29759 0 0 -0.152767 0.0212366 0.0296286 0 0.439957 -0.114753 2.46683e-005 0.0158882 0.618466 0.343666 0.385345 0.0485991 -16.0931 310.693 -61.6638 0.0897812 -0.0263401 0.149268 13.2436 -95.942 -24.8945 
0.586602 -0.0261306 0 0 -0.174533 0.335548 0 0 -0.166424 0.0379478 0.0137868 0 0.433947 -0.138283 0 0.00895543 0.556694 0.348039 0.410198 0.0194268 -11.0714 309.843 -60.8015 0.0991566 -0.0476175 0.171947 13.2436 -95.942 -24.8945 
0.559343 0.0123989 0.028523 0.00350218 -0.174533 0.348982 1.01233e-005 0.0243997 -0.174508 0.0860285 0.000336657 0 0.419335 -0.0931841 0 0.0706236 0.528419 0.335643 0.444569 0.0294493 -10.557 309.851 -57.8231 0.11306 -0.030391 0.155658 13.2436 -95.942 -24.8945 
0.494161 0.0429502 0.0146558 0 -0.174533 0.349062 0 0.000258584 -0.174533 0.114646 0 0 0.426723 -0.0986169 0 0.0443915 0.570775 0.327826 0.435353 0.00515886 -9.55624 310.109 -57.4444 0.0892063 -0.0139453 0.150764 13.2436 -95.942 -24.8945 
0.429097 0.0672102 4.87084e-005 0 -0.174533 0.349066 6.28628e-005 0 -0.174533 0.127418 3.60784e-005 0 0.392831 -0.120458 7.73402e-005 0.0290965 0.580283 0.331913 0.443175 0.000909979 -9.24234 309.52 -57.0612 0.0667479 0.0104944 0.153529 13.2436 -95.942 -24.8945 
0.400032 0.0590967 2.60314e-006 0 -0.174533 0.349066 0 0 -0.120875 0.14016 0.0101631 0 0.390393 -0.120712 0 0.00018631 0.656528 0.333848 0.449442 0.037828 -8.30588 309.346 -57.3127 0.0584728 0.00339606 0.153224 13.2436 -95.942 -24.8945 
0.399205 0.0713391 0 0 -0.174533 0.349066 0 0 -0.124941 0.132068 0.0096924 0 0.349568 -0.119568 0 0 0.691716 0.33649 0.457104 0.0345224 -8.49001 309.827 -57.2655 0.0594099 0.00999413 0.147282 13.2436 -95.942 -24.8945 
0.375549 0.087703 0 0.00376389 -0.174533 0.349066 0 0.000302596 -0.134908 0.115268 0.00896461 0 0.304702 -0.105787 0 0 0.65952 0.320507 0.447608 0.0429929 -7.77794 309.85 -57.7796 0.0418067 0.0264283 0.138662 13.2436 -95.942 -24.8945 
0.374725 0.0671187 0 0.00157139 -0.174533 0.349066 0 7.09329e-005 -0.174403 0.101831 0.00912571 0.000306292 0.238434 -0.136765 0.000242573 0 0.667412 0.339663 0.410876 0.0301354 -8.34507 309.706 -57.5882 0.0516888 0.0219272 0.145152 13.2436 -95.942 -24.8945 
0.375518 0.0902207 0 0 -0.174533 0.349066 0 0 -0.174514 0.110369 0.00317485 0 0.18466 -0.15525 3.93236e-005 0 0.674805 0.343595 0.439022 0.00515093 -8.8372 309.309 -57.4967 0.0320858 0.0113619 0.131355 13.2436 -95.942 -24.8945 
0.304627 0.0928616 0.000215429 0 -0.174533 0.349066 0 0.0122396 -0.174533 0.102193 0 0 0.156458 -0.165227 0 0 0.572949 0.349035 0.403122 0 -8.32239 308.218 -56.6734 0.0119129 0.0509233 0.14831 13.2436 -95.942 -24.8945 
0.287583 0.0877367 0 0 -0.174533 0.349066 0 0.00016985 -0.174533 0.0697162 0 0 0.127224 -0.163417 0 0 0.515438 0.349063 0.365028 0 -9.15082 308.153 -58.1733 -0.0195776 -0.00771097 0.123919 13.2436 -95.942 -24.8945 
0.263796 0.0801561 0 0 -0.174533 0.349066 0 0 -0.174533 0.0720261 0 0 0.133088 -0.161399 0 0 0.508713 0.349065 0.375498 0 -8.99406 308.697 -58.0208 -0.0239887 -0.0073695 0.123102 13.2436 -95.942 -24.8945 
0.258201 0.0752858 0 0 -0.174533 0.349066 0 0 -0.174533 0.0762261 0 0 0.127864 -0.162307 0 0 0.504032 0.349066 0.351576 0 -8.76401 308.946 -58.1942 -0.0308326 -0.00177137 0.124856 13.2436 -95.942 -24.8945 
0.17341 0.0503045 0 0 -0.174533 0.349066 0 0 -0.174533 0.0372205 0 0 0.18916 -0.155213 0 0 0.545268 0.349066 0.3917 0 -7.9715 311.159 -61.4664 -0.00629036 0.0228057 0.116688 13.2436 -95.942 -24.8945 
0.174259 0.0560145 0 0 -0.174533 0.349066 0 0 -0.174533 0.0304692 0 0 0.195715 -0.152294 0 0 0.5537 0.349066 0.394856 0 -8.02554 311.295 -61.5286 -0.00960692 0.02348 0.120481 13.2436 -95.942 -24.8945 
0.210205 0.0553625 0 0 -0.174533 0.349066 0 0 -0.174533 0.0296184 0 0 0.287757 -0.349066 0.0257987 0.0136232 0.704517 0.349066 0.334258 0 -9.11635 313.185 -61.6782 0.0360449 0.00897721 0.10033 13.2436 -95.942 -24.8945 
0.211114 0.0581704 0 0 -0.174533 0.349066 0 0 -0.174533 0.0333392 0 0 0.283005 -0.349066 0.0219738 0.0238186 0.710922 0.349066 0.325813 0 -9.03651 312.962 -61.4309 0.0401138 0.0130088 0.0988338 13.2436 -95.942 -24.8945 
