5
-131.833 274.428 -12.9248 -96.4971 292.699 73.0621 -27.5538 292.521 77.1507 21.7597 288.761 38.0795 -53.5435 291.506 89.2392 
54.4388 40.1807 -73.6338 14.6056 22.7099 -96.2857 -14.2305 13.3396 -98.0793 -49.3538 24.2184 -83.5325 44.6991 10.2684 -88.8625 
-51.9988 308.169 -31.6095 -39.6182 209.57 -42.7871
0 1 4 2 3
5
-131.783 274.325 -12.9199 -96.4213 292.469 73.0047 -27.5318 292.287 77.0889 18.9689 287.686 36.5829 -55.0445 292.186 88.0711 
82.0548 49.2573 -28.9952 17.6718 23.2419 -95.6427 -59.7011 25.1629 -76.1749 -54.5502 23.9721 -80.3095 -1.80787 24.4654 -96.9442 
-51.9751 308.144 -31.6683 -40.1825 209.469 -42.809
0 1 4 2 3
5
-131.839 274.44 -12.9254 -98.2901 293.939 73.3715 -28.9326 292.532 78.5314 20.3186 287.612 36.5734 -55.0677 292.309 88.1083 
83.6137 46.457 -29.1633 4.26077 25.1921 -96.6809 -28.7651 20.6816 -93.5138 -52.0258 20.8959 -82.805 -6.35097 24.9019 -96.6414 
-51.9546 308.137 -31.6743 -40.7111 209.362 -42.496
0 1 4 2 3
5
-131.887 274.541 -14.2231 -98.2396 293.788 73.3338 -30.6571 295.878 72.4621 18.9592 287.54 36.5643 -55.2079 293.053 86.9525 
83.3654 52.7875 -16.2384 22.9631 23.222 -94.5169 -41.5007 19.1035 -88.9536 -61.7936 24.7456 -74.6271 58.606 9.33462 -80.4873 
-52.4236 308.123 -31.5837 -42.0881 209.195 -41.8933
0 1 4 2 3
5
-133.062 274.298 -14.2105 -98.3532 294.127 72.0333 -30.585 295.182 72.2917 18.9574 287.511 36.5606 -56.5149 292.674 86.8399 
83.5257 48.8271 -25.2856 27.7637 21.5206 -93.6271 -22.2172 14.8675 -96.3605 -52.8138 22.7705 -81.8059 57.6206 10.1654 -81.0958 
-52.8188 308.109 -31.6631 -42.4042 209.236 -42.4255
0 1 4 2 3
5
-134.002 273.578 -14.1732 -96.5218 292.774 71.7019 -28.8904 292.105 77.041 18.9592 287.539 36.5642 -56.5101 292.649 86.8326 
83.9412 46.1787 -28.6602 27.3263 25.7407 -92.686 -38.5078 21.91 -89.6499 -52.5883 24.5882 -81.4242 5.24953 19.7217 -97.8953 
-52.9207 308.094 -31.7543 -41.943 209.327 -42.9137
0 1 4 2 3
5
-133.87 273.309 -14.1593 -96.4888 292.674 71.6774 -30.3735 293.142 75.9338 20.3192 287.621 35.22 -53.5067 291.305 86.4339 
83.5703 48.1456 -26.4198 22.2283 24.7383 -94.3076 -8.31933 14.4354 -98.6023 -63.1156 26.6079 -72.859 -2.18222 22.0471 -97.5149 
-53.1114 308.078 -31.7624 -41.4274 209.4 -42.997
0 1 4 2 3
5
-131.332 273.385 -15.4508 -96.4773 292.639 71.6688 -30.4919 294.284 73.4577 18.974 287.763 36.5927 -55.262 293.341 84.2746 
70.1416 41.0194 -58.2887 21.805 24.7889 -94.3931 -40.116 22.9506 -88.679 -52.1924 25.232 -81.4819 11.2833 18.7154 -97.5829 
-53.1704 308.062 -31.9959 -41.1378 209.373 -42.7522
0 1 4 2 3
5
-131.174 273.057 -15.4322 -97.7625 292.361 72.9777 -30.4056 293.451 78.7782 17.684 288.831 36.7284 -54.9828 291.858 86.5978 
52.6738 43.3392 -73.1244 25.6172 23.6387 -93.7282 -40.4145 20.8902 -89.052 -54.1342 21.2359 -81.3543 1.66067 23.9214 -97.0825 
-53.2237 308.054 -31.9953 -40.7642 209.383 -42.4242
0 1 4 2 3
5
-130.704 272.079 -15.377 -98.1177 293.423 71.8609 -30.3905 293.306 78.7391 17.6567 288.384 36.6716 -58.1328 293.885 87.1992 
57.4709 42.3024 -70.0543 23.4834 25.2905 -93.8559 -10.8599 13.619 -98.4713 -53.0823 23.1187 -81.534 0.751224 19.974 -97.982 
-53.4714 308.041 -32.0761 -40.641 209.337 -41.718
0 1 4 2 3
5
-129.6 269.779 -16.5176 -98.8111 291.393 69.9912 -32.0994 296.329 75.3637 17.7276 289.542 38.1824 -56.7496 293.89 85.8165 
72.133 49.5489 -48.3915 -0.674457 33.5229 -94.2113 -9.92514 10.4439 -98.9566 -71.14 19.2783 -67.5829 9.73582 23.5528 -96.6979 
-53.4128 308.028 -31.8935 -38.9376 209.499 -40.9675
0 1 4 2 3
5
-126.679 268.973 -12.6679 -100.355 287.948 66.4516 -31.9648 295.087 79.2171 16.4596 291.235 38.4058 -59.6307 294.447 87.366 
66.4869 53.9324 -51.6797 14.9334 38.0364 -91.2701 -12.7973 14.5571 -98.1036 -48.5755 16.2619 -85.8835 3.09532 23.4692 -97.1577 
-53.0585 308.018 -31.6544 -37.0599 209.726 -40.7514
0 1 4 2 3
5
-121.484 265.922 -12.5242 -99.2566 280.998 60.8774 -33.557 296.878 78.2997 15.2632 294.617 40.2394 -62.8817 296.699 88.0343 
55.4683 52.5446 -64.5162 30.0021 51.6771 -80.1832 -19.1232 13.7261 -97.19 -48.2384 13.9536 -86.4775 10.2986 21.5507 -97.1056 
-53.0383 308.01 -31.5058 -35.0188 210.004 -39.8795
0 1 4 2 3
5
-112.795 263.181 -9.91606 -96.4509 280.536 50.2073 -34.9868 297.146 79.7699 13.8794 294.697 40.2502 -62.8246 296.43 87.9544 
47.1693 56.1784 -67.9635 -14.3177 92.7543 -34.5201 6.29517 2.74784 -99.7638 -67.8394 20.0779 -70.6731 -3.35934 30.9783 -95.0214 
-53.0125 308.008 -31.0193 -33.2007 210.312 -38.959
0 1 4 2 3
5
-109.585 261.438 -8.61908 -96.4326 284.378 41.5196 -36.586 298.777 78.8006 13.92 295.559 41.76 -66.531 300.56 87.7644 
43.1669 65.4783 -62.042 48.9704 68.2202 -54.2946 -29.1792 21.4171 -93.2195 -46.4368 19.4876 -86.3936 14.7457 19.1913 -97.0271 
-52.8744 308.02 -30.9703 -32.126 210.446 -37.9574
0 1 4 2 3
5
-107.006 261.152 -7.37971 -95.416 289.42 36.8033 -36.4347 297.541 79.8761 12.5947 297.134 43.3819 -67.9271 300.474 86.324 
42.1472 74.1968 -52.1387 -5.58925 56.8989 -82.0444 -4.4715 14.0338 -98.9093 -44.653 16.4654 -87.9489 19.7157 20.6319 -95.8416 
-52.4521 308.103 -30.8148 -30.6853 210.692 -36.9159
0 1 4 2 3
5
-103.73 262.198 -6.1744 -95.3272 289.151 32.6836 -38.0352 299.108 80.2966 12.5756 296.682 43.3159 -69.151 299.646 86.086 
41.3936 65.3823 -63.3382 58.3662 61.6376 -52.8602 -11.9649 12.7324 -98.4618 -41.391 18.394 -89.1541 20.8294 22.3573 -95.217 
-52.4666 308.259 -30.5536 -30.4827 210.87 -36.215
0 1 4 2 3
4
0 0 0 -94.4731 290.713 30.1219 -38.0147 298.946 80.2533 12.5663 296.462 43.2838 -70.4664 299.238 85.969 
0 0 0 40.8319 47.5652 -77.9122 -3.66539 15.2782 -98.758 -38.8835 21.2556 -89.6453 2.21716 42.0506 -90.7019 
-52.1819 308.496 -30.4526 -29.3192 211.315 -36.2218
1 0 4 2 3
4
0 0 0 -94.7952 291.704 21.9815 -38.0806 299.464 80.3923 11.1979 297.202 43.3918 -71.9792 299.669 84.6814 
0 0 0 -30.5994 -47.3986 82.5654 -3.50515 15.5226 -98.7257 -43.8078 20.4158 -87.5447 25.4504 27.7169 -92.6501 
-52.1195 308.844 -30.4837 -28.4573 211.855 -36.2562
1 0 4 2 3
4
0 0 0 -92.8584 285.744 20.1866 -38.1262 299.823 80.4886 12.6319 298.01 44.9133 -71.3944 297.234 85.3933 
0 0 0 -14.8997 -67.8564 71.9271 -1.96069 14.1138 -98.9796 -46.5495 21.4307 -85.8713 22.5889 31.2454 -92.2685 
-52.2524 309.263 -30.1997 -26.9026 212.727 -36.3861
1 0 4 2 3
3
0 0 0 0 0 0 -38.0487 299.214 81.7344 11.1961 297.155 43.385 -72.4677 295.901 85.0102 
0 0 0 0 0 0 -3.46997 16.3436 -98.5944 -61.1144 22.302 -75.9451 19.4446 33.2711 -92.2764 
-52.4763 309.623 -29.8604 -25.7873 213.531 -37.202
1 0 4 2 3
3
0 0 0 0 0 0 -38.0883 299.525 80.4086 12.6178 297.678 44.8633 -72.549 296.233 85.1056 
0 0 0 0 0 0 1.0892 15.9056 -98.721 -41.2899 19.1443 -89.0429 18.9955 34.2798 -92.0004 
-52.5313 309.784 -29.5151 -25.0354 213.945 -37.1893
1 0 4 2 3
3
0 0 0 0 0 0 -38.1021 299.633 79.0265 12.5856 296.919 43.3505 -72.515 296.094 82.2767 
0 0 0 0 0 0 -18.2984 23.8253 -95.3809 -41.2789 24.635 -87.6879 -6.35368 44.8624 -89.1459 
-52.5662 310.102 -29.3016 -23.0002 214.892 -37.1093
1 0 4 2 3
3
0 0 0 0 0 0 -38.0881 299.523 80.4081 12.5712 296.578 41.904 -72.1189 294.477 83.2141 
0 0 0 0 0 0 -12.1204 20.383 -97.1475 -54.6447 28.0587 -78.9092 -9.27529 46.754 -87.9092 
-52.5356 310.392 -29.0755 -21.5656 215.653 -37.1684
1 0 4 2 3
3
0 0 0 0 0 0 -38.0844 299.495 80.4005 13.9864 296.969 43.3578 -72.0252 294.094 81.721 
0 0 0 0 0 0 -15.8223 21.2152 -96.4343 -51.3235 27.6024 -81.265 16.9699 40.1161 -90.0151 
-52.4576 310.644 -28.8871 -20.511 216.286 -37.5992
1 0 4 2 3
3
0 0 0 0 0 0 -38.1186 299.764 80.4727 12.5645 296.42 43.2776 -71.8484 293.372 81.5203 
0 0 0 0 0 0 -2.47196 17.9214 -98.3499 -64.3067 28.7704 -70.9712 17.3046 43.4474 -88.3905 
-52.389 310.876 -28.7986 -20.8497 216.431 -38.0419
1 0 4 2 3
3
0 0 0 0 0 0 -39.5587 299.978 80.5303 12.5599 296.313 43.262 -71.512 291.999 82.5139 
0 0 0 0 0 0 -22.0856 24.5314 -94.3951 -62.4802 28.1802 -72.8155 9.60094 43.8455 -89.361 
-52.2805 311.108 -28.7924 -20.7115 216.706 -38.3674
1 0 4 2 3
4
0 0 0 -91.4966 277.531 24.8348 -39.5972 300.27 79.1943 13.9688 296.596 43.3034 -71.3658 291.402 82.3452 
0 0 0 48.5744 87.4001 1.32558 0.986014 15.3206 -98.8145 -47.4869 28.8265 -83.1506 22.2257 44.1864 -86.9114 
-51.906 311.307 -28.8717 -22.3254 216.261 -38.4327
1 0 4 2 3
4
0 0 0 -92.8439 277.652 30.0762 -39.6116 300.379 79.2233 12.5653 296.438 43.2804 -71.308 291.166 83.6498 
0 0 0 40.0409 90.0146 -17.1493 1.41592 13.9788 -99.008 -61.9295 29.7771 -72.6502 13.9696 42.5524 -89.41 
-51.7906 311.414 -28.9209 -24.1131 215.794 -38.4431
1 0 4 2 3
4
0 0 0 -94.8198 279.622 44.776 -36.7622 300.216 80.5942 15.3634 296.552 43.297 -68.0569 294.905 83.335 
0 0 0 31.9113 76.1983 -56.3515 6.08652 22.7717 -97.1823 -48.5873 29.8 -82.1659 18.5546 36.6372 -91.1781 
-51.0649 311.665 -29.3545 -25.3242 215.387 -37.5931
1 0 4 2 3
5
-100.689 260.719 -8.5954 -100.118 279.707 59.2803 -35.4727 301.273 82.2967 13.9952 297.156 41.9857 -66.5264 294.278 85.93 
34.342 65.0164 -67.7754 13.7674 53.4172 -83.409 2.45281 18.0019 -98.3357 -47.0802 30.2528 -82.8748 9.11913 37.8665 -92.103 
-50.1673 311.904 -29.6282 -23.8677 215.73 -37.3005
0 1 4 2 3
5
-105.733 261.047 -9.83565 -102.053 285.113 61.7688 -34.0173 300.949 80.791 15.4379 297.99 42.1035 -64.2856 296.73 85.2483 
20.5636 68.9786 -69.4197 22.6908 48.599 -84.3994 -5.42401 11.2315 -99.2191 -61.9748 26.1961 -73.9789 2.91084 33.802 -94.0689 
-49.8015 312.121 -29.8608 -24.6147 215.59 -36.748
0 1 4 2 3
5
-106.969 261.063 -12.2953 -102.734 287.017 64.8848 -32.6307 301.234 79.4487 16.8807 298.685 42.2017 -63.0109 297.309 86.815 
55.682 73.8149 -38.0903 19.1176 48.2842 -85.4585 -8.34775 11.7905 -98.951 -64.4392 24.87 -72.3124 6.91099 38.8011 -91.906 
-49.7541 312.304 -30.043 -26.2197 215.333 -36.581
0 1 4 2 3
5
-111.644 260.494 -14.7222 -103.711 289.745 65.5015 -29.7857 301.158 79.4286 18.3746 300.11 40.9896 -63.2644 298.505 87.1643 
30.3181 68.0305 -66.7283 29.1767 45.3426 -84.2186 -11.7028 14.8726 -98.1929 -45.354 28.8704 -84.3179 6.77123 37.534 -92.4411 
-49.7617 312.441 -30.1167 -26.4788 215.407 -36.6165
0 1 4 2 3
5
-111.742 260.723 -15.9631 -104.165 291.015 67.1593 -28.5386 302.976 79.9081 18.3894 300.352 39.608 -62.2546 300.417 87.7224 
38.8775 69.6121 -60.3548 17.3116 36.3903 -91.5208 -14.6622 14.1251 -97.9056 -70.6771 21.824 -67.2938 5.54161 30.0993 -95.2015 
-49.7222 312.494 -30.2196 -26.2019 215.494 -36.3563
0 1 4 2 3
5
-118.926 260.323 -19.6167 -102.784 294.915 69.4483 -25.8652 305.104 80.4695 20.0162 303.57 38.6026 -59.7527 302.074 88.2064 
38.7808 69.0359 -61.0745 19.868 28.6624 -93.7216 -11.6085 -1.95166 -99.3048 -53.8869 18.342 -82.2178 3.58804 21.8342 -97.5213 
-49.8984 312.615 -30.3613 -24.9415 215.915 -35.4904
0 1 4 2 3
5
-120.526 258.493 -23.1312 -102.918 299.347 69.0821 -22.9922 305.117 79.0357 24.4017 304.773 38.7556 -56.9667 302.389 88.2983 
35.5373 71.0908 -60.6894 34.017 23.5252 -91.0462 -19.9588 3.41757 -97.9284 -52.1706 14.1069 -84.1382 9.47231 11.4832 -98.8858 
-49.9025 312.669 -30.8812 -24.5683 216.085 -36.3303
0 1 4 2 3
5
-122.854 258.269 -25.5438 -101.35 298.88 71.7895 -21.5255 304.697 77.4919 22.6812 300.989 35.4394 -55.6424 302.933 87.0304 
60.3022 70.6436 -37.0558 19.1027 16.3969 -96.7793 -21.3783 3.87931 -97.6111 -70.3192 13.8993 -69.7282 1.01121 15.7751 -98.7427 
-50.3411 312.703 -31.0426 -24.404 216.347 -37.5864
0 1 4 2 3
5
-123.741 257.583 -29.1155 -100.024 299.124 70.4394 -21.4245 303.266 75.6998 24.0579 300.479 33.9641 -55.4938 302.124 88.2209 
71.0749 67.6592 -19.2506 13.3923 15.4996 -97.8796 0.698064 11.42 -99.3433 -70.9099 15.0733 -68.881 2.14135 15.0925 -98.8313 
-50.6279 312.717 -31.6078 -23.8675 216.674 -39.3353
0 1 4 2 3
5
-124.671 256.999 -29.0494 -98.3301 298.259 71.6405 -19.8807 301.515 75.2628 23.9951 299.695 32.464 -52.562 301.63 86.6562 
47.5464 70.3513 -52.8208 19.6299 13.654 -97.0991 0.0355015 15.795 -98.7447 -53.5917 19.5543 -82.1313 -4.02952 14.8384 -98.8109 
-50.8154 312.708 -32.243 -23.7436 216.869 -41.3033
0 1 4 2 3
5
-124.048 255.716 -30.1087 -99.5615 297.741 71.516 -21.247 300.754 75.0726 25.3017 298.458 33.7356 -55.2294 300.685 86.3845 
38.5717 72.885 -56.5685 29.0158 14.1332 -94.6485 -2.50266 9.47688 -99.5185 -73.3808 15.2239 -66.208 -3.89201 18.2882 -98.2364 
-51.0822 312.68 -32.3979 -23.7333 217.003 -42.2924
0 1 4 2 3
5
-118.866 254.935 -30.0168 -97.7855 296.607 72.6407 -19.7694 299.827 76.2535 23.9055 298.576 33.749 -54.8723 298.74 87.2329 
54.546 69.6723 -46.5887 16.9236 16.449 -97.1752 -2.25659 9.7774 -99.4953 -50.8201 15.1728 -84.7768 5.17899 15.2413 -98.6959 
-51.341 312.573 -32.8892 -23.0983 217.217 -43.3538
0 1 4 2 3
5
-113.861 251.83 -27.2791 -99.0998 296.36 72.5802 -21.1409 299.253 76.1074 21.4256 303.282 37.1377 -57.3869 290.114 86.0804 
49.641 71.7572 -48.8537 19.2624 17.2839 -96.5931 -27.8891 12.7061 -95.188 -81.6978 19.4812 -54.2767 -0.167773 28.5964 -95.8239 
-51.6362 312.448 -32.6978 -22.3626 217.454 -43.6105
0 1 4 2 3
5
-104.931 250.332 -22.4009 -96.7174 293.367 73.2289 -21.0838 298.444 77.3074 21.497 304.293 38.6946 -57.016 281.536 80.8832 
33.2113 94.3123 -1.48076 -0.771799 18.166 -98.3331 -28.2464 12.0354 -95.1698 -54.4493 2.66014 -83.8343 7.00258 46.8274 -88.0804 
-51.8588 312.319 -32.2722 -21.322 217.889 -44.5422
0 1 4 2 3
5
-95.4917 250.314 -20.0415 -96.3094 292.13 74.2958 -22.4615 298.074 77.2115 15.8488 305.92 38.9015 -56.7661 273.931 74.828 
34.5833 79.9324 -49.1407 -0.258683 23.9588 -97.0871 -21.268 12.352 -96.9283 -66.4986 4.61633 -74.5428 3.3562 60.3373 -79.6752 
-52.2428 312.206 -31.2825 -20.2755 218.453 -45.0071
0 1 4 2 3
4
0 0 0 -95.8543 290.749 73.9447 -25.2477 297.821 81.3538 15.9781 308.416 42.1241 -60.5199 273.405 68.2459 
0 0 0 18.1158 27.7412 -94.3517 -3.88415 8.73127 -99.5423 -72.5747 3.68144 -68.6976 5.96363 62.2394 -78.0429 
-53.2945 312.131 -30.642 -21.1905 218.548 -45.19
0 1 4 2 3
4
0 0 0 -93.9735 289.175 74.9064 -27.7874 295.001 77.8047 14.505 307.98 42.0645 -61.7334 273.076 60.4473 
0 0 0 8.38683 29.0133 -95.3304 -15.693 17.7025 -97.1615 -48.6642 9.8272 -86.8057 31.3912 72.2368 -61.6153 
-54.7543 312.076 -29.8896 -23.8111 218.174 -44.8849
0 1 4 2 3
4
0 0 0 -95.1845 288.718 73.428 -31.7594 293.19 80.089 13.0763 308.496 43.5878 -63.1908 279.523 48.7096 
0 0 0 -5.37967 32.6949 -94.351 -0.817187 12.0507 -99.2679 -48.6383 7.96802 -87.0105 60.2749 63.2004 -48.7098 
-55.1437 312.037 -29.3768 -24.9222 217.933 -44.5772
0 1 4 2 3
3
0 0 0 -92.905 285.888 72.7083 -32.7656 289.876 76.4532 11.5833 307.432 43.4375 0 0 0 
0 0 0 -7.49212 34.571 -93.5346 -14.409 30.0883 -94.2713 -48.7092 11.2216 -86.6112 0 0 0 
-55.1707 312.012 -29.282 -24.5892 218.238 -45.7486
4 0 1 2 3
4
0 0 0 -92.8999 285.872 71.3579 -34.7121 283.474 74.7646 11.5261 305.913 41.7822 -60.2316 274.831 32.6045 
0 0 0 -9.92769 35.9218 -92.7958 7.49054 37.4526 -92.4186 -67.7486 14.7333 -72.0628 -80.0566 -35.0172 -48.6286 
-54.8114 311.996 -29.1243 -23.8008 218.654 -47.1654
0 1 4 2 3
4
0 0 0 -91.4553 285.565 71.2813 -35.4218 278.556 72.1555 11.5246 305.872 43.2172 -67.6321 263.218 1.35536 
0 0 0 10.4254 28.9366 -95.1524 -7.70763 49.1861 -86.7256 -66.6228 14.941 -73.0628 -21.2121 38.3468 -89.8864 
-54.4799 311.987 -28.6807 -23.304 218.939 -47.9181
4 0 1 2 3
4
0 0 0 -90.7806 283.458 73.4255 -36.5558 277.207 67.8894 11.4898 304.949 43.0867 -61.2031 265.609 25.7835 
0 0 0 -9.67617 34.7151 -93.2804 -13.5673 53.8794 -83.1441 -67.5988 16.4478 -71.8323 -63.354 55.1113 54.3048 
-54.0204 311.986 -28.6351 -22.9123 219.255 -49.451
0 1 4 2 3
4
0 0 0 -89.7907 284.552 72.3687 -37.3175 273.224 68.2009 11.4878 304.897 44.5154 -62.6793 265.054 21.3189 
0 0 0 -12.135 35.9563 -92.5197 -15.0052 57.1793 -80.6559 -42.4048 20.9703 -88.1027 33.8413 90.477 25.859 
-54.2001 311.986 -25.4248 -23.4419 219.464 -47.6422
0 1 4 2 3
3
0 0 0 -89.4775 283.56 72.1162 -38.5277 272.682 68.0655 11.4789 304.661 44.4809 0 0 0 
0 0 0 -0.304987 36.4408 -93.1235 -26.5561 56.1655 -78.3595 -47.5201 21.6844 -85.2739 0 0 0 
-54.0307 311.987 -25.6874 -23.5457 219.501 -48.4256
4 0 1 2 3
3
0 0 0 -87.9945 283.085 71.9955 -39.9634 273.72 65.7462 11.4571 304.081 44.3962 0 0 0 
0 0 0 -1.40535 36.6618 -93.0265 -14.4331 66.2271 -73.5232 -51.4338 26.1683 -81.6687 0 0 0 
-54.0801 311.99 -24.4795 -23.6104 219.609 -47.6603
4 0 1 2 3
3
0 0 0 -89.3197 283.06 70.6559 -41.1819 273.251 64.3466 11.4258 303.251 42.8468 0 0 0 
0 0 0 -12.018 35.8429 -92.5789 -2.01884 61.0667 -79.163 -63.8293 22.259 -73.691 0 0 0 
-54.0096 311.992 -23.8887 -23.1466 219.942 -47.8518
4 0 1 2 3
3
0 0 0 -88.2444 283.889 70.8629 -39.7369 272.168 62.81 11.4141 302.94 42.8029 0 0 0 
0 0 0 8.68157 34.6237 -93.4121 8.69436 66.5384 -74.1421 -68.1798 23.6294 -69.2327 0 0 0 
-53.7995 311.997 -24.6112 -22.7505 220.074 -48.819
4 0 1 2 3
3
0 0 0 -89.5968 283.938 70.8751 -39.7276 272.105 61.5138 11.4331 303.443 44.3031 0 0 0 
0 0 0 -12.1274 38.5695 -91.4621 -14.2723 68.9131 -71.0443 -40.6513 24.2995 -88.0739 0 0 0 
-53.7762 312.013 -24.6928 -22.5775 220.055 -48.5748
4 0 1 2 3
3
0 0 0 -88.0304 283.2 72.0248 -39.5805 271.097 61.2859 11.4263 303.264 45.7052 0 0 0 
0 0 0 13.1972 28.6619 -94.8911 -4.09463 71.7083 -69.5784 -45.2316 25.8413 -85.36 0 0 0 
-53.78 312.058 -24.2972 -22.6876 220.09 -48.2814
4 0 1 2 3
3
0 0 0 -89.765 284.471 71.0082 -40.661 269.795 62.2621 11.4109 302.854 44.2171 0 0 0 
0 0 0 -10.8269 35.9353 -92.69 -6.91593 75.6049 -65.085 -42.6138 27.154 -86.2944 0 0 0 
-53.7452 312.082 -24.6296 -22.6766 220.088 -48.5423
4 0 1 2 3
4
0 0 0 -91.4664 285.6 69.9449 -39.3443 269.479 62.1894 12.8152 302.334 45.565 -68.5198 271.48 31.8018 
0 0 0 30.3248 9.02336 -94.863 6.84795 79.4262 -60.3704 -61.6669 25.8243 -74.3659 87.5769 44.8576 17.8347 
-53.4599 312.14 -26.8533 -23.1839 219.722 -50.1409
0 1 4 2 3
4
0 0 0 -91.4754 285.628 71.297 -36.9464 270.508 64.9748 12.8253 302.573 45.601 -65.1333 272.056 44.0316 
0 0 0 15.9578 40.929 -89.8341 -14.1012 74.1537 -65.5926 -48.9334 28.7663 -82.3287 -48.8641 67.6072 -55.1504 
-53.3075 312.218 -27.6426 -23.3576 219.203 -48.8815
0 1 4 2 3
4
0 0 0 -93.4139 287.454 71.7527 -34.8397 273.978 68.3891 12.8298 302.678 44.1914 -67.2704 274.679 62.0958 
0 0 0 -1.41749 40.1095 -91.5927 4.93898 78.8148 -61.35 -48.746 26.9319 -83.0572 5.56145 76.0723 -64.669 
-53.7556 312.333 -27.6717 -24.0462 218.708 -46.428
0 1 4 2 3
4
0 0 0 -97.1586 290.555 71.1584 -32.6827 277.577 71.902 12.8225 302.508 44.1665 -65.8706 279.722 72.4577 
0 0 0 10.6735 35.9387 -92.7065 -1.19425 67.7176 -73.5724 -66.342 25.2372 -70.4402 15.3738 61.5158 -77.3269 
-54.7189 312.476 -27.4235 -26.9919 217.794 -43.7496
1 0 4 2 3
4
0 0 0 -97.3918 291.252 71.3292 -30.2202 278.981 72.2656 12.807 302.141 44.1129 -65.4221 283.487 78.7736 
0 0 0 21.0162 36.5161 -90.6912 -3.12547 65.6358 -75.3802 -66.9963 24.7871 -69.9793 5.85338 59.3066 -80.3024 
-54.7714 312.672 -27.467 -28.5937 217.283 -42.1511
1 0 4 2 3
5
-96.0696 258.205 -4.86428 -100.506 292.33 72.9699 -29.1052 280.901 75.4089 12.8024 302.033 44.0971 -63.6881 287.717 81.304 
18.3639 66.7019 -72.2054 0.982549 33.6508 -94.1629 0.391107 60.1253 -79.905 -66.9402 24.2906 -70.2067 -1.64347 53.0794 -84.7341 
-54.6281 312.892 -27.9997 -30.2314 216.768 -40.839
0 1 4 2 3
5
-99.9219 258.733 -7.31136 -101.427 295.008 72.2491 -28.0704 283.814 74.8544 12.8261 302.592 42.7537 -63.9565 288.93 83.0074 
20.5338 68.1467 -70.2452 14.4369 29.8187 -94.3526 1.42342 57.1592 -82.0415 -51.0761 30.1286 -80.5202 -3.00908 50.4907 -86.2649 
-54.414 313.022 -28.2063 -30.083 216.769 -40.1759
0 1 4 2 3
5
-106.591 257.184 -10.9014 -101.967 296.58 71.2373 -24.5981 290.158 76.5274 12.8396 302.911 41.3721 -62.8195 296.406 86.5513 
48.9804 79.4255 -35.9515 0.338353 30.9633 -95.085 1.74999 41.6838 -90.8812 -66.1955 24.1169 -70.9686 2.20445 39.4741 -91.8528 
-53.9787 313.265 -28.6901 -29.2833 216.868 -38.5758
0 1 4 2 3
5
-113.26 258.582 -15.8321 -103.764 301.807 69.6498 -22.0896 293.139 75.933 14.2669 302.925 41.374 -59.9366 303.004 89.9049 
56.8062 77.7184 -27.0722 31.9976 21.7537 -92.2114 -15.3025 33.2115 -93.0743 -65.1569 21.8723 -72.6373 -13.9628 24.5966 -95.9169 
-53.6727 313.472 -29.2128 -28.1759 217.079 -36.8398
0 1 4 2 3
5
-119.719 259.384 -18.3244 -104.735 304.63 71.7361 -19.3077 292.825 75.8518 15.6661 302.395 39.8774 -57.4962 305.2 89.119 
37.278 73.1644 -57.073 20.6829 15.6258 -96.5819 -15.3773 36.1688 -91.953 -56.0634 25.9386 -78.6389 -12.9529 20.9309 -96.9233 
-53.609 313.633 -29.5688 -28.3094 217.114 -36.2105
0 1 4 2 3
5
-122.353 259.789 -19.5765 -105.686 307.396 70.9396 -17.859 291.689 75.5575 14.2082 301.678 39.783 -59.2494 306.836 89.5967 
52.474 78.0551 -33.9689 22.9554 11.4031 -96.6593 -16.3895 32.3765 -93.1834 -71.8952 22.971 -65.6004 -0.763054 13.718 -99.0517 
-53.6603 313.752 -29.8863 -29.9984 216.799 -36.227
0 1 4 2 3
5
-122.14 259.337 -19.5425 -107.549 308.589 72.6682 -19.115 289.902 73.7293 12.801 302.001 39.8254 -59.1986 306.572 88.0759 
49.7452 81.0405 -30.9493 16.2915 12.1629 -97.9114 -5.17657 33.2403 -94.1716 -47.3255 21.8831 -85.3313 3.34871 13.6545 -99.0068 
-53.9268 313.841 -29.8934 -31.5012 216.592 -36.1896
0 1 4 2 3
5
-122.412 259.913 -19.5859 -107.642 308.856 71.2765 -19.0439 288.823 73.4549 11.4164 303.001 41.3844 -59.1292 306.213 89.4149 
48.1553 81.7537 -31.5817 26.9002 13.7197 -95.3318 -6.88207 30.4851 -94.991 -66.6587 17.9414 -72.3514 1.58664 12.6081 -99.1893 
-54.1184 313.876 -29.9703 -32.067 216.553 -36.4489
0 1 4 2 3
5
-116.749 260.936 -15.9762 -109.69 310.535 71.664 -22.8897 285.889 74.055 7.21061 306.201 43.2636 -62.4242 308.241 92.9104 
48.8742 82.5259 -28.2982 31.8623 11.4475 -94.0944 -11.5392 33.7225 -93.4325 -41.8656 11.2564 -90.1142 6.34827 10.6786 -99.2253 
-54.7078 313.96 -29.633 -34.906 216.17 -36.3348
0 1 4 2 3
5
-108.173 258.067 -10.9388 -111.529 311.587 73.3743 -26.1072 277.163 70.4895 4.31456 305.366 47.4602 -64.3962 310.751 90.7401 
29.9901 66.373 -68.5217 24.3994 15.615 -95.7123 -0.882858 48.6966 -87.3376 -37.1503 14.1004 -91.7662 18.8128 -2.47005 -98.1834 
-55.2502 314.035 -29.3889 -38.0053 215.762 -36.1015
0 1 4 2 3
4
0 0 0 -113.036 311.696 73.4 -32.8691 279.16 68.3677 2.88948 306.757 47.6764 -66.2087 312.398 91.2209 
0 0 0 25.9192 16.156 -95.2217 -2.60214 52.5511 -85.0389 -32.6637 13.9467 -93.4803 18.4422 -0.269882 -98.2844 
-55.3549 314.087 -29.0051 -40.4807 215.398 -35.2808
1 4 0 2 3
3
0 0 0 -114.492 311.664 74.8604 -36.2922 275.208 63.5114 0 309.302 49.5286 -67.8672 313.262 89.9978 
0 0 0 29.4007 15.9198 -94.2452 6.88329 59.8877 -79.7878 -39.7647 11.5759 -91.0207 4.23675 7.21116 -99.6496 
-55.4558 314.131 -28.8943 -43.1475 215.09 -35.1758
1 4 2 0 3
3
0 0 0 -113.937 310.153 74.4973 0 0 0 -1.45566 309.076 50.9481 -67.4618 311.391 92.3934 
0 0 0 36.8118 15.4305 -91.6886 0 0 0 -21.3164 11.3669 -97.0381 16.2028 -0.858825 -98.6749 
-55.6573 314.242 -27.9567 -46.3142 214.892 -34.4625
1 4 2 0 3
3
0 0 0 -113.392 308.67 74.1411 0 0 0 -2.89239 307.066 50.6168 -67.3312 310.788 90.7508 
0 0 0 26.121 18.0029 -94.8345 0 0 0 -31.3124 16.7263 -93.4867 0.386114 12.447 -99.2216 
-55.4676 314.369 -27.7472 -46.9562 214.919 -33.8598
1 4 2 0 3
3
0 0 0 -112.849 307.19 73.7857 0 0 0 -1.43455 304.593 51.6436 -67.0906 309.677 91.8849 
0 0 0 21.0537 22.24 -95.1952 0 0 0 -20.4154 22.2436 -95.3333 -3.99816 16.153 -98.6058 
-54.4236 314.507 -27.9741 -44.7987 215.157 -34.0578
1 4 2 0 3
4
0 0 0 -112.751 306.924 72.2763 -64.0676 262.168 -1.19884 -1.42902 303.419 52.8736 -68.7757 310.701 90.7253 
0 0 0 30.2594 22.9644 -92.5041 13.8905 98.4102 -11.0678 -50.7628 23.3588 -82.9307 1.36771 3.33556 -99.935 
-53.1847 314.662 -28.1331 -45.337 215.174 -34.4977
1 2 4 0 3
4
0 0 0 -112.502 306.245 72.1164 -42.8854 275.219 27.9167 -2.84622 302.165 52.6551 -67.0915 309.681 90.4276 
0 0 0 18.481 24.858 -95.0817 -23.6172 82.3689 51.5519 -43.9122 24.8568 -86.3357 17.2701 -4.92241 -98.3744 
-52.3993 314.823 -28.1063 -46.8163 215.223 -35.0933
1 4 2 3 0
5
-60.5815 264.147 -0.331992 -112.07 305.07 73.2765 -46.6507 260.501 21.624 -4.25312 301.017 52.4551 -68.6264 310.026 91.9886 
-35.6946 33.5184 -87.1918 18.0124 27.183 -94.5338 32.3556 81.3747 48.2833 -43.9512 26.1353 -85.9374 4.83994 5.80125 -99.7142 
-52.1698 314.983 -27.7127 -47.6567 215.355 -35.0521
1 0 4 2 3
5
-59.5545 263.511 -1.20594 -113.477 304.991 73.2575 -47.2015 261.923 18.3409 -4.23782 299.935 50.8539 -68.5152 309.524 91.8395 
-18.6191 43.4102 -88.1412 12.6664 26.0222 -95.7205 50.714 78.8551 34.7846 -42.9491 27.7391 -85.9414 -0.016187 15.8411 -98.7373 
-51.8976 315.144 -27.5759 -47.8095 215.578 -35.9439
1 0 4 2 3
5
-59.272 264.178 -0.936 -111.613 303.826 72.9777 -49.3076 262.092 16.0415 -5.64467 299.629 49.3908 -68.525 309.568 90.3947 
-16.7763 93.0589 32.5361 21.7577 26.369 -93.9749 -50.7305 85.6182 -9.79459 -42.3868 28.2475 -86.0548 8.59162 4.93659 -99.5079 
-51.8708 315.218 -27.6289 -48.5582 215.712 -36.9854
1 0 4 2 3
4
-58.969 264.554 1.15504 -113.182 304.198 71.6343 0 0 0 -7.06423 299.985 52.2753 -68.4338 309.156 90.2743 
-25.9831 39.0724 -88.3076 20.8653 27.8187 -93.759 0 0 0 -40.0453 25.7727 -87.9326 8.84341 7.14884 -99.3513 
-51.7031 315.349 -27.2713 -47.9187 215.929 -37.3322
1 0 4 3 2
3
0 0 0 -111.561 303.685 71.5136 0 0 0 -7.0583 299.733 50.8198 -68.2148 308.167 91.4369 
0 0 0 17.9464 27.7352 -94.3858 0 0 0 -21.7886 27.9361 -93.5138 2.07851 17.6899 -98.4009 
-51.5067 315.464 -27.079 -47.803 216.084 -37.558
1 4 3 2 0
3
0 0 0 -111.098 302.425 72.6412 0 0 0 -8.51005 301.152 52.4787 -68.1424 307.84 91.3398 
0 0 0 20.3799 29.1016 -93.476 0 0 0 -38.894 21.2694 -89.6375 5.40544 17.4244 -98.3218 
-51.4938 315.561 -27.0592 -48.1062 216.162 -37.4671
1 4 3 2 0
3
0 0 0 -111.151 302.569 71.2507 0 0 0 -11.423 303.176 54.2592 -69.6508 308.099 91.4167 
0 0 0 17.1166 28.5584 -94.2944 0 0 0 -25.1623 26.1427 -93.1849 11.9484 11.6961 -98.5923 
-51.5202 315.651 -27.0718 -48.651 216.288 -37.97
1 4 3 2 0
3
0 0 0 -111.037 302.258 72.6009 0 0 0 -12.8089 302.185 54.0819 -69.6994 308.314 90.0284 
0 0 0 14.0726 29.3738 -94.547 0 0 0 -20.902 27.2847 -93.9077 -11.2274 29.1048 -95.0098 
-51.6865 315.74 -27.0574 -48.5205 216.351 -37.6301
1 4 3 2 0
4
-50.5224 265.923 15.6643 -110.997 302.149 72.5749 0 0 0 -11.2919 299.698 50.8137 -71.1957 308.506 90.0844 
9.21986 83.0981 54.8607 14.5599 31.0411 -93.9386 0 0 0 -23.3127 36.9064 -89.9691 4.21543 24.5628 -96.8447 
-51.8371 315.844 -27.0039 -47.6676 216.442 -37.0942
1 4 0 3 2
4
-50.2844 266.576 19.6836 -111.089 302.4 71.2109 0 0 0 -9.77011 296.351 51.642 -71.0363 307.815 89.8826 
23.8044 70.9524 66.3257 18.43 31.4513 -93.119 0 0 0 -21.9282 42.2769 -87.9307 9.92219 16.5614 -98.1187 
-52.0639 315.899 -27.0355 -48.7182 216.487 -37.3364
1 4 0 3 2
4
-65.539 265.376 -1.36702 -112.124 301.353 72.3837 0 0 0 -5.58946 296.699 48.9078 -72.3053 307.047 91.1047 
-47.9144 83.4586 27.1821 15.6019 32.314 -93.3402 0 0 0 -11.9789 50.079 -85.724 -5.46504 23.4234 -97.0643 
-52.4193 316.037 -27.3103 -48.7171 216.63 -37.5359
1 0 4 3 2
4
-44.6637 282.357 38.7589 -110.497 300.787 72.2478 0 0 0 -1.40973 299.324 47.9309 -72.1324 306.313 90.8869 
11.3422 -81.3403 57.0536 24.7571 34.3493 -90.5937 0 0 0 -43.1376 40.901 -80.413 10.9898 20.4745 -97.2626 
-52.8049 316.22 -27.4954 -45.4399 216.974 -37.2981
1 4 0 2 3
5
-71.4706 265.904 -5.51515 -111.905 300.764 72.2422 -47.1604 275.078 53.3507 2.79297 296.511 47.4804 -71.9423 305.506 92.0862 
-7.93965 95.9114 27.1653 18.2869 31.7342 -93.0512 9.76348 69.1803 -71.5455 -50.9339 39.3822 -76.5165 -8.527 31.292 -94.5944 
-53.4318 316.39 -27.426 -45.3866 217.326 -38.4455
0 1 4 2 3
4
0 0 0 -110.81 301.639 71.0318 -44.1933 284.347 74.9947 5.54037 294.092 45.708 -70.4643 305.336 92.035 
0 0 0 33.988 36.5864 -86.6386 -1.34356 49.5051 -86.876 -35.9293 47.2776 -80.4606 15.9317 21.1963 -96.4204 
-54.4299 316.552 -26.9012 -45.7145 217.515 -37.6587
1 4 2 0 3
4
0 0 0 -111.671 300.137 73.505 -42.181 288.909 80.28 8.38513 296.732 46.1182 -69.3467 306.754 91.0175 
0 0 0 18.5494 32.8295 -92.6182 3.83166 56.6975 -82.2843 -32.1837 44.5839 -83.5254 9.5646 26.0367 -96.076 
-54.9587 316.715 -26.3682 -42.7019 217.812 -34.6126
1 4 2 0 3
4
0 0 0 -110.564 300.971 72.2918 -42.3046 289.755 80.5153 8.39841 297.202 46.1913 -69.3448 306.745 91.015 
0 0 0 34.2569 38.0527 -85.898 -3.3158 50.893 -86.0169 -42.1296 41.3447 -80.72 -9.68212 29.7698 -94.9737 
-55.1663 316.806 -26.1828 -41.8244 218.006 -33.9626
1 4 2 0 3
4
0 0 0 -110.896 301.876 72.5092 -40.1164 293.717 81.6162 8.48153 300.143 45.2348 -68.1997 308.099 91.4167 
0 0 0 33.7487 35.8969 -87.0197 2.81281 47.7847 -87.7993 -45.4555 35.1148 -81.8581 7.48091 28.7211 -95.4942 
-55.1002 316.98 -26.194 -70.9371 415.534 -20.1582
3 2 0 4 1
5
-100.007 255.834 -9.63925 -111.936 300.848 73.6793 -39.143 296.826 83.8779 11.3364 300.878 45.3456 -66.9993 309.255 91.7598 
13.5746 79.9217 -58.5512 31.88 36.2662 -87.5696 -12.1354 44.0381 -88.9572 -60.7335 33.5109 -72.031 5.74205 26.7016 -96.198 
-54.9914 317.15 -26.2083 -74.5875 415.087 -21.2634
3 2 4 1 0
5
-109.695 255.947 -10.8489 -111.344 303.095 72.8021 -38.2201 300.561 83.5179 14.1331 300.084 43.8126 -65.9343 311.103 93.7732 
25.1966 78.4748 -56.6289 22.881 31.2691 -92.1884 7.38229 36.3333 -92.873 -46.4589 35.6718 -81.0499 6.18406 19.6235 -97.8605 
-54.7915 317.283 -26.1858 -31.6877 220.069 -30.1599
0 1 4 2 3
5
-121.262 260.072 -15.9233 -109.773 306.681 76.5521 -33.0687 305.277 84.8284 16.9119 299.237 42.2796 -63.9684 315.866 95.2088 
50.695 80.6985 -30.2948 18.6093 20.3564 -96.1214 -12.5958 21.1824 -96.9157 -61.0147 33.9345 -71.5938 7.59514 13.5533 -98.7857 
-55.0324 317.377 -26.0223 -29.3907 220.761 -28.8291
0 1 4 2 3
5
-128.487 264.867 -17.4643 -108.724 311.959 77.8697 -31.9606 308.459 85.7124 18.2454 298 40.7013 -61.1136 316.49 96.8875 
53.9516 66.7837 -51.2754 15.1282 12.2992 -98.0809 -17.4799 20.3812 -96.3279 -67.1965 31.5181 -67.0168 5.11617 3.66252 -99.8018 
-55.4094 317.444 -25.8483 -31.9865 220.257 -28.3129
0 1 4 2 3
5
-131.958 266.841 -17.5945 -109.057 312.916 79.5823 -31.9306 308.169 85.632 15.3548 296.385 39.0849 -61.2622 317.259 97.1229 
61.5815 74.7209 -24.9901 31.5422 15.761 -93.5771 -13.8195 11.169 -98.4087 -74.7192 31.292 -58.6332 1.62888 2.43786 -99.957 
-56.3347 317.505 -25.547 -35.262 219.789 -28.2961
0 1 4 2 3
5
-133.504 267.419 -16.3731 -111.011 314.275 79.9279 -33.4717 308.998 87.3175 12.5602 296.318 40.4716 -64.7532 319.741 97.8828 
73.7093 62.1353 -26.5734 12.5596 14.3759 -98.161 3.81612 1.36658 -99.9178 -51.6142 24.5319 -82.0619 10.1348 0.158643 -99.485 
-57.8552 317.551 -25.0806 -37.601 219.678 -28.3394
0 1 4 2 3
5
-131.761 266.442 -15.0584 -111.283 315.044 80.1234 -34.9999 309.642 87.4997 13.9262 295.69 40.3859 -64.9632 320.777 96.6893 
62.4342 60.9645 -48.8396 12.4614 16.9006 -97.7706 -24.0009 9.40082 -96.6208 -62.1879 25.5543 -74.0246 -9.03354 8.90702 -99.192 
-58.641 317.572 -24.7851 -39.0728 219.557 -27.9944
0 1 4 2 3
5
-127.324 265.042 -12.4827 -113.272 316.458 80.483 -38.9939 306.647 89.5415 8.20331 290.297 42.3838 -68.6621 323.974 99.1786 
51.4108 59.3297 -61.9428 8.72719 19.0924 -97.7718 -33.5576 23.7915 -91.1474 -79.4143 47.966 -37.318 16.992 -6.47004 -98.3332 
-59.6916 317.63 -24.2238 -42.6171 219.145 -27.2269
0 1 4 2 3
5
-115.443 266.431 -8.78368 -115.525 318.558 79.517 -43.7585 309.704 81.6826 2.69726 286.351 41.8076 -70.3492 324.718 81.0545 
46.8531 71.6514 -51.6803 19.8942 16.5771 -96.5889 20.5182 -21.2414 95.5396 -76.3747 55.0541 -33.7038 47.1612 -24.4802 -84.7145 
-60.1899 317.726 -23.3903 -46.9497 218.631 -25.5977
0 1 4 2 3
2
0 0 0 -115.425 318.283 79.4483 0 0 0 -2.67315 283.791 44.1069 0 0 0 
0 0 0 18.8102 16.1941 -96.8707 0 0 0 -35.3581 47.6259 -80.5083 0 0 0 
-60.2603 317.831 -23.0634 -52.2087 218.2 -26.0283
1 3 4 2 0
3
0 0 0 -117.237 319.135 79.6608 0 0 0 -10.7626 285.649 45.7411 -61.9848 313.358 91.5014 
0 0 0 24.1571 18.014 -95.3516 0 0 0 -54.1288 62.122 -56.665 16.123 10.6232 -98.1183 
-60.3406 317.956 -22.8172 -60.9987 218.044 -26.9664
1 4 3 2 0
3
0 0 0 -116.896 318.207 80.9278 0 0 0 -13.2429 281.183 45.026 -61.3151 309.972 90.5127 
0 0 0 42.0795 16.5625 -89.1908 0 0 0 -18.4338 52.6954 -82.9662 12.9916 19.7513 -97.1653 
-60.3718 318.82 -22.7228 -67.1253 219.253 -29.0982
1 4 3 2 0
4
-78.1771 269.931 -0.782857 -117.869 316.795 80.5688 0 0 0 -25.4564 284.478 45.5535 -71.3476 315.604 95.1301 
-0.764201 63.8836 -76.9305 21.9957 24.5513 -94.4109 0 0 0 -1.58635 49.5104 -86.8689 15.1583 23.8668 -95.9198 
-60.5452 322.071 -21.8713 -80.066 224.674 -33.3929
1 0 4 3 2
2
0 0 0 -118.98 315.783 80.3115 0 0 0 0 0 0 -76.3698 324.307 99.2807 
0 0 0 39.0707 23.8414 -88.9104 0 0 0 0 0 0 18.3398 -2.01729 -98.2832 
-60.0928 323.601 -20.0855 -94.0233 231.165 -37.5314
1 4 3 2 0
3
0 0 0 -119.694 313.757 78.3184 0 0 0 -69.8569 267.921 5.31743 -78.1922 325.536 98.1235 
0 0 0 36.5495 31.0469 -87.7509 0 0 0 6.77019 57.5861 -81.4739 26.0331 -62.2975 -73.7651 
-59.5321 324.084 -19.6256 -106.157 238.65 -42.5837
1 4 3 2 0
3
0 0 0 -116.901 310.265 77.4469 0 0 0 -66.1984 265.631 5.27778 -79.1256 323.087 97.3854 
0 0 0 20.4631 37.9532 -90.2265 0 0 0 -10.0178 57.3004 -81.3407 30.8126 -50.3447 -80.7217 
-58.8667 324.359 -19.794 -119.42 250.098 -48.4057
1 4 3 2 0
3
0 0 0 -115.857 307.494 75.3068 0 0 0 -65.1066 269.439 5.16189 -76.5866 318.851 97.6103 
0 0 0 23.9223 38.1727 -89.278 0 0 0 -17.9292 51.2426 -83.9806 26.9491 -38.0801 -88.4514 
-58.0448 324.438 -21.0554 -111.103 245.203 -51.1661
1 4 3 2 0
4
-50.594 275.884 28.1652 -115.362 306.181 74.9853 0 0 0 -64.8263 269.661 6.70339 -78.2058 319.331 96.2533 
36.388 58.9303 -72.1328 24.1407 40.3689 -88.2473 0 0 0 -54.1248 81.8969 19.0631 24.0368 -27.1982 -93.1799 
-57.8021 324.448 -21.5385 -110.039 244.82 -52.0462
1 4 0 3 2
4
-50.9009 272.434 25.1079 -114.07 302.753 75.5716 0 0 0 -62.9698 269.6 7.59356 -75.8385 315.737 95.1699 
-51.2342 82.583 -23.5608 20.3315 44.1941 -87.37 0 0 0 -61.1497 34.6375 -71.1404 28.1727 -22.9676 -93.16 
-57.2271 324.469 -22.106 -107.643 244.121 -53.7658
1 4 3 0 2
3
0 0 0 -113.442 301.084 73.737 0 0 0 -61.2938 269.481 6.35992 -73.8306 313.525 93.0266 
0 0 0 15.8747 45.8641 -87.4327 0 0 0 41.6142 89.8745 13.8141 24.8706 -2.66886 -96.8211 
-56.8021 324.475 -22.7587 -107.442 244.909 -55.9985
1 4 3 2 0
3
0 0 0 -112.698 299.111 73.254 0 0 0 -59.6036 268.543 11.4946 -74.899 311.825 92.5223 
0 0 0 31.8727 46.8762 -82.3817 0 0 0 -29.2094 47.7459 -82.8682 12.4369 10.3172 -98.6858 
-56.3604 324.498 -23.6574 -120.397 256.623 -59.6048
1 4 3 2 0
3
0 0 0 -110.665 297.432 72.8427 0 0 0 -59.6306 268.832 12.0991 -74.783 311.342 90.9126 
0 0 0 14.8888 50.4939 -85.0217 0 0 0 -31.3878 68.8204 65.4107 19.4647 18.2292 -96.3785 
-56.2535 324.472 -23.9792 -127.562 264.765 -60.7249
1 4 3 2 0
3
0 0 0 -110.395 296.706 72.6649 0 0 0 -59.9326 267.535 11.8191 -74.1971 308.903 91.6553 
0 0 0 10.9786 52.1622 -84.6083 0 0 0 7.41712 71.4331 69.5866 2.04542 31.3005 -94.9531 
-56.0875 324.447 -24.3684 -130.032 268.309 -61.5272
1 4 3 2 0
2
0 0 0 -110.366 296.629 72.646 0 0 0 0 0 0 -74.0919 308.465 91.5252 
0 0 0 12.515 50.9937 -85.1059 0 0 0 0 0 0 8.87394 29.5306 -95.1273 
-56.1638 324.425 -23.7502 -127.6 265.211 -61.0398
1 4 3 2 0
3
-50.8594 272.288 24.4871 -112.088 297.492 72.8573 0 0 0 0 0 0 -76.0649 310.589 90.6928 
-4.9665 70.7126 70.5341 7.78202 51.424 -85.4108 0 0 0 0 0 0 -11.9291 41.8952 -90.0138 
-56.6196 324.421 -23.9149 -116.895 253.091 -59.6764
1 4 0 3 2
3
-44.3732 275.107 28.7366 -113.914 298.606 73.1303 0 0 0 0 0 0 -79.5577 312.819 92.8173 
21.6074 72.5387 -65.3549 9.87325 53.2333 -84.0757 0 0 0 0 0 0 17.9582 37.6276 -90.8937 
-58.2119 324.554 -22.3962 -51.6787 226.249 -39.5303
1 4 0 3 2
2
0 0 0 -114.26 299.513 73.3524 0 0 0 0 0 0 -79.133 311.15 95.2527 
0 0 0 18.5716 48.0047 -85.7359 0 0 0 0 0 0 2.15419 -7.41116 -99.7017 
-59.7478 324.764 -20.658 -45.2945 226.771 -34.3832
1 4 3 2 0
3
-22.9864 287.096 44.6206 -113.735 298.136 75.8233 0 0 0 0 0 0 -78.0204 312.563 95.6854 
-34.6236 66.8827 -65.7869 16.0559 48.4242 -86.0076 0 0 0 0 0 0 46.2893 -11.8186 -87.85 
-61.013 324.925 -20.4796 -46.8141 226.7 -32.7341
1 4 3 2 0
4
-14.7216 284.163 48.1797 -112.761 299.278 76.1138 0 0 0 -104.927 265.223 3.74738 -73.4986 312.115 95.5482 
-10.7296 67.902 -72.6237 21.2777 43.3303 -87.5771 0 0 0 9.55571 70.6549 -70.1183 -5.27149 39.7541 -91.6069 
-60.717 325.031 -21.1951 -47.0554 226.839 -34.2964
3 1 4 2 0
4
-5.46094 289.876 50.5137 -111.634 300.038 77.7201 0 0 0 -110.681 267.052 1.25774 -68.8088 310.85 93.6971 
-43.7919 54.4831 -71.5112 29.0032 45.0279 -84.4471 0 0 0 -2.25232 73.8208 -67.4197 -28.6606 -24.3002 92.6718 
-60.4459 325.118 -21.4042 -44.9607 227.121 -33.926
3 1 4 2 0
3
-2.74983 291.932 50.8719 -111.962 300.919 77.9482 0 0 0 -113.013 266.62 -0 -69.5006 313.976 93.1604 
-30.7206 51.027 -80.3274 32.9465 44.9543 -83.0279 0 0 0 28.7343 70.0904 -65.2815 -6.10948 30.2099 -95.1317 
-60.333 325.15 -21.4166 -43.8551 227.263 -33.5249
3 1 4 2 0
5
2.77768 294.888 51.3871 -111.698 304.059 78.7617 -71.8936 318.02 86.8714 -119.219 266.457 -2.50987 -45.4088 301.297 80.8844 
-39.44 43.2248 -81.0932 14.9969 31.3298 -93.7739 16.8303 -18.7146 96.7807 22.0567 70.2465 -67.6678 5.05108 38.1449 -92.3009 
-59.612 325.229 -21.4396 -40.9221 227.721 -33.3875
3 1 2 4 0
5
9.89758 300.218 48.0739 -109.915 311.172 82.0697 -64.0594 316.315 96.834 -130.288 268.579 -7.58959 -40.2228 305.014 86.1918 
-44.3202 37.1854 -81.5657 22.2457 20.3747 -95.3415 -1.81076 16.5021 -98.6124 56.1364 65.7954 -50.1963 8.20076 28.425 -95.5237 
-59.0893 325.285 -21.9323 -36.6517 228.455 -32.913
3 1 2 4 0
5
12.8043 302.078 46.9492 -107.948 313.976 82.8094 -62.5504 316.218 101.272 -135.67 274.346 -7.75256 -34.737 307.317 89.7374 
-46.9635 33.4693 -81.696 28.6409 18.3169 -94.0435 0.461044 16.9385 -98.5539 36.7266 62.9445 -68.4773 -20.3886 21.6585 -95.4736 
-58.6325 325.282 -22.3463 -36.3687 228.366 -32.9169
3 1 2 4 0
5
15.626 301.62 44.0368 -106.412 313.808 82.7649 -61.2437 317.163 98.5874 -140.061 283.226 -6.66958 -32.0781 309.593 87.4857 
-42.8906 34.9237 -83.3111 14.3508 15.3086 -97.7737 -15.2796 8.36965 -98.4707 84.9728 41.8189 -32.1061 -19.5804 11.833 -97.3478 
-58.6653 325.26 -22.8484 -40.7479 227.565 -34.4516
3 1 2 4 0
5
15.5528 300.208 43.8307 -106.475 313.993 81.335 -61.1746 316.805 95.492 -144.634 292.473 -4.1324 -31.9647 308.499 87.1766 
-45.4691 30.9336 -83.5205 31.7122 10.5053 -94.2548 0.0565222 7.11736 -99.7464 55.9789 31.949 -76.4567 -20.6529 11.4451 -97.1723 
-58.691 325.09 -23.5798 -46.1649 226.742 -36.6472
3 1 2 4 0
5
15.5396 299.952 42.3806 -106.386 313.73 81.2668 -59.5699 316.208 96.8011 -145.794 294.818 -4.16553 -31.9449 308.308 87.1225 
-45.2799 29.9351 -83.9858 35.4979 8.7631 -93.0758 0.157621 5.82841 -99.8299 90.7347 33.3524 -25.5895 -22.091 11.396 -96.8614 
-58.735 324.997 -24.051 -48.1691 226.49 -37.642
3 1 2 4 0
5
18.3599 299.87 42.369 -104.572 312.724 81.0063 -60.9692 315.742 95.1714 -146.975 300.066 -2.82645 -30.4707 308.083 85.6081 
-47.952 30.5703 -82.2561 33.5643 6.9405 -93.9429 -0.414271 7.87863 -99.6883 84.1608 15.7752 -51.6537 -24.2589 8.23033 -96.6632 
-58.8329 324.728 -24.8332 -51.988 225.984 -39.0721
3 1 2 4 0
5
18.3022 298.927 42.2358 -104.085 311.269 80.6293 -59.2471 314.494 96.2766 -144.59 307.003 1.4459 -28.9055 306.871 86.7164 
-50.71 27.7774 -81.5899 32.3726 5.05616 -94.4799 -1.43085 1.75197 -99.9744 61.2682 4.30882 -78.9154 -5.46026 7.48013 -99.5703 
-58.9456 324.395 -25.0816 -55.6817 225.674 -40.6873
3 1 2 4 0
5
18.2394 297.901 40.6878 -103.347 309.061 82.9686 -59.1689 314.079 96.1495 -142.847 309.494 2.91525 -28.8113 305.871 86.434 
-48.9804 29.0794 -82.1907 28.1618 2.75242 -95.9132 -4.1301 -0.527896 -99.9133 53.9152 0.70412 -84.2179 -6.73228 5.97737 -99.5939 
-58.9542 324.045 -25.2775 -57.5438 225.456 -41.958
3 1 2 4 0
