4
0 245.349 65.8648 -27.1851 250.962 75.6455 -65.212 256.412 59.1739 -100.127 256.14 -25.3333 44.4148 235.762 29.98 
-56.51 41.4249 -71.3485 -11.6713 41.8968 -90.0469 20.6217 19.5653 -95.8746 87.9226 37.6851 -29.1452 -37.2562 30.3002 -87.7147 
-15.5485 265.773 -42.3823 -27.5466 167.29 -54.9173
3 2 1 0 4
5
-2.31119 245.364 67.0246 -29.6649 251.947 74.7556 -66.5771 257.02 59.3142 -101.21 255.829 -25.3026 43.2365 235.392 31.0416 
-4.94387 18.4026 -98.1677 10.6113 22.8414 -96.7764 22.4749 20.1204 -95.3418 72.0286 25.9064 -64.3486 -37.6908 31.964 -86.9351 
-16.2336 265.773 -41.9958 -28.8855 167.382 -54.6055
3 2 1 0 4
5
-2.31178 245.427 65.8859 -29.6693 251.984 74.7667 -66.548 256.908 58.0783 -100.039 255.915 -26.5163 43.1328 234.827 29.8612 
-4.58141 18.0096 -98.2581 -8.5805 37.5037 -92.303 32.8128 21.4148 -92.004 46.3019 34.5244 -81.6346 -35.5459 33.0493 -87.4313 
-16.4861 265.774 -41.8126 -29.4425 167.468 -54.7764
3 2 1 0 4
5
-2.30849 245.077 65.7918 -29.6568 251.878 74.7352 -66.4829 256.657 58.0214 -100.034 255.904 -26.5152 43.1137 234.723 29.8479 
-4.50731 18.38 -98.193 7.87398 27.6474 -95.779 34.2104 22.8101 -91.1556 50.1533 34.2045 -79.4651 -36.6102 34.142 -86.568 
-16.5338 265.775 -41.8203 -29.2696 167.469 -55.0038
3 2 1 0 4
5
-1.15023 244.225 66.7134 -27.1589 250.721 74.3919 -65.1786 256.281 57.9366 -98.0902 257.126 -25.4308 44.1404 234.305 30.8983 
-36.5416 37.9313 -85.0055 -9.96592 31.4909 -94.3875 28.5601 21.6593 -93.3552 50.0887 30.7965 -80.8869 -44.8725 35.6111 -81.9653 
-16.5047 265.776 -41.8193 -28.5391 167.447 -55.4727
3 2 1 0 4
4
0 242.643 66.2812 -27.1107 250.275 75.4383 -65.1096 256.01 59.0809 -98.2971 257.668 -25.4844 43.9609 233.352 29.6736 
10.433 20.7315 -97.2695 10.7187 28.1066 -95.3684 30.4921 24.5351 -92.0232 49.7914 28.6175 -81.8649 -42.09 38.0581 -82.3409 
-16.3004 265.778 -41.7382 -28.6214 167.537 -55.7687
3 2 1 0 4
5
1.13969 241.987 66.102 -25.8674 249.652 76.4263 -64.0387 256.55 59.2056 -98.7169 258.769 -25.5933 43.5141 230.98 28.2841 
-6.34449 18.7086 -98.0293 8.8611 23.0242 -96.9091 46.9406 37.8233 -79.7871 88.3236 35.1443 -31.0455 -29.5489 43.2873 -85.165 
-15.9708 265.78 -41.7831 -29.8098 167.816 -56.328
3 2 1 0 4
5
-2.24862 238.722 56.2156 -27.0628 249.833 70.5986 -64.2812 257.521 57.0041 -95.2941 269.78 -26.6823 41.0333 223.397 22.0949 
2.86921 27.396 -96.1313 49.4141 -4.7355 -86.8091 24.8199 21.1361 -94.537 54.5849 18.7933 -81.6535 -54.5471 52.8162 -65.0774 
-15.105 265.785 -42.9304 -37.7827 170.017 -60.6576
3 2 1 0 4
5
-5.39468 229.087 57.1837 -25.6727 247.773 65.3486 -63.1846 257.996 57.1091 -94.1667 277.696 -26.1574 33.1915 213.559 14.0812 
0.822475 36.5923 -93.0609 14.7117 23.9883 -95.959 19.9723 17.0836 -96.4845 57.9565 11.5442 -80.6708 -29.8607 61.8871 -72.6521 
-14.5765 265.791 -44.7697 -47.1097 173.651 -66.0261
3 2 1 0 4
5
-4.24812 225.498 56.2876 -26.7383 246.838 63.9395 -62.1505 258.75 56.0573 -93.6503 280.063 -25.0614 33.4728 209.035 13.7829 
-11.4922 48.0858 -86.9234 -15.2654 -22.6257 96.2031 25.4683 17.922 -95.0272 87.0345 -0.540835 -49.2413 -26.1214 63.7358 -72.4943 
-14.3016 265.795 -45.3603 -51.45 175.769 -68.0622
3 2 1 0 4
4
0 0 0 -18.0298 239.263 64.2311 -58.8402 260.278 57.6144 -91.4264 285.475 -22.8566 27.8659 204.024 6.72625 
0 0 0 -60.5933 71.4725 34.9306 50.6919 42.281 -75.1175 55.1867 4.49838 -83.2718 -27.9968 68.6813 -67.075 
-13.6197 265.801 -46.3783 -59.3839 180.431 -71.2287
3 2 1 4 0
4
0 0 0 -21.25 237.471 63.7499 -57.4001 259.31 57.4001 -89.1819 286.905 -21.6199 21.3496 197.091 1.85648 
0 0 0 -41.1887 9.47723 90.6293 24.1041 20.7667 -94.8037 80.5674 0.33526 -59.2349 -13.2831 73.7418 -66.2246 
-13.2599 265.806 -47.0893 -65.201 185.037 -74.9899
3 2 1 4 0
3
0 0 0 -18.6566 233.018 65.847 -54.1001 261.066 59.0183 -85.89 289.472 -20.45 0 0 0 
0 0 0 -5.51332 46.5392 -88.3386 24.8458 13.2549 -95.9531 67.6972 -15.0086 -72.0544 0 0 0 
-12.5885 265.808 -47.7803 -69.5463 189.222 -77.6206
3 2 1 4 0
3
0 0 0 -18.5837 232.107 66.6828 -52.906 261.241 60.2883 -83.6545 291.182 -17.828 0 0 0 
0 0 0 37.1816 -10.3218 -92.255 21.9284 20.0983 -95.4736 52.0295 -7.02665 -85.1091 0 0 0 
-12.0561 265.806 -47.8363 -74.1658 193.562 -78.2193
3 2 1 4 0
3
0 0 0 -20.6099 230.317 68.338 -50.411 261.064 61.4768 -83.5665 295.724 -13.9278 0 0 0 
0 0 0 36.3628 -17.6225 -91.4724 20.9934 17.458 -96.2003 55.1323 -14.603 -82.1412 0 0 0 
-11.5031 265.794 -47.8721 -77.7356 197.897 -79.5452
3 2 1 4 0
4
0 0 0 -22.7384 229.904 67.1325 -49.2758 261.565 59.131 -82.4364 296.669 -13.9723 1.21791 212.12 -6.71791 
0 0 0 19.3753 9.90769 -97.6035 26.0653 16.097 -95.1918 90.7057 9.82979 -40.9372 16.6761 73.545 -65.6738 
-11.5098 265.786 -47.3845 -79.8673 200.23 -79.4736
3 2 1 4 0
3
0 0 0 -24.6685 227.73 68.6428 -48.1694 262.248 60.5206 -80.7602 300.835 -9.91792 0 0 0 
0 0 0 39.3155 -26.2294 -88.1267 18.7747 14.5178 -97.1429 51.1839 -24.2845 -82.4043 0 0 0 
-11.7886 265.77 -45.535 -83.8586 205.136 -79.1412
3 2 1 4 0
3
0 0 0 -26.3848 215.47 47.6956 0 0 0 -79.1248 305.461 -4.3159 -7.37366 184.972 -6.27195 
0 0 0 25.7318 27.5588 -92.6196 0 0 0 68.3791 -28.6204 -67.1205 -13.3202 94.9268 -28.4866 
-12.0946 266.228 -45.929 -87.7245 211.159 -81.2486
3 1 4 2 0
2
0 0 0 -28.8999 211.594 54.8102 0 0 0 -75.6322 308.822 -0 -14.6625 191.37 -9.10372 
0 0 0 42.8775 45.736 -77.9086 0 0 0 54.1018 -45.1625 -70.946 35.6755 93.0422 -8.39127 
-12.5964 266.983 -40.2583 -90.5158 217.68 -78.9593
3 1 4 2 0
3
0 0 0 -30.9946 226.931 69.4707 0 0 0 -73.1402 310.593 2.92561 -19.6228 192.124 -13.0192 
0 0 0 27.6522 5.513 -95.9425 0 0 0 34.8463 -36.6819 -86.2565 30.5464 94.1567 -14.1927 
-13.0062 267.262 -38.5367 -92.1453 221.735 -79.3327
3 1 4 2 0
2
0 0 0 -33.7754 231.337 67.5508 0 0 0 -72.1753 312.75 7.36482 0 0 0 
0 0 0 50.6218 -85.3766 -12.1765 0 0 0 -1.65882 -74.4 -66.7974 0 0 0 
-13.1552 267.998 -35.9725 -97.2168 230.549 -75.1031
3 1 4 2 0
2
0 0 0 -33.5504 229.795 67.1007 0 0 0 -68.9194 311.35 8.79823 0 0 0 
0 0 0 55.1268 -72.905 -40.5697 0 0 0 39.0376 -80.5175 -44.6431 0 0 0 
-13.4845 268.793 -32.5985 -101.35 239.223 -70.0857
3 1 4 2 0
3
0 0 0 -30.7375 225.048 63.5948 0 0 0 -54.6725 269.964 -1.27145 -26.213 197.331 -17.5592 
0 0 0 27.0521 27.3167 -92.3146 0 0 0 65.7838 70.1281 -27.4688 -51.2855 -85.5758 6.8253 
-13.8036 272.074 -30.6486 -106.315 254.477 -64.2927
3 1 4 2 0
1
0 0 0 -29.767 217.943 67.7456 0 0 0 0 0 0 0 0 0 
0 0 0 21.5842 30.5191 -92.7508 0 0 0 0 0 0 0 0 0 
-13.8892 273.833 -29.1252 -108.58 263.723 -59.6442
1 4 3 2 0
2
0 0 0 -30.5458 216.19 65.1643 0 0 0 -39.7536 187.572 34.4531 0 0 0 
0 0 0 25.8444 41.5408 -87.2148 0 0 0 44.8467 69.648 -56.0172 0 0 0 
-13.9168 275.225 -28.9528 -110.321 272.921 -55.4272
1 3 4 2 0
2
0 0 0 -31.3594 214.789 64.7421 0 0 0 -40.7505 188.096 31.0058 0 0 0 
0 0 0 22.5412 37.4458 -89.9428 0 0 0 34.5775 66.7876 -65.9076 0 0 0 
-14.4183 275.233 -27.1117 -111.889 280.319 -48.8752
1 3 4 2 0
2
0 0 0 -31.0175 212.447 64.036 0 0 0 -41.4343 187.183 29.0921 0 0 0 
0 0 0 16.6165 38.8939 -90.6154 0 0 0 39.3057 83.8913 -37.6471 0 0 0 
-13.9617 272.213 -29.5535 -111.939 282.276 -46.8486
1 3 4 2 0
2
0 0 0 -28.6717 209.923 63.2754 0 0 0 -41.3125 186.633 27.2487 0 0 0 
0 0 0 13.9802 35.3966 -92.4751 0 0 0 21.1396 68.3611 -69.8561 0 0 0 
-12.9165 264.385 -31.859 -110.785 280.619 -44.4338
1 3 4 2 0
3
0 0 0 -29.8567 211.313 60.7086 0 0 0 -46.6547 183.445 27.6472 -49.6373 181.713 -23.107 
0 0 0 38.1087 50.7218 -77.2983 0 0 0 33.8607 64.1494 -68.8354 60.1085 77.9328 -17.7043 
-11.6023 257.958 -33.4692 -107.816 283.946 -41.6883
1 3 4 2 0
3
0 0 0 -30.161 213.466 61.3273 0 0 0 -50.4402 181.522 25.6476 -55.4837 181.241 -23.9007 
0 0 0 -43.9413 -89.5459 7.1202 0 0 0 31.0676 64.7971 -69.5424 43.9969 79.8016 -41.1823 
-12.0942 254.129 -29.2664 -106.151 287.257 -36.7441
1 3 2 0 4
3
0 0 0 -30.2147 213.846 64.4579 0 0 0 -51.439 182.032 27.4342 -57.6207 182.604 -21.5003 
0 0 0 41.6117 72.9934 -54.2258 0 0 0 40.2924 80.5107 -43.5264 59.2622 75.5928 -27.8159 
-12.5048 252.286 -25.7193 -104.899 289.946 -32.4262
1 3 2 0 4
3
0 0 0 -29.9651 212.08 62.9267 0 0 0 -51.9169 183.723 26.8237 -62.9087 185.517 -20.9696 
0 0 0 -26.7163 -85.7197 -44.0269 0 0 0 50.4417 67.8909 -53.3522 58.6878 71.3306 -38.3104 
-13.6134 249.841 -17.243 -103.545 293.242 -22.5818
1 3 2 0 4
3
0 0 0 -27.1696 213.661 60.3769 0 0 0 -59.0078 184.249 27.7684 -66.3521 187.845 -19.4633 
0 0 0 14.531 32.4822 -93.4546 0 0 0 46.6269 56.2085 -68.3121 64.9161 66.15 -37.5511 
-12.6686 248.511 -21.1736 -98.3135 300.134 -21.1591
1 3 2 0 4
2
0 0 0 0 0 0 0 0 0 -60.4391 185.983 28.9057 -69.6107 191.951 -17.1767 
0 0 0 0 0 0 0 0 0 52.5507 52.2012 -67.1823 72.2291 65.0544 -23.4708 
-11.8833 247.854 -21.6211 -92.5853 306.73 -17.0592
3 2 1 0 4
3
0 0 0 -31.7227 204.108 57.6775 0 0 0 -63.491 187.234 30.8637 -72.0037 193.523 -16.4059 
0 0 0 50.131 85.6937 11.9781 0 0 0 49.3549 51.4378 -70.1302 75.1246 59.3334 -28.911 
-11.6037 247.65 -21.5121 -89.7975 309.618 -14.7528
1 3 2 0 4
4
0 0 0 -13.378 236.709 66.8898 -33.3688 202.432 61.0173 -64.4992 190.207 31.3538 -75.2752 197.32 -14.8692 
0 0 0 -29.0698 -21.2256 93.2975 21.8287 44.396 -86.9051 50.3756 49.0158 -71.1319 79.8558 54.8683 -24.7493 
-11.0237 247.374 -21.5516 -83.705 315.323 -11.532
1 2 3 0 4
4
0 0 0 -14.3521 234.411 72.8646 -32.6035 203.606 59.4535 -67.0465 192.376 31.7112 -77.0543 201.984 -13.318 
0 0 0 2.90246 7.45175 -99.6797 14.8944 39.4738 -90.6641 55.6162 44.6135 -70.1176 83.0046 55.7574 -1.15644 
-10.4834 247.21 -21.5082 -77.9592 319.904 -8.75605
1 2 3 0 4
4
0 0 0 -14.2914 233.42 72.5566 -34.2669 202.105 62.8227 -68.7986 194.771 33.0233 -80.1287 204.982 -13.5157 
0 0 0 30.7805 29.7453 -90.3757 24.3261 44.9386 -85.9579 56.1333 43.3141 -70.5191 82.9895 48.2197 -28.0643 
-9.96985 247.114 -21.2041 -72.7883 323.509 -6.44882
1 2 3 0 4
4
0 0 0 -15.2064 230.623 77.1181 -36.0827 201.614 64.5691 -70.8503 197.94 32.6284 -82.3137 210.571 -11.9008 
0 0 0 15.4502 24.1448 -95.8036 27.1357 46.0686 -84.5064 70.5121 37.7538 -60.0225 85.2984 39.9942 -33.5356 
-9.63078 247.081 -21.4998 -68.3254 326.38 -5.16836
1 2 3 0 4
4
0 0 0 -14.9664 226.983 81.246 -40.7835 201.382 66.3918 -75.0896 204.405 33.6941 -86.7771 219.347 -8.26449 
0 0 0 9.63975 27.0472 -95.7889 23.5771 47.0586 -85.0271 69.3233 31.5915 -64.7785 89.1746 31.186 -32.7922 
-9.14024 247.281 -21.3084 -64.3891 329.052 -5.14986
1 2 3 0 4
4
0 0 0 -13.8544 226.282 82.0608 -42.0836 203.079 66.9511 -75.8334 206.429 35 -85.1036 223.084 -7.35463 
0 0 0 15.1632 32.5887 -93.3169 16.5354 47.7287 -86.305 71.1373 30.1933 -63.4653 92.861 24.2665 -28.0708 
-9.03404 247.662 -21.1586 -63.3958 330.068 -5.21611
1 2 3 0 4
4
0 0 0 -13.7369 224.363 82.4216 -43.7996 206.663 69.106 -77.9818 215.034 38.4845 -87.0246 230.971 -3.26342 
0 0 0 18.2093 32.9077 -92.658 39.8633 37.7752 -83.57 68.4221 15.3705 -71.2893 90.1824 6.25421 -42.7553 
-7.87755 250.53 -19.4477 -58.4772 335.123 -2.60112
1 2 3 0 4
4
0 0 0 -13.6922 223.633 82.1535 -43.0223 207.609 68.4446 -78.8402 220.262 40.4575 -86.9433 236.672 -2.22932 
0 0 0 14.5434 33.6593 -93.0352 29.7581 38.6571 -87.2931 62.2244 7.96485 -77.8761 89.1277 2.54856 -45.2743 
-7.20816 253.096 -19.0534 -54.597 338.985 0.375004
1 2 3 0 4
4
0 0 0 -12.6226 223.344 83.099 -43.3127 209.01 68.9066 -77.821 226.349 41.5756 -84.9629 243.783 -1.14815 
0 0 0 18.4581 32.5512 -92.7347 15.8147 41.0386 -89.8094 66.3508 2.40589 -74.7782 86.8955 -3.21353 -49.3846 
-6.663 255.4 -18.7425 -51.4956 342.191 2.64229
1 2 3 0 4
3
0 0 0 -13.6145 222.363 82.7342 -44.7105 210.961 67.5625 -79.8454 229.099 42.0807 -84.9182 246.992 -0 
0 0 0 13.5581 33.7849 -93.1384 42.7 36.0253 -82.9391 73.9858 5.31091 -67.0663 88.5337 -9.79247 -45.452 
-6.39219 257.435 -18.4875 -47.9325 345.23 5.31213
1 2 3 0 4
3
0 0 0 -13.648 222.91 82.9377 -46.1093 212.832 69.164 -80.6679 231.459 42.5142 -85.6027 248.983 -0 
0 0 0 25.3646 32.4105 -91.1383 39.7551 32.8809 -85.6643 57.5406 1.79265 -81.7671 85.8204 -6.76213 -50.8835 
-6.3866 259.043 -17.9752 -44.5242 347.836 7.74158
1 2 0 3 4
4
0 0 0 -15.8515 224.38 84.5412 -49.6245 215.033 68.8666 -82.3596 233.162 41.7288 -90.5381 249.658 2.35164 
0 0 0 27.2705 30.9214 -91.1054 8.91881 44.8716 -88.9213 66.5534 2.8989 -74.5805 85.8768 0.728026 -51.2312 
-6.54956 260.198 -17.7374 -41.5143 349.857 9.442
1 2 0 3 4
4
0 0 0 -16.8575 223.707 82.1805 -50.7153 215.365 69.9871 -83.6264 233.633 41.8132 -88.6941 251.095 -1.18259 
0 0 0 19.4272 33.9536 -92.0312 7.8471 41.7338 -90.5357 59.7258 5.70311 -80.0019 89.9699 -8.12069 -42.889 
-7.19708 261.207 -17.9669 -39.0013 351.396 11.2642
1 2 0 3 4
4
0 0 0 -17.9867 224.651 82.5272 -49.5418 214.675 68.7519 -86.7386 233.126 41.7224 -95.8013 245.075 -1.15423 
0 0 0 2.9272 34.2872 -93.8926 43.6599 32.8954 -83.7359 58.8311 8.89335 -80.373 88.6632 11.7773 -44.7228 
-7.82173 262.115 -17.9409 -40.0797 351.973 11.805
1 2 0 3 4
4
0 0 0 -17.9115 223.712 82.1823 -47.9957 212.308 69.9938 -82.7397 225.229 41.3698 -92.9861 235.041 -4.42791 
0 0 0 17.8632 34.2952 -92.2212 30.5082 34.9515 -88.5869 63.8541 13.4301 -75.7779 85.4033 26.7154 -44.6381 
-8.02146 262.388 -17.8291 -43.7493 350.983 11.7431
1 2 0 3 4
4
0 0 0 -17.1529 227.626 80.4041 -36.5591 209.797 73.1181 -67.5848 205.001 41.5164 -84.082 215.095 -9.11732 
0 0 0 27.0259 38.8667 -88.0851 58.2891 60.4155 -54.3355 81.3327 45.6707 -36.0441 74.6227 49.4116 -44.6088 
-9.29263 262.567 -17.3544 -60.2605 343.783 11.0406
1 2 3 0 4
4
0 0 0 -9.77908 230.707 72.7998 -32.5376 209.352 68.0332 -61.9597 199.329 40.3677 -78.0795 209.853 -11.8602 
0 0 0 -7.51512 3.94526 -99.6391 21.2083 42.357 -88.0687 52.0963 44.4384 -72.878 76.7005 62.2634 -15.5019 
-9.50406 262.036 -17.4765 -66.5133 339.582 9.66319
1 2 3 0 4
3
0 0 0 -21.97 222.134 77.4179 0 0 0 -50.1642 190.2 42.9979 -66.0007 200.196 -12.2573 
0 0 0 45.4638 52.3442 -72.0633 0 0 0 39.531 56.9221 -72.0914 68.6048 70.4213 -18.2817 
-9.69246 259.175 -15.645 60.8509 191.528 -36.7997
4 2 0 3 1
3
0 0 0 -21.8127 210.52 75.3531 0 0 0 -37.5071 189.613 41.9722 -55.2248 192.225 -13.5799 
0 0 0 22.6189 46.224 -85.7423 0 0 0 28.287 58.3655 -76.1138 50.2246 77.7403 -37.8674 
-9.47663 255.956 -15.9557 69.7828 197.325 -32.6991
4 2 0 3 1
2
0 0 0 -19.6276 208.374 73.6036 0 0 0 -30.8306 187.033 43.1628 0 0 0 
0 0 0 38.7921 67.9496 -62.2738 0 0 0 38.5832 71.025 -58.8794 0 0 0 
-8.57403 252.6 -16.9817 76.1847 201.386 -30.8778
4 2 0 3 1
1
0 0 0 -14.7352 208.578 70.7288 0 0 0 0 0 0 0 0 0 
0 0 0 32.8883 53.895 -77.548 0 0 0 0 0 0 0 0 0 
-7.76699 248.056 -15.9461 81.3845 204.215 -27.346
4 3 2 0 1
1
0 0 0 -15.8543 210.393 75.3079 0 0 0 0 0 0 0 0 0 
0 0 0 23.0793 45.7077 -85.8961 0 0 0 0 0 0 0 0 0 
-7.11145 268.013 -15.8363 91.7787 266.827 -1.0261
4 3 2 0 1
2
0 0 0 -9.76987 207.441 76.205 0 0 0 0 0 0 -43.6589 308.999 29.106 
0 0 0 -9.50394 -38.7575 -91.6926 0 0 0 0 0 0 58.2593 -38.0796 -71.8039 
-6.61479 273.871 -18.117 90.0816 285.838 4.39048
3 2 0 1 4
3
0 0 0 -14.9877 212.153 72.9403 0 0 0 -7.07084 189.71 -13.3196 -48.1995 310.123 24.83 
0 0 0 -8.9561 35.0844 93.2141 0 0 0 -3.26876 -87.6082 48.1052 -30.8301 15.2438 93.8996 
-6.01636 278.345 -24.4693 89.5119 293.968 0.63575
2 0 3 1 4
3
0 0 0 -12.8654 210.129 62.3479 0 0 0 -0.636207 172.55 -2.14741 -50.6228 307.102 20.2491 
0 0 0 -21.7468 11.2113 96.9607 0 0 0 11.3208 91.0701 -39.7251 -6.03273 4.07674 99.7346 
-5.71615 280.88 -22.2662 87.7506 302.24 6.15428
2 0 3 1 4
3
0 0 0 -8.94063 210.926 79.4723 0 0 0 -30.4353 248.547 80.7705 -56.2481 306.231 18.7494 
0 0 0 25.1423 -0.937481 -96.7832 0 0 0 36.8435 -18.8676 -91.0306 -50.9477 22.9598 82.9288 
-6.63241 281.685 -18.6315 85.4298 307.135 10.9803
2 0 1 3 4
4
0 0 0 -9.06426 213.843 78.5569 6.89892 191.28 -2.11372 -34.4429 252.178 80.7626 -63.1672 304.821 20.0987 
0 0 0 -31.2701 82.7733 -46.5914 21.6309 -83.3955 50.7671 9.87415 30.8275 -94.6159 65.6495 -18.3026 -73.1789 
-7.31532 281.978 -17.4933 83.2919 311.268 13.0426
0 2 1 3 4
4
0 0 0 -10.3546 219.855 75.5882 7.66981 196.566 -3.07704 -37.363 255.909 79.5471 -64.5419 304.533 14.3426 
0 0 0 -36.2946 81.419 -45.3173 21.8836 -76.6272 60.4101 46.5728 -21.9756 -85.7207 7.33314 38.5492 -91.9793 
-8.45028 282.035 -17.062 80.416 315.403 14.3926
0 2 1 3 4
4
0 0 0 -12.6235 223.359 79.9486 3.73912 198.479 63.565 -41.1417 256.926 78.6532 -69.9057 302.916 15.6931 
0 0 0 32.7282 -10.6991 -93.885 -5.47879 51.1753 -85.7384 16.4209 23.9313 -95.6956 12.3412 39.5128 -91.0298 
-8.91689 281.984 -17.4482 78.1317 318.902 15.1041
0 2 1 3 4
4
0 0 0 -12.6555 223.926 81.2062 3.78289 200.802 62.4176 -43.3281 255.548 78.2312 -72.6253 302.359 12.8162 
0 0 0 -34.3933 71.9362 -60.3513 5.53832 45.1489 -89.0556 37.8531 8.21376 -92.1937 68.6517 -16.324 -70.8553 
-9.44108 281.94 -18.8768 75.3152 322.78 15.0121
0 2 1 3 4
5
29.1045 181.755 16.2643 -13.7629 224.787 82.5772 5.76361 203.962 63.3997 -45.6891 255.29 78.1523 -75.1213 300.949 9.92168 
-22.4378 72.9241 -64.6423 -5.12207 39.2163 -91.8469 3.31013 44.1175 -89.6811 32.635 15.8393 -93.1884 39.8707 4.10006 -91.6161 
-9.54852 281.888 -23.0916 72.1871 327.309 12.3517
0 2 1 3 4
5
32.8765 183.699 18.1686 -12.7341 225.317 83.8331 7.7232 204.98 64.6818 -48.1339 255.503 77.0142 -76.1203 299.303 8.45781 
-29.1123 72.6763 -62.2144 3.52774 22.3723 -97.4014 -0.126841 44.8798 -89.3633 28.468 18.8311 -93.9945 60.6363 -11.8194 -78.6355 
-9.78452 281.845 -24.6888 68.7197 331.816 11.9173
0 2 1 3 4
5
35.6128 184.428 19.9779 -12.8417 227.22 83.471 8.77695 207.065 66.3147 -49.3108 255.366 76.973 -78.1031 296.132 6.97349 
-29.156 68.9661 -66.2843 1.99504 26.5185 -96.3991 2.21265 43.3523 -90.0871 7.51798 35.9061 -93.0281 37.8956 15.3095 -91.2663 
-9.79266 281.793 -26.0793 66.0682 335.111 11.3685
0 2 1 3 4
5
35.0737 186.177 21.0442 -15.1655 230.003 84.4935 7.85521 208.484 66.7693 -51.5555 254.573 77.9327 -77.5764 294.135 2.77059 
-33.1824 66.3766 -67.0304 1.39067 26.3943 -96.4438 -49.9248 69.1287 -52.2372 37.8969 16.0696 -91.135 66.6332 -13.1844 -73.3907 
-9.81213 281.738 -27.6765 63.5838 337.681 10.8383
0 2 1 3 4
5
36.3937 188.472 23.0789 -16.3708 231.73 85.128 7.91237 210.001 69.2332 -54.0899 255.216 75.7258 -81.2647 292.452 2.75473 
-34.4988 61.8308 -70.6171 14.3549 15.5458 -97.7357 1.78463 34.2111 -93.949 41.4063 14.6772 -89.8337 74.3916 -10.4071 -66.012 
-10.0618 281.675 -28.7207 60.752 340.329 10.587
0 2 1 3 4
5
38.5781 190.492 26.0178 -17.4681 231.809 86.2488 7.99971 212.319 69.9975 -56.7711 256.469 76.0974 -83.9707 292.283 2.75314 
-53.238 71.4035 -45.4671 15.1027 15.1317 -97.688 -22.4403 50.542 -83.3183 42.0175 16.4774 -89.2358 30.7314 18.1094 -93.4218 
-10.3467 281.609 -29.4824 -78.5832 220.334 -69.3457
4 3 1 2 0
5
38.9498 192.328 27.1742 -18.7301 233.935 85.938 7.07309 214.544 71.7414 -58.2749 257.778 75.2718 -86.3995 291.19 1.37142 
-47.8775 63.2172 -60.9207 4.49385 26.8015 -96.2366 -4.63129 31.872 -94.6717 11.0787 33.0606 -93.7244 72.5244 -8.16694 -68.3631 
-10.7628 281.529 -29.7435 -76.556 217.836 -69.9242
4 3 1 2 0
4
40.0004 197.516 30.698 -18.9361 236.508 85.7693 7.16387 217.298 72.6621 -60.989 258.992 75.6264 -87.1352 289.081 -0 
-47.1477 58.6456 -65.8619 11.7903 19.642 -97.3405 -5.71849 32.1935 -94.5033 10.9121 32.0131 -94.1068 34.41 27.4976 -89.7766 
-11.0787 281.446 -29.7532 -74.1049 215.071 -70.0282
4 3 1 2 0
5
40.8459 201.69 33.2466 -21.6502 241.943 86.6006 6.28058 222.256 74.3202 -63.9671 261.191 73.8082 -89.5238 288.005 -4.06926 
-49.945 54.8141 -67.0888 15.5972 12.4623 -97.9868 -49.2887 56.8779 -65.8447 50.059 12.1738 -85.7082 74.8227 -6.00179 -66.0723 
-11.2504 281.361 -29.6208 -70.9538 211.748 -69.4892
4 3 1 2 0
5
42.3237 204.238 34.6285 -23.1754 246.038 88.0663 6.45883 228.564 75.3531 -68.1081 262.931 74.2998 -91.5454 285.847 -5.38503 
-39.0073 45.0937 -80.2807 14.673 8.02073 -98.5919 -10.6818 23.5903 -96.5888 42.3652 14.0268 -89.4899 42.2551 24.3193 -87.3102 
-11.441 281.278 -29.5823 -67.2422 208.283 -69.0535
4 3 1 2 0
5
42.8976 207.007 36.073 -23.4162 248.594 87.8106 4.45674 236.571 76.8787 -69.2223 262.46 70.4584 -92.2192 283.777 -8.01906 
-38.5289 41.6538 -82.3437 18.3028 2.30032 -98.2839 -28.7203 23.5146 -92.8559 26.9846 18.6477 -94.4674 71.4261 2.31739 -69.9495 
-11.9187 281.161 -29.6383 -63.8096 205.021 -68.4965
4 3 1 2 0
5
41.5241 209.921 37.5694 -27.3602 252.579 88.0286 3.40209 240.785 78.2481 -71.7171 262.543 69.2441 -94.2351 281.812 -9.29079 
-35.2329 36.1905 -86.307 12.9659 5.95646 -98.9768 2.28144 -3.56514 -99.9104 28.1544 15.3277 -94.7227 77.2779 2.10982 -63.4325 
-12.2575 281.012 -29.9771 -60.6158 202.194 -68.0443
4 3 1 2 0
5
41.8025 211.328 38.8166 -27.3937 252.887 88.1361 3.41362 241.601 77.3753 -72.6539 261.464 68.9596 -95.2129 280.781 -10.5792 
-65.0872 53.282 -54.0803 21.1718 -1.83492 -97.7159 3.30683 -2.26382 -99.9197 39.3939 12.5672 -91.0505 44.3205 28.798 -84.8903 
-12.4371 280.928 -30.2611 -59.3693 201.126 -68.0627
4 3 1 2 0
5
40.8413 211.505 37.8529 -28.5569 252.642 88.0504 1.15481 245.198 78.5274 -73.7181 260.872 70.0322 -93.2177 278.77 -13.1293 
-64.1672 51.1228 -57.1754 41.5361 -12.7447 -90.0685 -16.8436 5.99302 -98.3889 33.0364 14.1185 -93.3234 87.8159 0.892881 -47.8285 
-13.0303 280.737 -30.9729 -58.0238 199.637 -68.3677
4 3 1 2 0
5
40.7756 211.165 37.792 -29.6998 252.242 86.7233 1.14951 244.072 78.1667 -73.2442 259.195 67.1405 -96.8238 277.815 -11.7759 
-42.4216 40.3939 -81.0478 13.0927 7.1159 -98.8835 5.83108 -7.49662 -99.548 50.8316 10.5696 -85.466 44.0175 29.0779 -84.9525 
-13.4713 280.417 -31.466 -57.1344 198.633 -68.9474
4 3 1 2 0
