5
-141.149 302.725 -11.406 -108.68 295.842 52.9466 -61.5908 311.366 64.5237 -33.235 306.812 47.6849 7.163 304.18 -4.2978 
39.8933 23.5813 -88.614 2.15457 15.4064 -98.7826 0.710159 -7.65189 -99.7043 -7.30325 -2.54924 -99.7004 -64.2582 15.5374 -75.0298 
-76.2218 316.367 -53.9925 -75.1441 217.037 -65.4966
0 1 2 3 4
5
-140.297 303.967 -12.8844 -107.369 296.069 52.9872 -61.4339 310.573 65.8221 -33.2099 306.581 47.649 7.17604 304.733 -2.87042 
23.3115 18.8577 -95.3989 -0.70152 15.2382 -98.8297 -7.70739 -2.09456 -99.6805 -22.7182 -3.50536 -97.3221 -81.7463 10.8855 -56.5601 
-76.0574 316.287 -54.3868 -76.5659 216.866 -65.1269
0 1 2 3 4
5
-140.351 304.084 -11.4572 -107.582 296.656 53.0924 -61.3459 310.128 65.7278 -34.7193 307.16 47.7391 10.0308 304.258 -1.43297 
40.5459 23.353 -88.378 0.846571 17.4992 -98.4533 -0.318111 -4.17902 -99.9121 -19.054 -3.75513 -98.0961 -62.4728 11.8218 -77.1842 
-75.9548 316.25 -54.271 -76.7704 216.775 -64.4733
0 1 2 3 4
5
-141.625 303.746 -11.4445 -107.556 296.584 53.0795 -61.4102 310.453 64.3345 -34.7347 307.297 49.2076 7.19143 305.387 -2.87657 
24.6745 20.912 -94.6248 10.4406 18.9279 -97.6357 -15.452 0.853466 -98.7953 -18.0467 -3.09493 -98.3094 -68.7384 12.3232 -71.5763 
-75.9234 316.222 -54.0409 -77.0385 216.73 -64.0374
0 1 2 3 4
5
-141.935 304.41 -11.4695 -107.757 297.14 54.5784 -61.5797 311.31 64.512 -34.7559 307.484 47.7894 8.63866 305.703 -2.87955 
22.1668 25.3163 -94.1686 14.312 18.5493 -97.2167 -13.4406 0.0662236 -99.0926 -20.054 -2.01472 -97.9478 -83.2588 11.4516 -54.1925 
-75.8982 316.194 -53.9566 -76.8498 216.663 -63.5853
0 1 2 3 4
5
-140.588 304.598 -11.4766 -107.627 300.685 53.8134 -60.7177 314.439 63.6795 -33.4159 308.483 47.9446 8.70386 308.011 -5.80257 
24.0205 18.4371 -95.3052 2.24377 11.8376 -99.2715 -15.9149 -4.15978 -98.6378 -7.56853 1.19555 -99.706 -73.6426 11.2696 -66.7065 
-75.8359 316.182 -53.8478 -76.6895 216.571 -62.6171
0 1 2 3 4
5
-139.3 304.919 -11.4887 -107.047 303.053 55.6644 -54.9068 315.087 63.8106 -26.1897 308.933 46.5595 9.92249 300.973 -11.34 
30.9487 16.7958 -93.5953 10.7809 9.79414 -98.9336 -11.885 -0.834707 -99.2877 -29.1345 1.00109 -95.6566 -86.4994 21.3914 -45.39 
-75.8353 316.175 -53.9118 -78.7667 216.575 -62.3604
0 1 2 3 4
5
-140.672 304.78 -11.4834 -104.548 304.087 55.8544 -50.5688 315.798 63.9547 -22.7813 302.317 44.1387 9.41162 285.477 -18.8232 
22.1452 19.2572 -95.5968 2.90964 7.77345 -99.6549 -9.40122 -2.05816 -99.5358 -19.7845 2.75965 -97.9845 -70.1358 44.2342 -55.8955 
-75.9668 316.169 -54.4338 -83.6325 216.861 -63.3272
0 1 2 3 4
5
-139.506 305.371 -10.0675 -101.57 303.746 57.2223 -45.6547 312.701 63.3275 -17.3754 283.79 34.7509 2.5794 273.838 -27.0837 
28.6682 16.8265 -94.3133 6.62279 19.4365 -97.8691 -25.0977 -1.39051 -96.7893 -26.453 21.7976 -93.942 -75.753 62.8934 -17.4901 
-76.2286 316.165 -54.9353 -91.2073 217.867 -65.5765
0 1 2 3 4
5
-139.357 305.043 -10.0567 -99.0202 304.705 57.403 -43.5841 308.469 62.4705 -16.6227 271.496 24.2947 -2.51941 267.469 -32.7523 
29.557 15.0736 -94.3354 5.35191 17.3768 -98.3331 -16.3901 -0.208909 -98.6475 -30.1066 43.97 -84.6182 -61.8944 76.6042 -17.3456 
-76.5788 316.161 -55.1784 -97.4744 219.169 -67.6669
0 1 2 3 4
4
-137.679 304.51 -10.0391 -98.8317 304.125 57.2938 -50.2981 281.044 55.5927 -26.0769 251.674 4.74125 0 0 0 
24.6318 15.9562 -95.5964 0.460324 12.9216 -99.1606 -20.3685 28.828 -93.5632 42.6275 -84.0729 33.3864 0 0 0 
-76.9916 316.157 -56.4482 -104.84 221.815 -74.4456
0 1 2 3 4
2
-136.157 304.315 -12.8991 -86.7352 301.906 54.0318 0 0 0 0 0 0 0 0 0 
11.5793 21.6543 -96.9382 -21.5606 14.4663 96.5705 0 0 0 0 0 0 0 0 0 
-77.0383 316.154 -57.2054 -110.041 225.875 -84.7813
0 1 4 3 2
3
-135.557 302.972 -11.4153 -78.1445 291.091 54.8383 -40.4516 246.4 -27.1484 0 0 0 0 0 0 
59.196 57.3677 -56.6108 3.08879 -1.86031 -99.935 -3.75237 -85.9612 50.9568 0 0 0 0 0 0 
-76.9108 316.153 -58.5233 -110.166 228.491 -93.3018
0 1 2 4 3
3
-134.727 304.32 -11.4661 -75.8923 287.75 50.1432 -39.7081 234.294 -29.9665 0 0 0 0 0 0 
58.8758 62.3711 -51.4148 -18.2608 14.8468 -97.1911 5.5882 87.7495 -47.632 0 0 0 0 0 0 
-76.7567 316.153 -59.5286 -113.962 231.738 -98.1291
0 1 4 3 2
3
-134.428 303.645 -10.0106 -78.5165 268.89 32.9263 -40.9758 238.111 -28.598 0 0 0 0 0 0 
27.0229 16.9435 -94.777 16.0537 -86.7062 47.1626 16.217 76.6493 -62.1442 0 0 0 0 0 0 
-76.4202 316.154 -59.6738 -114.882 235.727 -104.975
0 1 4 3 2
3
-135.009 304.958 -10.0539 -82.0897 264.089 21.1443 -45.1439 246.424 -27.2159 0 0 0 0 0 0 
27.6497 14.9024 -94.939 -0.37618 48.898 -87.2287 -3.13191 80.1402 -59.7306 0 0 0 0 0 0 
-76.0035 316.154 -59.4371 -113.899 238.085 -109.128
0 1 2 4 3
4
-132.414 308.956 -11.6407 -63.3202 250.676 -0.16996 -45.5782 249.82 -22.28 -36.4042 265.322 -39.7842 0 0 0 
38.9337 10.0151 -91.5634 23.2 96.5508 -11.8199 -3.82633 84.684 -53.0469 39.1311 56.5462 72.6036 0 0 0 
-75.8812 316.156 -58.8029 -109.213 239.045 -113.051
0 1 2 4 3
4
-135.43 305.908 -7.20371 -86.299 256.242 -25.9838 -65.0776 260.712 13.5067 -43.6253 254.228 -7.04969 0 0 0 
32.9586 12.4992 -93.5815 -42.4615 90.3068 -6.45842 -4.07642 -87.8346 47.6285 -76.0139 59.7534 25.5229 0 0 0 
-75.9169 316.177 -57.6585 -100.367 234.526 -109.959
0 1 2 3 4
3
-135.564 309.505 -11.6615 0 0 0 -66.7356 257.632 32.7611 -40.0417 274.256 7.75 0 0 0 
33.6124 1.63915 -94.1675 0 0 0 5.14317 80.405 -59.2334 -12.5254 -88.3486 45.1403 0 0 0 
-76.0234 316.257 -57.0832 -88.269 228.575 -103.581
0 2 3 4 1
4
-90.9474 268.147 -17.6623 -4.05479 286.981 -4.05479 -66.8651 267.873 46.6794 -33.1803 270.965 33.1803 0 0 0 
-41.4751 90.6923 7.39793 -53.1823 56.4612 -63.1171 6.26674 69.0632 -72.0486 -24.5229 59.7736 -76.3266 0 0 0 
-75.3554 316.457 -56.3189 -82.5919 224.075 -93.9102
0 2 3 4 1
4
-130.11 314.199 -17.3853 5.52362 293.203 2.76181 -66.0747 280.589 55.5027 -33.1396 281.458 42.4187 0 0 0 
-51.3281 -32.0566 79.6104 -51.7798 40.9386 -75.1192 1.72031 45.3327 -89.1178 -12.2089 45.4248 -88.247 0 0 0 
-73.4803 316.871 -56.1307 -80.5047 221.187 -84.3295
0 2 3 4 1
5
-134.917 314.797 -11.8608 5.67098 301.026 1.41774 -64.142 289.768 61.4125 -29.1899 295.134 48.6499 -96.6003 266.375 11.2909 
10.2111 24.2063 -96.4872 -55.5383 30.0809 -77.5283 -7.26629 30.1281 -95.0763 -15.2981 35.1877 -92.3461 11.2002 93.4768 -33.7141 
-72.4771 317.454 -55.8466 -77.9028 220.132 -78.1828
0 4 2 3 1
4
-135.004 315 -13.3521 8.60332 304.453 -0 -61.8393 305.352 63.2774 -27.342 305.55 47.4888 -102.158 285.407 44.3581 
0.158684 30.0714 -95.3713 -54.6982 33.0055 -76.9334 -4.27445 10.8759 -99.3149 -12.1207 20.1496 -97.1961 18.1553 49.8257 -84.7808 
-71.5835 318.165 -55.7457 -75.9073 219.596 -72.0396
0 4 2 3 1
4
-136.646 315.365 -13.3675 12.9156 304.703 -0 -58.8412 312.34 66.1964 -26.1853 308.881 49.4612 -104.058 298.572 52.0291 
2.75059 27.7054 -96.0461 -57.1684 28.184 -77.0547 -11.6969 17.2188 -97.8095 -16.3257 8.41647 -98.2987 23.2431 50.7236 -82.9872 
-71.1866 318.894 -55.4816 -78.2264 219.57 -64.7151
0 4 2 3 1
5
-138.466 316.129 -13.3999 10.0965 306.25 -4.32705 -55.2918 317.296 64.258 -24.9579 311.72 48.4478 -102.572 306.745 53.4532 
58.2663 18.4341 -79.1531 -74.1841 27.9824 -60.9402 -8.24162 2.37233 -99.6316 -17.0739 3.24794 -98.4781 -2.21724 19.3291 -98.0891 
-70.8879 319.841 -55.5002 -79.4403 220.342 -60.6886
0 4 2 3 1
5
-138.393 315.963 -13.3929 12.9823 306.277 -4.32744 -55.5966 319.045 64.6123 -23.5387 312.368 47.0773 -102.972 312.339 52.9569 
54.8249 20.5408 -81.0698 -70.3355 24.1173 -66.8676 14.2355 2.46411 -98.9509 -12.1065 -3.77077 -99.1928 18.6666 13.2562 -97.3439 
-70.9236 320.31 -55.3866 -80.2857 220.811 -58.9051
0 4 2 3 1
5
-138.445 316.081 -13.3979 15.8623 306.181 -7.21012 -50.0838 322.247 63.743 -19.0728 311.512 45.4812 -101.514 316.974 58.2214 
58.3883 29.1436 -75.7724 -63.9128 26.1666 -72.3219 -14.4116 -2.37245 -98.9276 -22.1649 2.1652 -97.4886 9.2113 9.84877 -99.0866 
-71.0362 320.654 -55.3058 -80.7498 221.18 -58.552
0 4 2 3 1
5
-139.478 315.053 -10.3867 17.301 306.123 -8.65051 -48.5653 322.242 65.2597 -16.1258 311.267 45.4454 -98.1838 315.865 58.0177 
27.5132 17.8015 -94.4782 -71.2792 24.1581 -65.8458 -3.84782 -9.09819 -99.5109 -28.1098 3.64586 -95.8986 13.3316 4.51426 -99.0045 
-70.9073 320.783 -55.166 -80.4328 221.284 -58.2135
0 4 2 3 1
5
-140.904 314.923 -10.3824 15.1776 292.964 -16.5573 -45.0299 318.702 64.5428 -13.0191 307.144 41.9503 -96.1689 314.142 59.1809 
34.57 16.4076 -92.3889 -90.8506 40.7836 -9.1028 -10.4547 -2.64867 -99.4167 -28.0241 8.23966 -95.6387 7.96295 10.1833 -99.1609 
-71.0521 321.038 -55.0318 -82.9591 221.905 -60.5879
0 4 2 3 1
5
-140.351 313.687 -10.3416 13.4948 286.53 -20.2421 -44.5758 315.488 63.892 -11.2467 298.496 36.5517 -92.8478 312.922 58.951 
31.9026 17.5868 -93.1286 -62.2117 54.8993 -55.8191 -14.6923 0.0803472 -98.9148 -30.6137 20.8583 -92.8856 8.18254 8.71173 -99.2832 
-71.3799 321.138 -55.0413 -85.9502 222.53 -63.0569
0 4 2 3 1
5
-140.909 311.654 -10.2746 7.9416 281.036 -27.7956 -45.1651 309.347 61.1914 -11.9154 281.106 25.1547 -88.5248 308.134 58.049 
29.3493 21.8994 -93.0539 -73.2071 64.0708 -23.1443 -7.71929 3.06548 -99.6545 -28.3603 40.6224 -86.8649 7.5734 22.5987 -97.1182 
-72.3084 321.206 -55.4125 -90.7712 223.719 -67.8771
0 4 2 3 1
5
-139.343 311.434 -8.80059 -1.29696 275.379 -32.4239 -46.519 282.207 53.1646 -18.619 263.555 9.93014 -80.7027 305.989 60.527 
24.3357 17.3537 -95.4286 -63.9725 75.7272 -13.1495 -10.0816 36.3952 -92.5945 -25.3952 65.5957 -71.0795 -10.7964 11.5601 -98.7411 
-73.4993 321.254 -56.2133 -98.4453 226.504 -76.2172
0 4 2 3 1
2
-138.846 310.324 -8.76923 0 0 0 -65.1981 282.517 42.5784 0 0 0 0 0 0 
71.69 43.9919 -54.0856 0 0 0 1.92026 40.7742 -91.2895 0 0 0 0 0 0 
-74.124 321.286 -56.5887 -103.219 229.34 -83.0367
0 2 4 3 1
2
-136.988 309.428 -8.74391 0 0 0 -70.5711 299.683 56.4569 0 0 0 0 0 0 
73.2192 36.3328 -57.6097 0 0 0 -7.31403 -45.3226 -88.839 0 0 0 0 0 0 
-75.2002 321.307 -56.8279 -106.138 231.787 -88.9056
0 2 4 3 1
4
-137.54 307.406 -7.23897 0 0 0 -68.5973 291.301 52.134 -38.4939 240.447 -36.1148 -61.4775 236.876 -2.37613 
29.1866 22.7012 -92.9128 0 0 0 -35.6198 18.6463 -91.5617 -22.4662 95.7293 18.1982 -4.10222 95.76 -28.5165 
-75.4542 321.318 -57.4493 -109.967 234.641 -93.4486
0 2 4 1 3
4
-137.367 307.018 -5.78387 0 0 0 -73.3856 278.246 38.0033 -45.0817 246.347 -49.1333 -64.1259 233.076 -18.0111 
56.1398 53.5578 -63.0863 0 0 0 -23.4905 42.1716 -87.5771 -14.0416 85.438 50.0319 -26.4539 96.1508 -7.43013 
-74.3983 321.255 -57.2697 -115.05 241.142 -101.194
0 2 4 1 3
2
-136.028 307.259 -5.78841 0 0 0 0 0 0 0 0 0 -66.9098 240.195 -22.8689 
27.249 20.2976 -94.0505 0 0 0 0 0 0 0 0 0 17.886 94.9249 25.872 
-73.3104 320.493 -55.6094 -116.371 251.181 -113.417
0 4 3 2 1
3
-136.835 309.083 -7.27848 0 0 0 -51.3351 258.914 -51.1907 0 0 0 -71.8703 244.382 -24.3498 
20.5156 9.98804 -97.362 0 0 0 53.2914 84.4309 -5.60809 0 0 0 3.72916 92.788 37.1008 
-72.8185 319.034 -53.5803 -110.928 256.255 -121.451
0 4 3 1 2
3
-135.518 309.399 -4.37155 0 0 0 -52.2321 262.183 -47.2798 0 0 0 -72.5033 245.662 -24.0327 
13.2118 13.4483 -98.2069 0 0 0 5.31371 74.8741 -66.073 0 0 0 19.7056 86.6034 45.9515 
-72.7579 318.403 -53.268 -109.105 256.456 -122.849
0 4 3 1 2
3
-135.952 310.39 -2.9237 0 0 0 -47.634 259.377 -24.9418 0 0 0 -70.096 252.436 -11.0454 
20.5434 -2.12954 -97.8439 0 0 0 1.15995 86.5848 50.0173 0 0 0 -48.6753 72.2883 -49.042 
-74.2612 317.712 -53.4721 -105.884 250.359 -120.282
0 4 3 1 2
3
-136.408 311.432 -5.86703 0 0 0 -47.1948 261.725 -8.46957 0 0 0 -67.3226 261.452 3.67742 
21.0415 -6.97159 -97.5123 0 0 0 -77.6477 60.794 16.5809 0 0 0 -31.7295 -93.99 12.6139 
-76.2233 317.522 -53.5385 -101.142 240.099 -111.717
0 4 2 3 1
2
-68.3303 268.674 22.7768 0 0 0 0 0 0 0 0 0 -42.2024 271.537 11.5098 
-2.62215 -81.8991 57.3207 0 0 0 0 0 0 0 0 0 -0.708467 -79.6463 60.4646 
-77.7032 317.561 -53.3137 -89.7354 229.441 -99.0312
0 4 3 2 1
5
-66.7819 272.685 41.0966 -135.026 315.051 -10.3866 -9.52845 289.021 -8.16724 -93.0241 283.404 -3.63333 -37.6286 275.502 27.2483 
-6.56616 74.0092 -66.9292 13.7283 25.2392 -95.7837 -45.1623 61.4966 -64.6416 -22.3291 -92.6779 30.2029 -8.72451 69.6453 -71.2279 
-76.5879 317.869 -53.7226 -87.8113 225.045 -89.1865
1 3 0 4 2
5
-63.3285 274.415 47.8194 -138.046 315.172 -10.3906 -2.72565 289.364 -4.08847 -96.8152 293.664 8.29844 -32.2975 274.305 34.8813 
-0.723977 69.2261 -72.1611 58.8184 27.7302 -75.9699 -69.2358 53.497 -48.4199 -31.2707 -85.1225 -42.1461 -5.91079 67.3341 -73.6966 
-75.9798 318.438 -54.2865 -88.8916 223.741 -83.7104
1 3 0 4 2
4
-61.2487 276.697 52.1266 -139.684 315.518 -10.402 0 290.088 -5.46493 -97.812 300.987 19.8459 -29.7636 274.766 37.528 
-0.869803 62.9125 -77.7255 -6.60185 37.6189 -92.4188 -48.6265 56.2295 -66.8858 30.4212 36.7522 -87.8853 -7.27854 65.6621 -75.0701 
-75.545 319.043 -54.4252 -90.2777 223.36 -79.4817
1 3 0 4 2
5
-60.8193 280.73 54.2085 -138.113 315.324 -10.3956 1.36478 289.779 -5.45912 -98.0851 293.325 33.1555 -28.7154 277.139 39.1574 
2.70793 57.1322 -82.0279 -5.82637 33.7095 -93.9666 -49.8888 55.6052 -66.4768 35.536 73.5853 -57.6403 -26.2316 58.9495 -76.3993 
-75.3213 319.321 -54.696 -90.6483 223.417 -78.5172
1 3 0 4 2
5
-58.8904 290.791 61.6294 -139.466 315.026 -8.90209 5.49692 291.786 -4.12269 -97.3362 287.043 48.6681 -25.5081 285.056 42.961 
2.64123 36.6486 -93.0049 50.4768 24.2892 -82.838 -55.6614 47.1969 -68.3685 -3.94765 54.6576 -83.6478 -32.3324 45.6716 -82.8777 
-74.725 319.784 -54.6898 -89.7172 223.197 -75.8097
1 3 0 4 2
5
-55.8284 296.347 62.8069 -137.608 314.172 -11.8373 6.93635 294.555 -4.16181 -95.3607 293.444 53.8995 -24.769 292.174 44.0338 
3.28063 28.6405 -95.7547 -8.06447 38.0635 -92.1202 -57.1665 42.852 -69.9693 -7.43297 40.488 -91.1344 -27.5899 32.7398 -90.3709 
-74.5561 320.128 -54.6583 -88.8412 222.83 -72.7982
1 3 0 4 2
5
-52.3416 300.366 63.6587 -139.862 312.595 -8.83339 9.7913 296.994 -5.59503 -94.0757 302.649 55.5902 -20.8207 294.719 44.4174 
-14.8291 23.2598 -96.1201 48.1723 32.8465 -81.2437 -81.7116 32.5256 -47.5951 5.04163 19.4842 -97.9538 -24.4867 20.641 -94.7331 
-74.2709 320.473 -54.7765 -87.5132 222.499 -69.8007
1 3 0 4 2
5
-52.3534 300.434 63.6731 -139.893 312.664 -10.3079 12.5979 297.208 -6.99882 -91.4971 303.552 55.756 -19.467 295.241 44.496 
-5.85277 24.4691 -96.7833 35.1162 24.1904 -90.4526 -61.1172 34.3758 -71.2951 -2.15817 18.8689 -98.18 -40.6191 18.7014 -89.4447 
-74.1107 320.618 -54.7424 -86.689 222.436 -68.9548
1 3 0 4 2
5
-48.56 303.253 62.8424 -139.471 311.72 -10.2768 13.9895 297.036 -6.99477 -88.0661 301.594 58.2372 -18.1217 295.979 41.8193 
-8.65457 16.2012 -98.2986 -6.03261 38.4271 -92.1247 -70.9155 30.1301 -63.743 -5.08759 21.5682 -97.5137 -21.6823 19.9304 -95.5649 
-73.9104 320.721 -54.8682 -84.8174 222.45 -69.8289
1 3 0 4 2
5
-49.8945 302.684 62.7245 -139.348 311.446 -10.2678 11.263 298.931 -9.85516 -86.8963 302.466 56.9812 -18.1399 296.276 41.8613 
7.07793 10.4531 -99.2 -7.01559 36.1635 -92.9676 -64.7548 33.7763 -68.3079 -1.8707 17.9668 -98.3549 -25.8524 19.151 -94.6831 
-73.7579 320.761 -54.9417 -84.2471 222.449 -69.9344
1 3 0 4 2
