5
-32.3745 245.499 72.8427 41.9862 234.6 19.8882 -109.783 240.309 -23.7675 -77.9434 243.375 56.1651 -3.37538 238.895 61.882 
6.27553 8.64362 -99.4279 -48.479 30.2112 -82.0797 86.9761 38.7613 -30.5403 13.7031 13.6712 -98.1087 -13.7078 16.1131 -97.7367 
-30.1718 261.054 -45.6282 -27.5467 162.919 -64.6705
2 3 0 4 1
5
-31.5778 248.327 73.6816 43.4581 236.598 21.1719 -108.734 243.023 -21.7468 -76.623 246.502 56.8868 -1.13504 240.999 62.4271 
3.51742 12.0762 -99.2058 -56.8016 28.8354 -77.085 54.0455 27.2928 -79.5876 16.8624 9.76395 -98.0832 -22.4168 12.0414 -96.7083 
-29.3138 260.794 -44.8781 -28.4275 162.042 -60.6061
2 3 0 4 1
5
-31.6683 249.038 75.0656 43.6907 237.864 21.2852 -108.953 243.511 -21.7905 -75.5026 246.634 56.9173 -2.28096 242.155 62.7264 
-12.4384 11.2314 -98.5857 -49.8221 27.3575 -82.2759 84.0293 38.3228 -38.3464 16.8452 12.539 -97.7702 -13.1923 14.4718 -98.0639 
-28.8649 260.659 -44.5359 -28.7789 161.705 -58.9646
2 3 0 4 1
5
-32.9085 249.549 74.0441 42.7066 238.625 20.2294 -108.084 244.14 -21.8468 -76.7371 246.869 59.2969 -3.43037 242.787 62.8901 
9.78104 8.38435 -99.1667 -50.1126 27.1191 -82.1783 51.471 28.8473 -80.7377 10.2437 16.8258 -98.0406 5.62848 8.71035 -99.4608 
-28.9384 260.614 -44.2032 -29.567 161.585 -58.0899
2 3 0 4 1
5
-34.2354 250.658 75.5539 40.7226 240.181 21.4925 -111.889 244.919 -20.7629 -78.2919 248.112 58.4268 -4.62154 245.319 62.3908 
-3.64806 15.2469 -98.7635 -51.3267 23.5402 -82.5314 49.5464 29.8868 -81.5594 13.6708 17.8676 -97.4364 3.00505 5.43325 -99.8071 
-29.2715 260.778 -44.1042 -30.6968 161.637 -57.1036
2 3 0 4 1
5
-32.9601 249.94 76.5145 40.7624 240.415 21.5135 -109.669 245.113 -21.9338 -78.4202 248.518 58.5225 -4.61939 245.205 63.5166 
-4.70539 16.2756 -98.5544 -67.8063 25.6596 -68.876 49.6897 29.4725 -81.6229 4.79089 19.2489 -98.0129 -76.8672 20.9914 -60.4219 
-29.6242 260.91 -44.0803 -31.195 161.727 -56.7377
2 3 0 4 1
5
-34.4525 252.248 74.8451 40.8291 240.809 21.5487 -112.301 245.82 -20.8394 -78.3994 248.453 59.6772 -4.60795 244.598 64.5112 
13.0024 7.01827 -98.9024 -67.3798 23.98 -69.8922 51.1564 29.1444 -80.8308 14.3968 18.158 -97.2781 -26.3728 10.4385 -95.8932 
-30.1976 261.223 -43.8694 -31.6414 161.937 -55.7085
2 3 0 4 1
5
-35.7731 253.187 76.316 40.0927 243.222 24.0556 -112.731 246.762 -19.757 -78.753 249.573 59.9463 -4.63672 246.125 64.9141 
-4.08926 16.0414 -98.6202 -65.7656 22.7742 -71.8068 52.0337 30.042 -79.9373 6.13428 18.6167 -98.0601 -19.6759 7.76516 -97.7372 
-30.6622 261.598 -43.3597 -31.8403 162.262 -54.8116
2 3 0 4 1
5
-34.4614 252.313 77.2411 40.0601 243.024 22.8915 -112.216 248.192 -17.5337 -78.6092 249.117 62.1834 -4.62831 245.679 65.9534 
-0.18016 12.2662 -99.2447 -49.9474 22.869 -83.56 52.5617 22.0708 -82.1593 24.1614 14.5889 -95.9343 2.31699 7.99367 -99.6531 
-31.2489 261.954 -41.6602 -31.7948 162.649 -53.4202
2 3 0 4 1
5
-33.2648 252.25 78.4099 40.0512 242.97 24.0307 -112.1 247.937 -17.5157 -78.7801 249.659 63.4944 -3.46453 245.204 65.8261 
0.616363 11.6353 -99.3189 -50.8318 24.495 -82.5598 54.7042 23.9996 -80.1964 23.5276 14.5517 -96.0973 -3.39918 11.1193 -99.3217 
-31.3169 262.15 -41.1143 -31.3727 162.902 -53.3551
2 3 0 4 1
5
-33.2541 252.17 78.3847 40.7957 240.612 23.7975 -111.823 247.322 -18.6371 -78.8421 249.855 62.3677 -2.29522 243.669 66.5615 
0.614612 11.7213 -99.3088 -50.1242 29.1949 -81.4569 74.4164 38.4843 -54.5999 11.016 14.2366 -98.3665 -25.4896 17.2436 -95.1469 
-31.4005 262.38 -40.8757 -31.9314 163.208 -53.7035
2 3 0 4 1
5
-32.0117 251.739 78.2509 40.3043 237.714 21.2717 -112.4 246.036 -19.6989 -78.7302 249.501 62.2792 -2.25107 238.982 64.1556 
-3.98948 12.8842 -99.0862 -47.8887 38.5251 -78.8828 41.0444 36.814 -83.4271 11.6339 15.0196 -98.1787 -22.7104 25.3498 -94.0299 
-31.502 262.596 -40.7898 -32.529 163.595 -54.849
2 3 0 4 1
5
-33.0993 250.996 76.8377 37.5682 234.61 19.8891 -112.781 244.351 -21.8657 -78.5864 249.045 62.1653 -4.36349 231.622 59.998 
8.37619 9.47199 -99.1974 -61.6954 44.1963 -65.1181 86.5418 39.5602 -30.7491 30.1066 18.1168 -93.6236 -22.2228 39.4555 -89.1595 
-31.4783 262.752 -40.8449 -33.3529 164.046 -56.7668
2 3 0 4 1
5
-34.0798 249.52 77.561 34.9323 231.783 16.3745 -111.706 242.023 -22.7972 -81.1394 249.682 61.1485 -5.31326 225.63 55.2579 
1.4746 13.7363 -99.0411 -36.4895 54.8537 -75.2302 85.266 43.9883 -28.1909 9.80683 21.5543 -97.1557 -44.0577 63.8244 -63.1297 
-31.4328 262.877 -41.1184 -34.0271 164.525 -59.0095
2 3 0 4 1
5
-33.8968 248.179 79.4821 31.5382 230.911 15.2253 -111.843 239.872 -23.7243 -79.8236 249.246 59.8677 -6.23439 220.622 50.9142 
1.86256 14.4329 -98.9354 -68.4763 54.6682 -48.1911 73.3939 52.7417 -42.7978 29.7373 17.4542 -93.8671 -1.18277 59.5799 -80.3047 
-31.3485 262.979 -41.395 -32.8999 164.849 -60.5823
2 3 0 4 1
5
-33.6915 246.676 79.0006 27.0093 229.392 11.8841 -109.716 237.71 -24.63 -78.3883 248.417 59.6687 -9.18671 216.732 40.8298 
1.12693 16.3312 -98.651 -51.6651 60.5161 -60.5682 59.1955 43.312 -67.9703 19.7658 18.7608 -96.2151 -9.96558 78.306 -61.391 
-31.1753 263.066 -41.6003 -30.6588 165.123 -61.7737
2 3 0 4 1
4
-34.7673 246.068 77.6471 21.4292 227.5 8.5717 -109.539 234.93 -24.342 -78.1642 247.707 60.6647 0 0 0 
10.0259 8.35712 -99.1445 -16.8771 70.757 -68.6193 53.9367 44.1626 -71.6973 9.65227 18.8391 -97.7339 0 0 0 
-31.1553 263.144 -41.8558 -27.8175 165.197 -61.7381
2 3 0 4 1
4
-33.3183 243.944 76.9767 0 0 0 -107.539 232.994 -27.4334 -79.2316 247.397 59.4237 -14.1024 204.562 18.5357 
0.344231 22.338 -97.4725 0 0 0 78.8038 59.1383 -17.1063 33.0336 18.2545 -92.6043 -29.8533 95.0332 8.80161 
-31.1462 263.217 -41.9452 -24.764 165.192 -60.6636
2 3 0 1 4
4
-33.114 242.448 77.6467 0 0 0 -104.744 231.666 -26.1859 -78.7176 245.792 61.3534 -15.5554 206.706 8.79468 
1.87918 23.8461 -97.097 0 0 0 31.6354 55.8291 -76.6962 31.706 18.8137 -92.9558 30.1012 94.6008 12.0253 
-31.1175 263.283 -41.9621 -22.5633 165.479 -60.969
2 3 0 1 4
4
-33.0137 241.714 76.2731 0 0 0 -103.174 230.595 -27.151 -77.5105 245.635 60.1574 -15.9671 207.601 5.87358 
0.414065 25.5676 -96.6754 0 0 0 35.7855 52.5845 -77.1639 6.25448 22.7999 -97.165 8.66355 90.497 -41.6562 
-31.0795 263.313 -41.9733 -22.5183 165.698 -61.924
2 3 0 1 4
4
-34.0771 241.183 77.2413 0 0 0 -102.308 228.662 -29.0771 -78.1539 244.032 60.9141 -16.1041 210.739 0.913043 
6.43392 22.2293 -97.2855 0 0 0 30.9866 60.7719 -73.1204 16.9457 23.4336 -95.7273 12.4253 82.8503 54.6025 
-31.0351 263.367 -42.2872 -22.2481 166.044 -63.5257
2 3 0 1 4
4
-33.9091 239.994 76.8606 0 0 0 -99.7855 227.819 -31.1159 -79.4795 244.575 58.7458 -17.1149 213.185 -2.63119 
2.40718 27.0008 -96.2557 0 0 0 50.0621 56.4509 -65.6283 29.8077 22.8935 -92.6682 -9.10553 73.5666 67.1197 
-31.1282 263.412 -42.7105 -23.7991 166.314 -65.4767
2 3 0 1 4
3
-34.9656 239.488 75.5708 0 0 0 -96.6608 228.041 -33.2943 -77.6914 242.588 59.4111 0 0 0 
3.16857 27.9854 -95.952 0 0 0 21.828 58.9768 -77.7514 1.09674 31.0255 -95.059 0 0 0 
-31.1498 263.448 -42.7179 -26.9789 166.516 -66.9394
2 3 0 4 1
3
-34.8686 238.824 74.2363 0 0 0 -92.2501 227.758 -35.3983 -80.4541 244.037 58.6166 0 0 0 
-4.9777 34.2985 -93.8021 0 0 0 40.7426 86.7853 -28.4314 30.7163 22.0983 -92.5644 0 0 0 
-31.3956 263.479 -42.854 -29.9639 166.7 -67.9863
2 3 0 4 1
3
-34.708 237.724 73.8944 0 0 0 -86.6448 232.874 -41.6772 -80.269 243.475 58.4817 0 0 0 
-1.97579 33.4982 -94.2017 0 0 0 -8.8493 -62.892 77.2417 9.80532 28.8721 -95.2379 0 0 0 
-31.5394 263.504 -42.83 -32.9392 167.009 -69.0393
2 3 0 4 1
2
-34.5512 236.65 73.5606 0 0 0 0 0 0 -80.0341 242.763 58.3106 0 0 0 
-2.53012 34.3537 -93.8798 0 0 0 0 0 0 8.10511 29.5861 -95.1786 0 0 0 
-31.872 263.522 -42.9148 -35.9971 167.329 -69.9313
3 0 4 2 1
2
-34.4114 235.692 73.2629 0 0 0 0 0 0 -80.7379 241.448 59.132 0 0 0 
1.48328 32.4328 -94.5828 0 0 0 0 0 0 31.6545 23.5308 -91.8928 0 0 0 
-32.0053 263.534 -43.1533 -38.6663 167.692 -70.903
3 0 4 2 1
2
-34.175 234.073 72.7596 0 0 0 0 0 0 -81.7344 241.034 57.8952 0 0 0 
-2.16774 36.3559 -93.1319 0 0 0 0 0 0 32.6968 25.5669 -90.9794 0 0 0 
-32.1733 263.537 -43.5274 -41.292 168.201 -72.3003
3 0 4 2 1
2
-31.7585 232.524 72.278 0 0 0 0 0 0 -80.1964 239.829 58.7354 0 0 0 
-1.4718 35.6181 -93.4301 0 0 0 0 0 0 33.0757 25.5366 -90.8509 0 0 0 
-31.5895 263.531 -43.5944 -43.729 168.803 -73.2467
3 0 4 2 1
2
-30.5651 231.779 72.0464 0 0 0 0 0 0 -80.514 240.779 56.7 0 0 0 
-1.73691 35.8633 -93.3317 0 0 0 0 0 0 17.4322 26.7221 -94.7737 0 0 0 
-30.1727 263.488 -43.5454 -44.115 169.205 -73.8156
3 0 4 2 1
2
-30.6156 232.162 71.072 0 0 0 0 0 0 -80.5799 240.976 56.7464 0 0 0 
-0.284389 34.8289 -93.7383 0 0 0 0 0 0 25.4716 24.6328 -93.5116 0 0 0 
-29.6737 263.438 -43.4028 -44.5435 169.414 -74.0359
3 0 4 2 1
2
-29.4239 231.388 71.925 0 0 0 0 0 0 -80.7953 241.62 56.8981 0 0 0 
-2.24245 34.5048 -93.8317 0 0 0 0 0 0 19.564 23.3571 -95.2455 0 0 0 
-28.4876 263.268 -42.9752 -47.0008 169.931 -73.7251
3 0 4 2 1
2
-26.1523 231.368 73.0085 0 0 0 0 0 0 -80.6844 244.735 56.4791 0 0 0 
11.6853 40.4325 -90.712 0 0 0 0 0 0 20.2763 18.7049 -96.1197 0 0 0 
-27.6371 262.971 -42.0377 -48.1579 169.919 -72.3718
3 0 4 2 1
2
-23.8969 230.634 73.8631 0 0 0 0 0 0 -81.5515 247.366 57.086 0 0 0 
-7.99535 34.1203 -93.6583 0 0 0 0 0 0 19.3992 12.5131 -97.299 0 0 0 
-27.1825 262.641 -41.4838 -51.5469 170.328 -71.2277
3 0 4 2 1
2
-22.8719 231.253 74.0613 0 0 0 0 0 0 -82.2938 249.617 56.43 0 0 0 
-8.3147 35.2745 -93.2018 0 0 0 0 0 0 21.9061 10.6731 -96.9856 0 0 0 
-26.5276 262.316 -41.1629 -56.0168 171.346 -70.4001
3 0 4 2 1
2
-20.9319 233.916 73.8126 0 0 0 0 0 0 -83.0446 251.895 56.9449 0 0 0 
-8.6186 31.8296 -94.4066 0 0 0 0 0 0 23.1586 7.00398 -97.029 0 0 0 
-25.9428 262.013 -40.9629 -57.5455 171.509 -69.4277
3 0 4 2 1
2
-21.0435 235.163 74.206 0 0 0 0 0 0 -82.9945 251.742 58.0961 0 0 0 
-10.1652 29.0928 -95.133 0 0 0 0 0 0 18.7657 7.49397 -97.9372 0 0 0 
-25.7814 261.88 -40.6974 -56.5611 170.867 -68.4331
3 0 4 2 1
2
-19.1134 238.723 75.3294 0 0 0 0 0 0 -81.095 253.215 58.4361 0 0 0 
-7.1411 22.724 -97.1217 0 0 0 0 0 0 23.0433 2.45347 -97.2779 0 0 0 
-25.427 261.553 -40.3124 -56.675 170.118 -66.0665
3 0 4 2 1
2
-19.126 238.88 74.2537 0 0 0 0 0 0 -81.15 253.387 58.4757 0 0 0 
-12.3244 20.9823 -96.9941 0 0 0 0 0 0 24.4913 2.55596 -96.9208 0 0 0 
-25.0025 261.392 -40.2204 -58.7175 170.769 -65.7288
3 0 4 2 1
2
-17.9971 238.83 75.363 0 0 0 0 0 0 -80.0769 253.769 58.5637 0 0 0 
11.4705 33.9098 -93.3732 0 0 0 0 0 0 23.1618 2.21974 -97.2553 0 0 0 
-24.8247 261.321 -39.9648 -60.047 171.284 -65.5113
3 0 4 2 1
2
-17.9297 237.934 75.0804 0 0 0 0 0 0 -80.0608 253.717 59.7468 0 0 0 
-9.92614 20.4832 -97.3751 0 0 0 0 0 0 28.1939 2.82461 -95.9016 0 0 0 
-24.2523 261.132 -39.8535 -62.5675 172.468 -65.7503
3 0 4 2 1
2
-19.0014 237.324 76.0055 0 0 0 0 0 0 -79.7963 252.879 60.7404 0 0 0 
-4.46615 18.8836 -98.0993 0 0 0 0 0 0 26.7119 1.19295 -96.359 0 0 0 
-24.2087 261.055 -39.7868 -63.6411 172.965 -65.962
3 0 4 2 1
2
-22.1689 235.353 74.266 0 0 0 0 0 0 -78.2253 247.901 59.5446 0 0 0 
-3.97753 23.1833 -97.1942 0 0 0 0 0 0 24.0394 9.9012 -96.5612 0 0 0 
-24.4717 260.911 -40.5906 -62.3697 172.655 -68.4219
3 0 4 2 1
2
-26.388 233.454 72.5671 0 0 0 0 0 0 -80.4343 243.977 57.4531 0 0 0 
-4.48665 28.6135 -95.7138 0 0 0 0 0 0 22.0076 20.2312 -95.4273 0 0 0 
-26.2908 260.802 -41.9494 -56.5469 170.6 -72.7438
3 0 4 2 1
3
-29.4077 231.261 71.8856 0 0 0 -11.4756 201.117 -5.06424 -81.968 241.723 56.9222 0 0 0 
-7.10119 36.9126 -92.6662 0 0 0 -25.5448 75.0913 60.8996 37.4419 17.2161 -91.1137 0 0 0 
-29.9046 260.764 -43.3322 -47.1869 167.296 -74.3974
3 0 2 4 1
2
-31.4233 230.07 72.5987 0 0 0 0 0 0 -81.2467 239.595 58.6782 0 0 0 
-6.78294 37.1949 -92.5772 0 0 0 0 0 0 15.1819 25.5355 -95.4853 0 0 0 
-30.5895 260.737 -43.2188 -30.0347 164.783 -71.3712
3 0 4 2 1
3
-31.3021 229.182 73.398 0 0 0 -7.22693 219.211 13.4215 -80.552 237.547 59.2952 0 0 0 
3.01205 29.2765 -95.571 0 0 0 28.1871 -75.9559 58.6191 33.9705 22.2909 -91.3735 0 0 0 
-30.8194 260.712 -43.1244 -22.7725 164.641 -69.6886
3 0 4 1 2
4
-31.2402 228.729 74.33 0 0 0 -3.88274 206.103 25.2378 -79.3026 237.156 59.1977 -83.5598 211.214 -32.8271 
3.01593 29.9713 -95.3553 0 0 0 -18.1324 91.1502 -36.9168 13.688 24.8729 -95.8852 19.5226 66.8928 -71.7233 
-31.2714 260.687 -42.4503 -18.6336 165.184 -69.2727
4 3 0 1 2
4
-31.2679 228.932 74.396 0 0 0 -3.77006 200.122 30.1605 -80.1291 236.3 60.0968 -87.8264 209.527 -30.5912 
3.45961 30.4488 -95.1888 0 0 0 5.88313 90.1558 -42.8639 33.423 26.0592 -90.5749 31.9393 85.9247 -39.9603 
-31.5457 260.661 -41.9098 -16.8537 165.666 -69.479
4 3 1 0 2
4
-32.3864 229.217 75.5684 0 0 0 -2.824 199.87 32.9466 -79.9373 235.734 59.953 -91.0064 210.034 -30.6652 
4.90071 29.7932 -95.3328 0 0 0 -3.72885 87.7735 -47.7693 27.7931 26.7436 -92.2622 18.5131 67.2786 -71.63 
-31.7358 260.649 -41.6249 -17.383 165.772 -69.7748
4 3 1 0 2
5
-32.3971 229.293 76.6731 20.8471 221.32 5.21177 -0.952867 202.319 40.0204 -78.8832 235.902 61.1067 -94.3345 210.84 -28.7969 
-1.00145 33.9579 -94.0524 50.2533 -73.5827 45.3894 0.0163381 80.8516 -58.8474 27.2618 26.0752 -92.6114 45.6235 73.0951 -50.7505 
-31.7813 260.622 -41.1102 -17.8526 166.063 -70.5142
4 3 0 2 1
5
-32.5291 230.227 75.9013 28.7933 218.343 16.4533 1.93203 205.111 48.3007 -78.9657 236.149 61.1706 -97.8755 212.057 -28.9632 
-2.392 33.7041 -94.1186 -27.9898 66.8031 -68.9487 -9.97049 71.0611 -69.6485 24.5776 27.2048 -93.0368 38.3459 64.4484 -66.1513 
-31.8877 260.592 -40.3838 -18.8435 166.202 -70.7209
4 3 0 2 1
5
-32.7055 231.476 76.3129 31.493 222.894 18.8958 2.95915 209.436 55.2374 -78.7984 235.648 62.1508 -101.248 212.848 -29.0712 
0.0873823 28.9367 -95.7218 -35.9752 57.9698 -73.1115 -15.8749 61.565 -77.1863 26.8004 27.9057 -92.2118 56.4942 67.9647 -46.7889 
-31.9302 260.563 -39.6538 -19.2603 166.108 -69.9488
4 3 0 2 1
5
-32.8424 232.444 78.8217 34.8135 223.996 22.1541 3.00925 212.982 57.1758 -77.8205 236.049 63.3681 -103.313 212.972 -28.0851 
1.44029 29.3313 -95.5908 -38.699 52.9009 -75.524 -10.1121 51.719 -84.9876 28.3818 27.9865 -91.7127 49.7947 79.3219 -35.0503 
-32.0439 260.533 -38.7324 -19.0788 165.885 -68.2897
4 3 0 2 1
5
-33.0912 234.205 78.3158 36.2783 226.555 23.4742 3.07714 217.787 59.4914 -77.9879 236.556 63.5045 -102.548 213.468 -27.1451 
0.958995 23.2393 -97.2575 -45.2551 45.5092 -76.6869 -9.55108 40.0054 -91.1501 30.842 27.767 -90.9822 54.8556 68.3686 -48.1311 
-31.9422 260.504 -37.9808 -18.168 165.448 -65.8145
4 3 0 2 1
5
-33.1601 234.693 79.5843 37.4757 227.346 24.6269 3.10706 219.904 61.1056 -77.9436 236.422 64.5818 -102.529 213.428 -27.14 
2.52576 22.2291 -97.4653 -46.503 44.0552 -76.7894 -35.6328 46.3113 -81.1515 19.0584 27.5602 -94.2189 45.2334 60.1672 -65.832 
-31.9467 260.49 -37.6562 -17.7614 165.307 -64.8394
4 3 0 2 1
5
-32.351 236.862 80.3198 37.1359 231.91 26.2136 1.06351 225.811 64.8739 -78.3811 237.749 64.9444 -103.015 214.44 -26.2587 
-15.4895 25.3138 -95.4949 -48.0199 37.1935 -79.4401 -6.83992 27.9237 -95.7783 26.5417 24.8375 -93.1592 43.7322 62.726 -64.4434 
-31.9751 260.464 -37.1573 -16.7865 164.936 -62.5258
4 3 0 2 1
4
-34.1457 241.668 80.8115 38.8314 235.57 28.8462 0 232.093 66.6787 -78.265 240.837 63.5194 -104.715 215.863 -25.4163 
5.96304 12.8122 -98.9964 -45.1066 23.1946 -86.1824 -1.418 17.9412 -98.3672 37.2882 23.4076 -89.7868 48.481 60.6314 -63.0351 
-31.9852 260.444 -36.5325 -15.142 164.518 -59.216
4 3 0 2 1
5
-34.8618 246.736 80.1821 37.4522 240.973 29.5078 -4.59957 244.153 71.2933 -80.4736 244.096 64.3789 -108.072 218.54 -24.7022 
-12.2871 12.6168 -98.437 -66.4038 22.1796 -71.4045 -15.2211 2.1918 -98.8105 13.3615 16.3783 -97.7406 62.2394 77.2247 -12.7514 
-31.557 260.428 -36.0807 -13.366 163.935 -55.0082
4 3 0 2 1
5
-37.6748 249.98 80.0588 37.7357 242.797 32.0181 -4.61476 244.96 71.5288 -79.7359 245.363 63.5576 -109.663 223.888 -23.1978 
15.0258 2.30163 -98.8379 -65.3011 19.4939 -73.183 0.801809 -0.543454 -99.9953 33.4637 15.4011 -92.9677 62.7764 46.9951 -62.0531 
-31.4634 260.416 -35.7207 -14.0258 163.25 -51.6823
4 3 0 2 1
5
-37.8815 251.352 81.6821 38.8796 242.8 30.875 -5.83487 247.78 71.1855 -81.389 246.872 63.9485 -112.373 231.649 -20.729 
14.6953 2.8211 -98.8741 -44.9484 18.8139 -87.3251 -23.5849 4.6561 -97.0674 24.1141 15.7215 -95.7671 77.6364 44.2945 -44.8396 
-31.4565 260.407 -35.5303 -17.1925 162.488 -49.9679
4 3 0 2 1
5
-36.672 251.176 81.6248 37.7879 243.133 30.9173 -5.83925 247.966 71.2388 -81.52 247.27 64.0514 -112.866 237.273 -18.9973 
2.84861 6.20502 -99.7666 -64.491 18.4673 -74.1611 -19.0373 3.20159 -98.119 22.0331 15.1012 -96.3665 81.5909 40.5065 -41.2571 
-31.2787 260.403 -35.5446 -20.4973 161.956 -49.3953
4 3 0 2 1
5
-37.9127 251.559 81.7492 38.9111 242.996 32.0444 -7.03983 249.125 70.3984 -81.792 248.095 61.9282 -115.812 238.738 -17.9902 
12.5302 3.92299 -99.1343 -46.2199 17.2368 -86.9863 -23.8343 5.96387 -96.9348 12.6347 18.2494 -97.5055 77.6686 33.4952 -53.3447 
-31.3377 260.402 -35.4149 -22.8357 161.752 -49.4101
4 3 0 2 1
5
-37.912 251.554 81.7478 37.7301 242.761 32.0134 -7.02902 248.742 70.2902 -81.5629 247.4 62.92 -114.109 239.886 -18.0767 
10.8767 4.42943 -99.308 -44.7873 19.5047 -87.2563 4.30714 -3.91373 -99.8305 6.46783 19.5117 -97.8645 62.5407 28.2867 -72.7222 
-31.5795 260.402 -35.62 -24.6457 161.564 -49.1415
4 3 0 2 1
