5
-78.7308 274.044 61.9521 -106.768 283.372 -12.0114 -35.0241 275.428 76.5342 38.2874 270.982 28.0774 -1.27957 271.687 63.9784 
28.1488 10.8743 -95.3383 75.487 16.2148 -63.5515 4.85176 7.44539 -99.6043 -40.9827 10.9524 -90.5564 -24.0832 6.29895 -96.8521 
-30.631 294.56 -41.9277 -30.9094 196.729 -62.6404
1 0 2 4 3
4
-76.6542 275.86 59.7643 -105.528 283.626 -12.0222 -33.8063 276.077 76.7144 40.8777 271.232 28.1034 0 272.279 64.1177 
21.5912 6.75374 -97.4074 75.6687 16.5195 -63.2562 6.2815 3.13313 -99.7533 -40.2883 17.6865 -89.8 -24.7029 5.26303 -96.7578 
-28.728 294.248 -41.0527 -28.6783 196.167 -60.5495
1 0 2 4 3
5
-76.713 276.072 61.1103 -103.153 284.443 -12.0568 -32.4861 275.907 76.6671 40.9295 271.576 28.139 1.27674 271.087 65.1139 
17.2946 7.76336 -98.1867 44.9141 17.2815 -87.6589 1.27525 7.88604 -99.6804 -40.0147 19.4267 -89.5624 -25.3671 9.49867 -96.2616 
-28.0949 294.112 -40.7217 -28.7929 196.064 -60.3713
1 0 2 4 3
5
-76.7687 276.272 61.1548 -103.123 284.362 -12.0534 -32.51 276.11 76.7236 40.8077 270.768 28.0553 1.27614 270.96 65.0833 
18.4262 7.9904 -97.9624 44.6424 17.1056 -87.832 5.18279 3.27906 -99.8118 -39.8143 19.4836 -89.6394 -26.4421 10.2597 -95.8934 
-27.8037 294.049 -40.739 -28.7036 195.969 -60.223
1 0 2 4 3
5
-76.7797 276.312 61.1635 -103.047 284.152 -12.0445 -32.5315 276.292 76.7743 42.054 270.582 28.036 3.84243 271.95 64.0404 
17.3563 11.1005 -97.8547 44.3905 19.281 -87.5084 5.86561 4.73669 -99.7154 -41.066 20.0347 -88.9505 0.688142 25.5624 -96.6752 
-27.7595 293.942 -40.7337 -28.9873 195.871 -60.2408
1 0 2 4 3
5
-76.6413 275.814 61.0533 -102.969 283.935 -12.0353 -32.495 275.983 75.3884 43.3655 270.814 26.7846 5.13412 272.528 64.1764 
19.3561 10.2144 -97.5757 44.6252 19.7714 -87.2794 0.892446 10.8165 -99.4093 -42.6476 20.0301 -88.2042 -22.4467 10.5764 -96.8725 
-27.6235 293.854 -40.7698 -28.9013 195.816 -60.4404
1 0 2 4 3
5
-76.5066 275.329 59.6492 -103.945 282.953 -11.9937 -32.477 275.83 76.6457 41.9821 270.119 25.4437 5.12409 271.996 64.0511 
19.2133 12.9769 -97.2751 74.4345 21.3486 -63.2751 0.914161 10.6209 -99.4302 -42.2282 24.4652 -87.2825 2.66787 21.6503 -97.5917 
-27.5698 293.776 -41.5662 -28.9626 195.798 -61.53
1 0 2 4 3
5
-76.4914 275.274 60.9338 -102.744 283.316 -12.0091 -29.8023 275.123 75.1536 43.2084 269.833 25.4167 6.41381 272.365 62.8553 
13.6725 11.7145 -98.3658 42.5329 22.1973 -87.7396 -15.2711 11.8484 -98.1143 -41.7429 25.3892 -87.2521 3.60585 18.3188 -98.2416 
-27.3125 293.706 -41.8789 -28.9682 195.724 -61.7981
1 0 2 4 3
5
-75.1916 275.262 59.6347 -101.755 284.281 -12.05 -29.7936 275.043 75.1316 43.2202 269.906 25.4237 5.12228 271.899 64.0285 
18.4175 13.732 -97.3254 43.6935 18.113 -88.1068 -14.3536 12.5963 -98.1596 -64.8553 19.4987 -73.5771 -0.0462222 14.9063 -98.8828 
-27.0805 293.642 -41.9396 -29.2591 195.625 -61.6372
1 0 2 4 3
5
-76.3876 274.901 60.8512 -101.793 284.387 -10.715 -32.5456 276.412 76.8075 43.116 269.256 26.6305 6.39612 271.614 63.9613 
13.1098 16.7136 -97.7179 36.2021 21.2755 -90.7566 3.85892 8.46896 -99.566 -50.3347 19.4255 -84.1966 -0.56409 13.9957 -99.0141 
-26.5309 293.584 -41.9441 -29.1181 195.512 -61.3126
1 0 2 4 3
5
-76.4917 275.276 60.9341 -101.791 284.381 -10.7148 -31.204 276.06 75.4096 41.9138 269.68 25.4023 6.39471 271.554 63.9471 
14.1639 15.1731 -97.8221 42.1485 19.2004 -88.6276 0.881283 10.2482 -99.4696 -55.9842 21.4982 -80.0225 -5.23129 12.9695 -99.0173 
-26.3264 293.555 -41.7223 -29.2717 195.478 -61.0152
1 0 2 4 3
5
-76.4212 275.022 60.8779 -99.6313 285.87 -9.42458 -31.2027 276.049 76.7066 41.9184 269.709 26.6753 7.68332 271.896 64.0276 
17.5284 14.9555 -97.3092 40.3312 14.3624 -90.3721 3.57409 8.9941 -99.5306 -45.4934 20.0396 -86.7684 -7.25586 11.8957 -99.0245 
-26.3044 293.497 -41.2715 -29.2381 195.374 -60.3316
1 0 2 4 3
5
-76.3777 274.865 60.8432 -99.5363 285.598 -9.4156 -31.1867 275.907 76.6672 41.8926 269.543 26.6589 6.37834 270.859 63.7834 
17.894 17.147 -96.8803 38.2912 14.6138 -91.2152 4.63557 9.11576 -99.4757 -45.3002 20.248 -86.8211 -27.9775 13.0193 -95.1197 
-26.2258 293.444 -41.1453 -29.3031 195.364 -60.4047
1 0 2 4 3
5
-77.7682 275.205 59.6222 -99.3477 285.057 -9.39775 -31.1813 275.86 76.6541 41.8097 269.01 26.6062 7.64426 270.514 63.7021 
21.3105 15.0428 -96.538 38.58 16.9293 -90.6917 0.951042 9.41786 -99.551 -44.5482 21.095 -87.0084 -17.1561 11.7731 -97.8114 
-26.3845 293.394 -41.1492 -29.709 195.395 -60.7722
1 0 2 4 3
5
-77.7733 275.223 60.9224 -100.474 284.445 -10.7173 -31.146 275.548 76.5673 41.7858 268.856 26.591 6.35287 269.777 63.5287 
13.0592 16.814 -97.7075 72.2386 20.1726 -66.1411 4.38826 10.5863 -99.3412 -44.8949 21.1459 -86.8176 -27.9179 13.0512 -95.1328 
-26.5488 293.349 -41.0913 -30.5332 195.453 -61.1045
1 0 2 4 3
5
-73.8394 275.054 62.1805 -100.477 284.454 -9.37788 -31.1331 275.433 75.2382 41.6364 267.895 26.4959 7.62138 269.704 63.5115 
30.5057 11.331 -94.5569 72.5108 20.1953 -65.8357 3.01542 11.2864 -99.3153 -45.0949 22.1201 -86.4705 -28.4034 13.6072 -94.911 
-26.4665 293.306 -41.0377 -29.9059 195.411 -61.158
1 0 2 4 3
5
-72.3569 274.345 63.3123 -99.1263 284.422 -9.37682 -29.7925 275.032 75.1288 41.7383 268.551 26.5607 6.32749 268.699 63.2749 
26.2867 13.2999 -95.5622 36.9495 19.8327 -90.7821 -14.569 13.1366 -98.057 -44.029 22.1614 -87.0076 -26.6429 14.0109 -95.3617 
-26.4668 293.284 -40.9856 -29.7827 195.416 -61.256
1 0 2 4 3
5
-67.1796 274.309 62.012 -94.2295 285.821 -8.07681 -31.0558 274.749 75.0515 34.9822 275.099 32.3909 3.81426 269.957 63.5711 
7.45807 11.315 -99.0775 28.0356 12.7793 -95.1352 4.55232 10.4134 -99.3521 -34.5419 -2.58078 -93.8094 -25.1509 10.5258 -96.2114 
-25.8154 293.248 -41.6508 -28.0105 195.323 -61.794
1 0 2 4 3
5
-64.8556 275.412 62.2614 -90.4709 286.708 -6.75156 -31.0146 274.385 74.9521 25.9171 275.145 37.5797 -1.29013 273.929 64.5065 
28.4763 10.7227 -95.2582 31.6715 7.81649 -94.5294 -0.74107 12.2634 -99.2424 -16.3902 5.97595 -98.4665 -2.14063 2.38484 -99.9486 
-25.3323 293.229 -42.0166 -26.4842 195.136 -61.4217
1 0 2 4 3
5
-60.5232 273.419 64.3864 -83.6196 286.366 -6.74352 -30.9974 274.233 73.6189 17.0901 279.129 36.8094 -6.56609 278.832 51.2155 
4.23779 9.08325 -99.4964 24.9694 10.736 -96.2355 13.1427 10.7605 -98.5469 1.29165 3.18639 -99.9409 -59.2961 -8.99088 80.0196 
-24.3477 293.21 -42.2324 -23.4862 194.977 -60.9277
1 0 2 4 3
4
-56.4338 272.328 62.8467 -80.5877 285.182 -2.68626 0 0 0 13.0457 276.995 36.5279 -18.1507 275.278 63.5276 
13.9247 13.8579 -98.0513 15.8046 8.58199 -98.3695 0 0 0 -17.669 11.1783 -97.7898 62.7616 8.96575 -77.3344 
-24.2279 293.19 -42.3883 -22.9899 195.041 -61.4993
1 0 4 2 3
3
0 0 0 -76.4821 284.898 -1.34179 0 0 0 10.5044 278.797 36.7655 -29.6382 273.608 73.4512 
0 0 0 3.3173 18.3066 -98.2541 0 0 0 -11.0019 7.42784 -99.115 28.2312 3.5184 -95.8677 
-24.1394 293.168 -42.3182 -22.7718 195.021 -61.4316
1 4 2 0 3
2
0 0 0 -75.2072 285.152 -1.34299 0 0 0 9.16944 278.131 35.3678 0 0 0 
0 0 0 10.9429 9.28474 -98.9649 0 0 0 79.1077 0.422579 -61.1702 0 0 0 
-24.2059 293.141 -41.6932 -22.4659 195.059 -61.1094
1 4 2 0 3
1
0 0 0 0 0 0 0 0 0 6.54326 277.862 35.3336 0 0 0 
0 0 0 0 0 0 0 0 0 -25.6487 15.9427 -95.3309 0 0 0 
-25.2609 293.09 -35.1994 -23.7156 195.147 -55.3181
4 2 1 0 3
1
0 0 0 0 0 0 0 0 0 10.3917 275.806 22.0824 0 0 0 
0 0 0 0 0 0 0 0 0 -87.5919 1.28783 48.2286 0 0 0 
-25.9823 292.99 -32.9965 -24.8092 195.254 -54.1201
4 2 1 0 3
1
0 0 0 0 0 0 0 0 0 -30.8483 272.914 73.2648 0 0 0 
0 0 0 0 0 0 0 0 0 40.8745 2.78224 -91.2224 0 0 0 
-26.5639 292.865 -32.1616 -25.9136 195.276 -53.9773
3 4 2 1 0
0
0 0 0 0 0 0 0 0 0 0 0 0 0 0 0 
0 0 0 0 0 0 0 0 0 0 0 0 0 0 0 
-26.7626 292.791 -31.4982 -26.2152 195.243 -53.5001
4 3 2 1 0
1
0 0 0 0 0 0 0 0 0 11.6063 273.814 21.923 0 0 0 
0 0 0 0 0 0 0 0 0 -43.025 -0.166895 90.2708 0 0 0 
-26.7163 292.61 -29.9894 -26.0563 195.178 -52.4973
4 2 1 0 3
0
0 0 0 0 0 0 0 0 0 0 0 0 0 0 0 
0 0 0 0 0 0 0 0 0 0 0 0 0 0 0 
-26.6444 292.413 -29.5349 -25.4194 195.11 -52.5735
4 3 2 1 0
0
0 0 0 0 0 0 0 0 0 0 0 0 0 0 0 
0 0 0 0 0 0 0 0 0 0 0 0 0 0 0 
-26.646 292.219 -29.4184 -25.356 195.014 -52.8615
4 3 2 1 0
1
0 0 0 0 0 0 0 0 0 10.272 272.627 25.6799 0 0 0 
0 0 0 0 0 0 0 0 0 -72.7082 0.572455 68.6526 0 0 0 
-26.6658 292.041 -30.6322 -26.7767 194.723 -53.6365
4 2 1 0 3
2
0 0 0 -26.6909 269.867 73.7178 0 0 0 11.5097 271.535 21.7405 -71.2002 285.24 -0 
0 0 0 -9.99144 12.7892 -98.6742 0 0 0 -73.6885 1.40071 67.5873 -86.5909 16.5009 -47.2201 
-25.3094 291.914 -37.7669 -27.1292 194.307 -59.4357
4 1 2 0 3
3
-52.4038 271.384 65.1852 -28.032 270.543 68.8058 0 0 0 14.1667 273.452 36.0607 -76.0853 283.42 -0 
41.2117 11.5647 -90.3762 45.6525 3.70655 -88.8938 0 0 0 -92.4004 10.8902 -36.6546 -10.26 29.7945 -94.9053 
-24.1823 291.789 -38.9579 -25.5947 194.092 -60.2509
4 0 1 2 3
5
-53.548 270.707 65.0225 -27.985 270.09 69.9626 -5.09481 270.441 56.0429 18.2353 276.561 36.4707 -77.2239 282.702 -1.33145 
-6.03693 15.8513 -98.5509 -50.2705 9.94428 -85.8719 -16.2537 17.2693 -97.1473 5.02789 19.521 -97.9472 23.7272 14.6366 -96.0353 
-23.5716 291.73 -39.4186 -23.455 193.969 -60.4592
4 0 1 2 3
5
-56.0743 270.593 64.9952 -29.3065 270.546 67.5324 -5.09215 270.3 56.0137 18.2659 277.025 39.1413 -77.4778 283.631 -2.67165 
65.5351 10.2021 -74.8403 11.9778 13.3753 -98.375 -15.5281 17.4832 -97.2277 -6.66326 5.81391 -99.6082 -2.35959 33.2781 -94.2709 
-23.2876 291.706 -39.5607 -22.6621 193.946 -60.5971
4 0 1 2 3
5
-63.0957 273.407 64.3834 -26.5832 268.778 74.6862 -3.82996 271.068 61.2793 23.2576 274.346 37.4707 -78.4966 282.49 -1.33045 
29.5221 6.92209 -95.2918 -1.81104 16.5668 -98.6015 -22.0153 18.0337 -95.8651 -27.4156 14.5113 -95.0674 -8.29262 31.6137 -94.5082 
-22.6697 291.666 -39.7774 -23.019 193.746 -60.0666
4 0 1 2 3
5
-63.9835 271.708 63.9835 -27.8211 268.508 75.8756 1.26694 269.006 65.881 33.754 275.65 36.3505 -80.1959 283.796 -2.6732 
1.37916 17.8078 -98.392 13.2561 14.8527 -97.9983 12.8746 32.631 -93.6454 -37.5041 13.0109 -91.7832 4.71623 29.3881 -95.4678 
-22.2904 291.633 -39.8367 -22.9317 193.709 -60.0993
4 0 1 2 3
5
-69.2855 272.429 64.1533 -29.0805 268.46 75.8623 6.30951 267.936 66.8808 41.2143 273.466 33.4866 -81.3582 283.189 -1.33374 
16.8808 18.8922 -96.7374 10.9433 16.0571 -98.0939 6.13615 17.513 -98.2631 -37.9449 14.2786 -91.4128 45.7352 13.8887 -87.8373 
-21.903 291.602 -39.7382 -23.5635 193.795 -60.4994
4 0 1 2 3
5
-71.8012 272.238 61.5439 -27.8253 268.548 75.8872 7.57168 267.945 65.6212 44.2125 268.214 30.3171 -82.92 283.97 -4.01226 
16.9321 20.66 -96.3663 7.89829 15.9773 -98.3989 0.547911 11.8436 -99.2947 -43.2775 21.3623 -87.5826 -0.37815 35.8424 -93.3551 
-21.5411 291.575 -39.7337 -23.9766 193.886 -60.9693
4 0 1 2 3
5
-71.4805 271.022 61.269 -25.3457 269.079 76.0371 10.0458 266.624 65.2976 46.7831 268.468 27.817 -83.9548 282.95 -2.66523 
18.6672 19.4522 -96.2972 3.72002 17.6985 -98.351 3.8403 23.0155 -97.2396 -40.8346 24.419 -87.9559 6.33468 32.4417 -94.3791 
-21.0037 291.551 -40.0262 -24.0401 193.978 -61.7145
4 0 1 2 3
5
-75.3054 271.006 58.7127 -27.8697 268.977 76.0083 12.4937 265.276 63.7181 47.9737 268.056 25.2493 -85.604 284 -5.35025 
24.5757 21.9933 -94.4052 3.59761 14.5047 -98.877 4.2642 28.9181 -95.6324 -42.9992 25.1332 -86.7144 2.45064 35.8612 -93.3165 
-20.5462 291.529 -40.3894 -24.2024 194.018 -62.2609
4 0 1 2 3
5
-75.2079 270.655 58.6366 -25.4097 269.759 76.2292 12.4348 264.025 63.4176 50.632 268.764 26.5818 -86.9136 283.909 -5.34853 
25.5616 22.8195 -93.9461 1.78935 12.207 -99.236 3.82628 27.7421 -95.9986 -66.3335 17.8996 -72.66 2.25185 35.4764 -93.4685 
-20.2792 291.518 -40.3944 -24.159 194.043 -62.3867
4 0 1 2 3
5
-76.3892 270.325 58.565 -25.4702 270.401 75.1371 12.3919 263.114 63.1988 50.1843 266.387 25.0922 -88.3824 284.333 -8.03477 
44.374 16.0198 -88.1721 5.91824 17.9618 -98.1955 3.60325 23.1221 -97.2234 -66.1034 24.5777 -70.8963 16.763 31.5658 -93.3949 
-19.9084 291.487 -40.4893 -25.2923 194.16 -62.8178
4 0 1 2 3
5
-76.2043 269.67 58.4233 -25.4447 270.13 76.3341 12.404 263.37 62.0199 49.9014 264.885 24.9507 -89.6202 284.012 -6.68807 
44.1582 17.2805 -88.0422 0.990588 11.9965 -99.2729 -20.3315 17.6714 -96.3034 -59.4639 28.2819 -75.2607 44.9626 18.9811 -87.2816 
-19.9143 291.466 -40.5734 -25.8694 194.249 -63.23
4 0 1 2 3
5
-75.9759 268.862 58.2482 -26.7274 270.236 76.364 12.3694 262.635 63.0838 47.1846 263.647 23.5923 -89.3325 283.1 -6.66661 
42.3877 18.5096 -88.6605 4.98453 10.944 -99.2743 0.177854 17.3743 -98.479 -43.5444 30.7563 -84.6046 17.3011 31.5271 -93.3098 
-19.952 291.444 -40.5629 -26.1028 194.301 -63.4821
4 0 1 2 3
5
-73.5297 269.178 58.3166 -28.0357 270.579 76.461 12.3652 262.548 63.0627 47.1231 263.303 23.5615 -89.2748 282.917 -6.6623 
26.2512 18.3093 -94.7399 4.25227 10.2789 -99.3794 -0.935633 17.951 -98.3712 -43.2239 31.2474 -84.589 30.6492 22.1658 -92.5705 
-19.9226 291.433 -40.5589 -26.1987 194.29 -63.4465
4 0 1 2 3
5
-68.6791 270.045 62.3199 -28.0387 270.608 76.4693 13.5681 261.898 62.9067 48.1733 262.269 25.9395 -88.1097 283.456 -6.67498 
21.3185 14.0977 -96.6787 7.76803 11.1951 -99.0673 -0.433518 20.6183 -97.8504 -63.412 28.5418 -71.863 28.9722 16.4448 -94.2878 
-19.9372 291.397 -40.5647 -26.1628 194.273 -63.5467
4 0 1 2 3
5
-68.4959 269.325 62.1537 -28.0219 270.446 76.4234 14.8195 262.216 62.9831 48.1106 261.928 25.9057 -86.7962 283.526 -5.3413 
19.4291 12.5764 -97.2849 7.19304 11.5727 -99.0673 -4.69138 20.6465 -97.7329 -64.9551 28.9038 -70.3235 28.5013 14.8823 -94.69 
-19.8239 291.383 -40.4495 -26.2013 194.25 -63.3517
4 0 1 2 3
5
-64.9325 270.332 62.3861 -28.0253 270.479 75.1588 17.2663 261.865 61.6654 46.8965 262.037 25.9165 -86.7393 283.34 -6.67225 
30.0881 19.539 -93.3431 9.82153 14.1995 -98.4983 -26.3458 17.8694 -94.7976 -42.7851 29.0055 -85.6044 27.2755 23.8817 -93.1972 
-19.7016 291.353 -40.4004 -25.9644 194.355 -63.8958
4 0 1 2 3
5
-59.7489 269.921 63.5627 -27.8435 268.724 75.9369 20.9301 261.413 60.3279 44.0206 267.05 30.1856 -86.7045 283.226 -6.66958 
31.8271 22.639 -92.0571 8.6488 14.916 -98.5023 -15.1336 16.2799 -97.4984 -59.6392 19.7602 -77.7991 28.0723 15.6675 -94.6915 
-19.4881 291.324 -40.4239 -25.6693 194.323 -63.931
4 0 1 2 3
5
-58.3029 269.115 63.3728 -29.2179 269.729 76.2207 20.8202 260.04 60.0111 34.5221 271.48 28.1291 -87.8288 282.552 -6.6537 
25.2864 19.2395 -94.8179 10.9484 12.9176 -98.5559 -8.72212 21.4429 -97.2837 -75.657 13.4481 -63.9935 16.7323 24.2503 -95.5613 
-19.324 291.296 -40.4052 -24.9046 194.207 -63.6981
4 0 1 2 3
4
-54.5711 269.463 65.9929 -30.4115 269.049 77.2959 20.7761 259.49 58.662 0 0 0 -87.8131 282.501 -5.32201 
-3.19221 9.13794 -99.5304 -49.7252 6.06677 -86.5483 3.5932 16.7815 -98.5163 0 0 0 24.6903 19.395 -94.9433 
-18.9235 291.269 -39.9356 -24.1437 194.172 -63.2828
4 0 1 3 2
3
0 0 0 -31.7283 269.471 76.148 20.6402 257.792 60.7064 0 0 0 -86.667 283.104 -6.66669 
0 0 0 -10.3921 12.9452 -98.6125 -29.0984 21.2312 -93.2873 0 0 0 24.7148 18.0074 -95.2098 
-18.618 291.239 -39.5175 -24.3755 194.27 -63.2623
4 1 3 0 2
3
0 0 0 -39.4205 270.001 69.9395 21.8512 257.756 58.2699 0 0 0 -85.5661 283.875 -5.34788 
0 0 0 23.6498 13.5413 -96.215 -28.6857 20.9138 -93.4866 0 0 0 25.6208 14.2769 -95.602 
-18.3665 291.21 -38.9363 -24.1108 194.464 -63.5798
4 1 3 0 2
3
0 0 0 -38.07 269.443 71.064 21.7673 256.766 59.2554 0 0 0 -85.5564 283.843 -5.34727 
0 0 0 16.7531 15.9625 -97.2858 -20.1058 21.9388 -95.4696 0 0 0 27.9787 13.9728 -94.984 
-18.0736 291.194 -38.5455 -24.1356 194.587 -63.6531
4 1 3 0 2
3
0 0 0 -37.9658 268.705 70.8694 21.6875 255.824 59.0381 0 0 0 -84.2802 284.047 -6.68891 
0 0 0 21.6267 12.8098 -96.7894 -29.6316 22.4197 -92.8403 0 0 0 34.7458 12.3094 -92.9581 
-17.6647 291.158 -38.075 -23.7695 194.765 -63.9814
4 1 3 0 2
3
0 0 0 -37.7641 267.278 69.2342 23.9505 254.267 57.4811 0 0 0 -84.1428 283.584 -5.3424 
0 0 0 20.5817 18.1917 -96.1533 4.89883 23.8541 -96.9896 0 0 0 34.2089 11.9174 -93.208 
-16.7757 291.093 -37.7112 -23.7505 195.009 -64.5325
4 1 3 0 2
3
0 0 0 -37.6751 266.648 72.8385 23.8646 253.355 57.275 0 0 0 -82.778 283.484 -6.67565 
0 0 0 -3.65227 13.3877 -99.0325 3.05471 23.4707 -97.1586 0 0 0 42.6548 15.7437 -89.0657 
-16.5143 291.044 -37.7854 -24.2227 195.14 -65.044
4 1 3 0 2
3
0 0 0 -38.8428 266.044 71.4206 22.5945 252.495 58.2699 0 0 0 -82.6813 283.153 -6.66785 
0 0 0 -12.4153 9.93222 -98.728 -30.4669 25.6225 -91.7347 0 0 0 40.9195 16.316 -89.7741 
-16.3351 290.99 -37.7071 -24.4111 195.271 -65.5013
4 1 3 0 2
3
0 0 0 -38.7508 265.414 71.2515 21.4232 252.706 57.1284 0 0 0 -82.5996 282.873 -6.66126 
0 0 0 10.6066 18.1451 -97.7663 -26.0611 26.8855 -92.7253 0 0 0 38.4367 16.3928 -90.8509 
-16.2711 290.93 -37.7114 -24.9365 195.349 -65.8056
4 1 3 0 2
3
0 0 0 -38.7199 265.203 71.1946 21.3788 252.183 57.01 0 0 0 -83.8899 282.732 -5.32634 
0 0 0 21.49 16.2439 -96.3033 -36.4857 32.2548 -87.3408 0 0 0 38.8796 16.4392 -90.6539 
-16.2585 290.897 -37.6242 -25.0411 195.337 -65.7521
4 1 3 0 2
3
0 0 0 -41.2277 265.266 68.7129 17.9287 253.784 54.9815 0 0 0 -82.5366 282.657 -5.32494 
0 0 0 14.8861 -13.9883 97.8914 -19.5298 25.7548 -94.6323 0 0 0 20.148 18.6004 -96.1669 
-16.2467 290.824 -37.4313 -24.304 195.094 -65.1951
4 1 3 0 2
4
31.2314 265.251 23.7359 -51.4706 266.551 71.5567 17.8369 252.484 57.0782 0 0 0 -82.4289 282.288 -5.31799 
-10.4497 -31.5275 94.3229 3.78526 14.8976 -98.8116 -17.9073 28.8982 -94.0437 0 0 0 37.287 18.8489 -90.8537 
-16.2396 290.757 -37.6647 -23.7993 194.927 -65.2239
4 1 3 2 0
4
36.1369 264.581 34.8908 -38.6345 264.618 66.0525 18.8976 250.779 60.2361 0 0 0 -82.345 282.001 -3.98444 
-65.9828 27.2637 -70.0212 13.6987 -14.9712 97.9194 -7.30783 25.4791 -96.4231 0 0 0 23.7091 19.8613 -95.0968 
-16.1385 290.697 -38.3723 -23.2145 194.804 -65.838
4 1 3 2 0
4
38.669 264.854 33.6795 -34.8657 264.39 73.4669 17.7165 250.78 60.2362 0 0 0 -82.2644 281.725 -5.30738 
-16.6526 31.5478 -93.4207 16.0121 20.0154 -96.6592 -23.4478 29.0206 -92.7793 0 0 0 22.8291 21.6894 -94.9126 
-16.026 290.645 -38.8027 -22.6034 194.722 -66.2876
4 1 3 2 0
5
43.174 261.915 33.3057 -32.4128 264.696 74.7987 18.9225 251.11 59.1329 -54.739 264.149 63.4475 -82.249 281.672 -5.30639 
-27.991 34.1761 -89.7134 6.69459 19.2423 -97.9026 -11.1557 25.7267 -95.9879 66.3891 20.556 -71.9023 21.5752 26.5154 -93.9758 
-15.923 290.6 -38.935 -22.275 194.653 -66.3916
4 3 1 2 0
5
44.5945 263.017 30.9684 -28.7418 265.333 76.2281 18.907 250.904 61.4476 -56.1098 264.747 62.3442 -81.1057 282.31 -6.64801 
-39.5574 32.5087 -85.8976 7.00005 15.2458 -98.5828 -24.6803 28.6853 -92.5637 4.42717 27.0719 -96.164 30.8553 16.9115 -93.6053 
-15.7581 290.578 -39.0062 -21.9562 194.595 -66.3715
4 3 1 2 0
5
48.2982 262.949 29.722 -27.528 265.679 77.579 17.7702 251.54 61.6035 -58.8897 266.04 62.6486 -82.4476 282.353 -6.649 
-40.8948 33.7598 -84.7814 11.5826 12.9426 -98.4801 -22.9734 28.0295 -93.2018 7.44138 25.7287 -96.3466 39.6518 21.2379 -89.3123 
-15.6172 290.538 -39.022 -22.0361 194.464 -66.0144
4 3 1 2 0
5
50.5256 261.657 30.8083 -27.5474 265.866 76.3814 17.8352 252.459 61.8286 -61.3431 265.812 62.595 -82.4841 282.478 -6.65195 
-43.486 34.3811 -83.228 5.54648 20.4936 -97.7203 -12.2681 23.3232 -96.4651 14.4888 23.608 -96.0871 40.7124 20.8127 -88.9344 
-15.3244 290.499 -39.0962 -22.3048 194.335 -65.624
4 3 1 2 0
5
52.9432 261.425 28.3184 -27.5768 266.15 76.4631 17.9248 253.727 62.1392 -64.2085 267.318 60.4315 -85.4281 283.417 -8.00888 
-43.4331 34.3433 -83.2712 6.08955 21.2269 -97.5312 -11.7585 23.8295 -96.4048 34.8863 18.6012 -91.8528 16.3532 35.5753 -92.0161 
-15.1974 290.446 -39.137 -23.0888 194.181 -65.0382
4 3 1 2 0
5
52.9699 261.557 28.3328 -27.6429 266.788 77.9028 16.9278 256.731 62.8748 -67.1475 269.004 60.8129 -85.722 284.392 -9.37584 
-46.9552 33.9019 -81.5222 11.3374 14.2936 -98.3217 -0.302268 14.9636 -98.8737 34.4041 17.7415 -92.2041 58.5521 14.4486 -79.7678 
-15.2788 290.415 -39.1212 -24.0763 193.99 -64.1178
4 3 1 2 0
5
53.1844 262.616 27.2106 -27.8027 268.33 77.0892 15.8414 258.735 64.5841 -68.5989 269.73 60.9768 -87.5693 286.051 -8.08332 
-66.6148 27.7459 -69.2289 5.6411 15.6209 -98.6112 0.711591 8.78034 -99.6112 23.3378 22.3493 -94.6354 56.055 15.4106 -81.3655 
-15.3123 290.389 -39.0617 -24.4511 193.747 -63.0794
4 3 1 2 0
5
53.1834 262.611 25.9733 -27.882 269.096 77.3092 14.8332 262.457 64.2772 -70.1372 270.764 59.9354 -89.4287 287.699 -9.48486 
-71.6584 27.0393 -64.2958 -7.13375 18.9754 -97.9237 -30.7845 18.2207 -93.3827 15.483 24.8103 -95.6281 20.7962 25.0622 -94.5484 
-15.4789 290.366 -38.9065 -24.8701 193.496 -61.8854
4 3 1 2 0
5
55.7797 263.19 27.2701 -27.9617 269.865 78.8011 14.8599 262.93 65.6312 -70.1559 270.836 59.9514 -90.8911 288.039 -8.1395 
-63.5463 27.8267 -72.0246 10.4821 8.88893 -99.0511 -27.9146 14.6747 -94.8969 25.7722 19.2547 -94.684 72.172 12.0727 -68.1575 
-15.5018 290.346 -38.6402 -25.1579 193.386 -61.1218
4 3 1 2 0
5
55.8523 263.532 26.0644 -27.9644 269.891 78.8087 14.8676 263.065 65.6651 -70.1407 270.778 61.2137 -91.0277 288.472 -8.15173 
-65.2982 27.0755 -70.7323 9.52097 8.55311 -99.1776 -29.0127 17.289 -94.1241 39.1314 14.8673 -90.8168 70.4159 9.05082 -70.425 
-15.5292 290.338 -38.6384 -25.3055 193.352 -60.9596
4 3 1 2 0
5
55.6287 262.477 25.9601 -26.8182 271.154 79.1776 14.875 263.197 65.698 -70.0572 270.455 61.1408 -91.3074 289.359 -9.53958 
-63.6926 29.1705 -71.3606 7.93264 6.03638 -99.5019 -27.9364 17.1468 -94.4751 40.6805 14.429 -90.2048 31.8779 24.375 -91.5951 
-15.6856 290.316 -38.5536 -25.5686 193.321 -60.7873
4 3 1 2 0
5
55.6106 262.392 25.9516 -26.9086 272.068 78.1631 14.8865 263.401 65.7488 -70.0266 270.337 61.1142 -91.3687 289.553 -9.54598 
-63.623 29.4238 -71.3187 7.19227 6.16123 -99.5505 -27.0335 16.3933 -94.8707 37.6557 15.2333 -91.3783 41.6668 16.7278 -89.3536 
-15.6087 290.304 -38.5987 -25.462 193.319 -60.8869
4 3 1 2 0
5
54.216 261.625 25.8758 -26.9037 272.018 78.1487 14.8646 263.013 65.6519 -70.0426 270.399 62.4016 -91.3159 289.385 -9.54046 
-62.992 29.8098 -71.7174 8.59348 5.83987 -99.4588 -27.9181 17.4361 -94.4275 19.3935 19.4013 -96.1638 39.1619 17.52 -90.3293 
-15.622 290.294 -38.5855 -25.6101 193.288 -60.7265
4 3 1 2 0
