5
-26.4988 312.578 82.4407 2.96228 314.486 72.5758 41.5239 304.022 38.6602 -65.6436 302.998 69.9247 -97.1852 307.986 -4.35157 
18.6218 -11.6072 -97.5628 -6.287 -17.9658 -98.1718 -59.5039 -8.8085 -79.8855 15.4606 4.00595 -98.7164 37.3126 5.56981 -92.6107 
-17.3579 317.642 -38.1759 -15.8475 218.499 -51.1502
4 3 0 1 2
5
-24.9607 311.755 83.6919 2.95543 313.759 72.408 41.395 303.078 38.5401 -66.9255 302.342 69.7734 -98.7272 308.271 -4.35561 
-5.73833 -6.46356 -99.6258 -10.7212 -17.5272 -97.8665 -61.4004 -7.69979 -78.5538 17.0597 3.39917 -98.4754 36.4815 6.3439 -92.8916 
-18.2521 317.673 -37.389 -17.4872 218.61 -51.0231
4 3 0 1 2
5
-24.9591 311.735 83.6864 2.94169 312.3 72.0714 41.4063 303.161 38.5507 -66.8596 302.045 69.7047 -98.6241 307.949 -5.80142 
14.0167 -11.2101 -98.3762 6.80535 -20.4342 -97.6531 -31.6615 -12.3666 -94.0458 14.1516 4.5059 -98.891 75.1121 -0.425029 -66.0151 
-18.3944 317.684 -37.2687 -17.437 218.739 -51.7209
4 3 0 1 2
5
-24.9383 311.475 82.1497 4.41019 312.134 70.563 41.3249 302.566 37.0499 -66.7675 301.629 68.1881 -98.6512 308.034 -5.80301 
11.9574 -12.3125 -98.5161 -10.8852 -16.6312 -98.0047 -27.1407 -8.99069 -95.8256 21.854 2.96114 -97.5379 74.5377 -0.73296 -66.6603 
-18.4194 317.689 -37.3414 -17.8233 218.778 -52.0453
4 3 0 1 2
5
-26.4211 311.662 82.1989 5.86954 311.566 70.4345 42.8578 303.329 37.1434 -66.7278 301.449 68.1475 -98.6166 307.926 -5.80098 
12.5396 -13.0813 -98.3445 -8.62774 -20.0074 -97.5975 -28.6804 -8.36211 -95.4333 27.9307 1.51644 -96.0082 79.4242 6.7342 -60.3859 
-18.4644 317.698 -37.3524 -18.1346 218.859 -52.5398
4 3 0 1 2
5
-24.9415 311.515 83.6275 5.88036 312.14 72.0344 44.268 303.203 37.128 -66.693 301.292 68.112 -97.0858 307.671 -5.79617 
12.9711 -14.1183 -98.1449 -12.5058 -17.7694 -97.6107 -31.7991 -9.2682 -94.3553 20.787 1.98794 -97.7954 31.4649 8.90385 -94.5023 
-18.6595 317.706 -37.6819 -18.5203 218.848 -52.7522
4 3 0 1 2
5
-24.954 311.671 83.6693 5.87546 311.88 70.5056 45.5983 302.554 37.0486 -66.5785 300.775 67.995 -98.5089 307.59 -5.79464 
12.6814 -13.8773 -98.2171 -4.78208 -18.7238 -98.115 -32.9473 -9.46716 -93.9406 21.5494 2.04883 -97.629 84.8399 7.12266 -52.4543 
-18.7473 317.711 -37.8068 -18.0482 218.891 -53.1033
4 3 0 1 2
5
-24.9103 311.126 82.0576 7.33306 311.401 70.3974 45.3933 301.195 36.8821 -65.1938 300.922 68.0283 -97.2257 308.114 -4.35339 
12.9835 -14.0046 -98.1595 -5.4111 -21.5666 -97.4967 -34.098 -8.46237 -93.6254 20.0934 1.72744 -97.9452 39.7234 2.24236 -91.7443 
-18.7172 317.715 -37.7972 -17.8584 218.915 -53.2136
4 3 0 1 2
5
-23.346 309.811 83.17 8.75139 309.693 71.4697 46.2718 297.72 36.4566 -63.8557 301.295 68.1127 -96.9804 311.993 -4.4082 
12.2814 -14.3884 -98.1944 2.59999 -20.7994 -97.7785 -34.4655 -7.17704 -93.5982 22.1014 -1.39903 -97.517 85.6103 -2.36949 -51.6261 
-18.6488 317.717 -37.6279 -20.6833 219.113 -54.1537
4 3 0 1 2
5
-23.2808 308.946 82.9378 8.72038 308.595 72.6698 47.314 295.472 36.1813 -63.8626 301.328 68.1201 -95.6593 312.478 -4.41505 
12.3962 -12.308 -98.4624 -19.3348 -19.1628 -96.2235 -34.8714 -5.68877 -93.5501 14.804 -0.334697 -98.8976 33.7409 -7.1795 -93.8616 
-18.5818 317.717 -37.6256 -23.28 219.322 -54.8447
4 3 0 1 2
5
-20.2298 306.81 82.3643 10.0724 305.522 70.5071 46.2 288.515 33.9706 -62.74 302.759 67.0177 -92.4518 316.613 -5.96463 
4.49872 -7.83469 -99.5911 1.57793 -17.6128 -98.4241 -49.2893 1.11079 -87.0019 18.7828 -5.69548 -98.0549 72.8792 -11.8335 -67.4432 
-18.1299 317.716 -37.771 -29.4371 220.126 -56.434
4 3 0 1 2
5
-20.1294 305.287 81.9556 9.98651 302.915 71.3322 44.5588 286.698 32.4064 -62.6952 302.543 68.3947 -91.4646 318.367 -5.99768 
4.11422 -5.26624 -99.7765 -22.0779 -12.888 -96.6771 -35.0329 1.32009 -93.6534 9.43446 -0.123491 -99.5539 69.2082 -14.1925 -70.7729 
-17.9868 317.714 -38.0227 -34.561 221.17 -58.1322
4 3 0 1 2
5
-20.1092 304.981 81.8734 8.49935 300.773 70.8279 44.0553 283.458 33.3752 -62.9226 303.64 68.6428 -91.6133 324.2 -4.58066 
1.75621 -4.07363 -99.9016 -48.0926 1.18879 -87.668 -37.3601 3.56191 -92.6906 16.6913 -1.62325 -98.5838 50.9042 -30.249 -80.5839 
-17.9609 317.711 -38.147 -39.7198 222.376 -59.0736
4 3 0 1 2
5
-20.0418 303.958 83.0302 8.44394 298.813 70.3662 41.7918 277.298 31.3439 -62.615 309.183 69.8958 -87.8364 333.037 -3.13702 
-3.61567 -0.288691 -99.9342 -27.4858 -7.13414 -95.8834 -42.7325 14.4666 -89.2449 17.9322 -16.7564 -96.9415 30.7081 -53.541 -78.6789 
-18.0934 317.707 -38.1654 -48.5772 224.831 -59.2557
4 3 0 1 2
5
-19.9313 302.283 82.5726 6.86785 291.646 68.6785 37.9701 268.736 30.3761 -59.6778 309.054 68.4112 -82.6493 337.475 -4.76823 
-9.22724 4.2292 -99.4835 -47.318 15.8053 -86.6672 -38.9254 17.8821 -90.3606 36.594 0.474919 -93.0626 25.9707 -34.7405 -90.1034 
-18.2968 317.703 -37.9208 -59.0371 229.233 -60.5749
4 3 0 1 2
5
-21.26 300.938 79.3707 1.36361 289.532 68.1807 31.5094 257.319 29.0856 -60.1351 311.422 68.9354 -79.5633 344.764 -3.24748 
-7.44145 3.57794 -99.6585 -57.227 22.7844 -78.7778 -63.8487 49.7501 -58.722 28.918 -6.80357 -95.4854 51.1534 -57.7429 -63.6324 
-18.7461 317.704 -38.0666 -71.6636 236.339 -62.1377
4 3 0 1 2
5
-24.3979 304.725 77.4992 -2.74585 291.509 65.9003 27.6065 254.852 27.6065 -60.3208 312.384 67.6769 -74.7344 344.959 -6.49864 
-7.08126 -1.32572 -99.7402 1.95976 -22.2092 -97.4829 -40.4743 42.8155 -80.8002 26.1805 -5.5785 -96.3507 4.40195 -63.8557 -76.8315 
-19.8247 317.712 -37.7943 -78.3028 240.37 -62.2587
4 3 0 1 2
4
-27.5136 307.468 78.1966 -6.79184 288.418 67.9184 16.4 248.726 26.9429 -59.0703 313.555 64.9773 0 0 0 
5.86966 -17.4602 -98.2888 3.35338 -18.6857 -98.1815 -24.7064 48.7837 -83.7242 19.823 -2.50094 -97.9836 0 0 0 
-22.0887 317.747 -30.7114 -91.2952 249.497 -54.2133
3 0 1 2 4
3
-28.6143 303.78 61.5208 0 0 0 5.76291 244.724 26.5094 -59.6162 316.453 65.5778 0 0 0 
-69.6983 68.469 21.3107 0 0 0 -34.8668 64.9554 -67.5655 -4.43135 6.7089 -99.6762 0 0 0 
-25.7269 317.84 -20.9649 -103.245 258.635 -43.0052
3 0 2 4 1
2
-29.5443 298.717 74.5642 0 0 0 0 0 0 -60.5408 321.361 65.0814 0 0 0 
1.05918 -18.408 -98.2854 0 0 0 0 0 0 -3.76121 2.9757 -99.8849 0 0 0 
-28.0197 318.11 -17.9739 -110.521 265.691 -39.0896
3 0 4 2 1
1
-32.2182 297.425 75.6426 0 0 0 0 0 0 0 0 0 0 0 0 
-49.2434 64.5154 -58.4196 0 0 0 0 0 0 0 0 0 0 0 0 
-27.4913 318.938 -29.074 -112.627 271.535 -51.5449
0 4 3 2 1
1
-33.1931 293.658 67.7692 0 0 0 0 0 0 0 0 0 0 0 0 
52.3475 -81.8015 23.8378 0 0 0 0 0 0 0 0 0 0 0 0 
-27.6285 320.483 -31.7652 -116.605 281.376 -55.2965
0 4 3 2 1
1
-39.0893 286.197 72.787 0 0 0 0 0 0 0 0 0 0 0 0 
20.2095 1.12093 -97.9302 0 0 0 0 0 0 0 0 0 0 0 0 
-25.0377 322.598 -50.9383 -117.592 295.215 -77.0885
0 4 3 2 1
1
-37.2115 292.63 77.1793 0 0 0 0 0 0 0 0 0 0 0 0 
-14.3785 -24.3923 -95.9076 0 0 0 0 0 0 0 0 0 0 0 0 
-25.1098 317.928 -43.2172 -122.077 307.753 -65.4414
0 4 3 2 1
1
-35.0209 297.435 78.4468 0 0 0 0 0 0 0 0 0 0 0 0 
8.78588 7.10177 -99.3598 0 0 0 0 0 0 0 0 0 0 0 0 
-28.8353 310.078 -6.78391 -127.006 325.18 -18.3761
0 4 3 2 1
1
-33.7411 298.506 75.9174 0 0 0 0 0 0 0 0 0 0 0 0 
16.2609 38.6794 -90.7716 0 0 0 0 0 0 0 0 0 0 0 0 
-31.1859 306.157 -5.51637 -126.373 336.28 -11.1725
0 4 3 2 1
1
-36.9521 290.59 60.2183 0 0 0 0 0 0 0 0 0 0 0 0 
-10.6658 5.37859 -99.284 0 0 0 0 0 0 0 0 0 0 0 0 
-30.5385 305.156 -10.0807 -122.604 344.098 -12.8073
0 4 3 2 1
2
-21.8316 309.029 74.2275 0 0 0 0 0 0 -59.1003 266.991 16.3469 0 0 0 
-33.9123 -39.4446 -85.4054 0 0 0 0 0 0 30.318 50.0279 -81.1051 0 0 0 
-28.0967 306.075 -15.6411 -118.35 349.031 -18.6458
0 3 4 2 1
2
-34.1579 302.194 61.1996 0 0 0 0 0 0 -59.2818 267.811 15.1358 0 0 0 
20.0428 18.8759 96.1353 0 0 0 0 0 0 13.4715 57.304 -80.8379 0 0 0 
-27.1542 307.556 -17.8576 -116.874 351.586 -21.2812
0 3 4 2 1
3
-33.121 305.76 82.0824 0 0 0 -51.3897 287.143 60.8562 -66.6453 272.127 16.6613 0 0 0 
-1.60226 2.91054 -99.9448 0 0 0 -5.33796 25.0377 -96.6676 35.467 52.9776 -77.042 0 0 0 
-25.858 312.513 -20.912 -113.217 360.898 -26.1353
0 2 3 4 1
3
-34.7226 307.189 81.0193 0 0 0 -56.0482 290.257 58.7822 -74.6226 277.972 19.6375 0 0 0 
52.2771 71.132 -46.9824 0 0 0 -8.10946 40.5847 -91.0336 43.3963 52.4935 -73.2201 0 0 0 
-25.4405 317.264 -23.3196 -108.166 373.081 -29.71
0 2 3 4 1
3
-39.0564 307.138 81.0058 0 0 0 -59.1074 291.863 59.1074 -79.6626 281.909 22.5711 0 0 0 
44.911 59.5632 -66.5975 0 0 0 41.7247 47.1076 -77.7169 32.278 50.3767 -80.1269 0 0 0 
-25.2827 320.781 -25.6576 -102.71 383.786 -31.6039
0 2 3 4 1
5
-40.7396 308.933 81.4792 -16.0409 340.593 68.9761 -62.7442 296.051 59.9556 -84.3795 288.968 23.1363 22.9869 375.441 21.2186 
-1.2304 18.7015 -98.228 -24.4055 -30.8819 -91.9276 13.6184 27.3763 -95.2107 43.8731 45.4785 -77.5039 -22.3244 -31.3605 -92.2938 
-25.2464 323.553 -27.5213 -96.983 393.004 -33.0336
4 1 0 2 3
5
-43.9087 310.767 83.4266 -19.3229 341.898 77.2917 -67.4697 298.451 64.6585 -84.3883 293.736 19.3678 26.4156 373.916 21.1325 
3.58366 0.605796 -99.9339 10.3568 -10.174 -98.9405 -2.79982 36.2597 -93.1525 51.8289 38.638 -76.2946 -4.72471 -17.913 -98.269 
-25.5188 325.72 -29.7287 -90.4945 401.629 -33.7216
4 1 0 2 3
5
-44.048 311.753 83.6913 -17.7104 341.854 77.2816 -67.801 299.916 62.1509 -90.3592 295.165 23.6324 28.0656 372.443 21.0492 
19.0065 16.3095 -96.813 -5.19299 11.1792 99.2374 28.1727 27.2159 -92.0087 23.2759 47.8324 -84.6776 -43.7094 -36.9666 -81.9937 
-25.7979 327.419 -30.7488 -85.4133 407.666 -33.3005
4 1 0 2 3
5
-43.8737 310.519 83.3601 -17.7205 342.05 83.7698 -69.1889 299.81 63.5408 -91.2531 298.084 22.4623 29.7344 371.377 22.738 
-1.39266 6.90693 -99.7515 1.04205 -16.0027 -98.7058 -3.83622 39.3554 -91.8501 32.7656 42.607 -84.3271 -33.0462 -29.3564 -89.7004 
-25.8283 328.12 -31.1659 -83.0607 410.087 -33.5945
4 1 0 2 3
5
-47.1941 313.143 82.5897 -15.9632 338.942 84.6049 -70.9013 301.085 62.3932 -92.2736 301.418 21.2939 34.4049 365.255 22.3632 
-4.79439 8.96067 -99.4823 2.2161 -9.45193 -99.5276 -5.2636 42.2444 -90.4859 25.8088 45.4538 -85.2517 -56.9235 -24.3777 -78.5203 
-26.0702 329.679 -32.3931 -74.864 416.966 -32.0989
4 1 0 2 3
5
-47.349 314.171 81.3811 -14.3802 339.257 84.6836 -75.1501 306.854 65.0338 -97.9797 305.937 24.4949 38.7645 357.859 20.225 
-10.4966 20.2267 -97.3689 12.3752 -2.45327 -99.201 28.7218 26.5518 -92.0329 39.1022 30.5775 -86.8103 -38.4142 -13.0401 -91.4019 
-26.0706 330.398 -32.8323 -68.7033 420.837 -31.0329
4 1 0 2 3
5
-48.7316 313.546 81.2193 -14.3183 337.796 84.3191 -73.994 308.057 63.838 -95.1959 310.964 17.5746 41.7748 354.796 20.0519 
10.5526 14.3463 -98.4014 -4.98119 -13.3634 -98.9778 14.0505 28.216 -94.9023 42.8421 23.6244 -87.2149 -5.05239 -4.94584 -99.7497 
-25.8398 330.929 -33.1433 -61.62 424.232 -29.3395
4 1 0 2 3
5
-50.1188 312.988 82.5487 -14.1998 335.001 83.6213 -72.9067 309.601 61.2417 -98.736 312.9 22.1051 43.015 351.278 18.1986 
14.0177 17.1434 -97.5172 13.975 -4.91029 -98.8969 46.8647 19.1654 -86.2345 68.1257 19.0986 -70.6692 -15.5215 -8.57228 -98.4154 
-25.709 331.282 -33.1813 -54.357 426.96 -28.1919
4 1 0 2 3
5
-51.8278 314.412 81.4436 -14.1426 333.651 80.1415 -73.3894 311.651 58.7115 -96.6946 315.86 19.3389 42.3025 345.46 17.8972 
-1.26847 14.4984 -98.9353 -4.26994 -11.0448 -99.2964 -3.0129 30.204 -95.2819 44.0677 21.301 -87.2027 -58.8015 -6.31166 -80.6384 
-25.3992 331.525 -33.5301 -47.9631 428.731 -27.0593
4 1 0 2 3
5
-52.4158 317.98 79.3725 -15.6488 332.267 81.3739 -76.1782 317.151 56.7602 -96.493 320.126 16.5847 44.8889 340.398 17.6349 
0.262202 7.66805 -99.7052 -8.22228 -4.51369 -99.5591 33.4045 6.30853 -94.0444 47.7697 6.43681 -87.6163 -44.5996 -1.82405 -89.4849 
-25.0877 331.691 -33.7481 -41.6697 430.045 -26.5677
4 1 0 2 3
5
-54.708 322.666 77.503 -15.5818 330.844 79.4672 -75.1411 319.09 55.6044 -94.3335 323.057 12.1721 45.8327 335.569 15.8044 
16.5353 4.33062 -98.5283 -11.2289 -6.80414 -99.1343 22.5633 5.00828 -97.2924 43.4408 6.04598 -89.8685 -48.5817 -1.18697 -87.398 
-24.511 331.813 -34.4207 -35.0462 430.968 -26.8457
4 1 0 2 3
5
-52.9163 321.016 78.6185 -13.9756 329.712 79.1954 -75.5843 320.972 58.9558 -97.7531 324.307 18.3287 46.53 329.319 15.51 
6.13399 7.89445 -99.499 -1.36378 -16.9967 -98.5355 3.3874 9.61203 -99.4793 58.2047 -2.96964 -81.2613 -13.6015 6.63018 -98.8486 
-23.963 331.897 -35.2598 -28.8469 431.394 -26.5145
4 1 0 2 3
5
-51.4043 321.015 80.1302 -12.3497 327.772 80.2732 -74.4566 322.636 59.2614 -96.9671 326.805 18.4699 49.1562 326.162 15.3613 
19.0402 2.68083 -98.134 -4.71343 -16.5344 -98.5109 17.601 -0.686016 -98.4365 46.3283 -3.09059 -88.5671 -62.6953 5.15175 -77.7352 
-22.793 331.945 -36.944 -23.2185 431.486 -27.3838
4 1 0 2 3
5
-49.9742 321.542 80.2616 -10.7447 325.912 81.3526 -72.832 322.171 57.6587 -94.8405 330.118 13.9929 48.6645 322.9 13.6869 
11.5092 0.719239 -99.3329 -5.94138 -7.87607 -99.5121 60.2286 0.291738 -79.8275 40.5196 -13.3519 -90.4427 -29.2972 3.71174 -95.54 
-21.921 331.957 -37.0846 -17.9653 431.344 -26.7658
4 1 0 2 3
5
-49.8545 320.771 78.5586 -10.7125 324.935 81.1086 -72.8532 322.265 56.1577 -93.6947 331.565 12.4926 49.9399 321.321 13.62 
15.6845 1.67083 -98.7482 -4.21974 -9.8051 -99.4286 19.7508 3.15595 -97.9793 44.799 -10.8097 -88.748 -21.0481 8.22275 -97.4134 
-21.4982 331.943 -37.1373 -13.9982 431.069 -26.28
4 1 0 2 3
5
-51.4749 321.456 77.2123 -12.2274 324.526 79.4782 -73.1236 323.461 53.3193 -93.8326 332.053 10.9471 46.5832 319.061 15.0268 
18.8329 -0.47249 -98.2095 13.7401 -10.9931 -98.4396 -18.5443 1.10342 98.2593 39.6522 -0.543159 -91.8009 -69.7307 8.23267 -71.2029 
-21.3963 331.869 -36.8116 -10.9637 430.714 -25.8204
4 1 0 2 3
5
-50.0884 322.276 77.4094 -12.2268 324.509 81.0024 -73.394 324.657 58.1036 -95.5794 332.69 14.1019 49.5105 318.558 15.0032 
16.9905 2.39862 -98.5169 9.04599 -12.2189 -98.8376 17.4514 1.9645 -98.4459 41.2057 -6.09456 -90.9118 -67.0985 10.1584 -73.4479 
-21.1565 331.73 -36.7656 -9.12737 430.428 -26.0928
4 1 0 2 3
5
-53.2882 323.272 77.6486 -13.7582 324.581 81.0203 -75.1752 325.749 58.2991 -99.0635 333.871 14.1519 48.0433 318.778 16.5149 
-0.577054 2.49668 -99.9672 -12.1236 -5.6699 -99.1003 17.7592 5.45254 -98.2593 46.2617 -0.0484883 -88.6558 -16.0341 5.27164 -98.5653 
-21.03 331.582 -36.8242 -8.63163 430.245 -26.2514
4 1 0 2 3
5
-55.0284 324.556 77.9569 -15.3302 325.501 82.7829 -78.1788 325.48 61.3167 -102.098 333.509 14.1366 47.1165 322.713 18.2386 
-14.918 11.7074 -98.1855 -3.73454 -8.65938 -99.5544 18.2057 9.41574 -97.8769 49.5279 -1.49845 -86.8604 -35.6291 -6.76172 -93.1925 
-21.0529 331.509 -36.6459 -10.0447 430.378 -26.4622
4 1 0 2 3
5
-58.0566 324.394 80.9736 -18.5587 328.376 83.5141 -79.383 318.022 58.4139 -105.979 326.12 13.8234 43.5025 329.884 18.6439 
12.0374 1.06719 -99.2671 3.56428 -13.2913 -99.0487 10.9605 -36.608 -92.4106 49.8393 14.915 -85.4025 -18.3109 -5.6548 -98.1465 
-21.6563 331.393 -36.0211 -17.7187 430.887 -26.7791
4 1 0 2 3
5
-61.4297 318.127 82.4057 -23.4121 331.402 84.2836 -81.5864 309.339 58.276 -107.886 309.557 11.6634 37.2276 343.671 24.2789 
-2.11808 0.656113 -99.9754 17.3556 -15.3617 -97.2769 24.3117 15.2604 -95.7917 43.9545 39.5779 -80.6324 -7.70444 -15.934 -98.4213 
-23.5184 331.268 -35.5379 -36.3608 430.195 -28.5713
4 1 0 2 3
5
-60.8161 314.949 81.5826 -26.7142 333.655 83.2854 -78.5222 303.134 54.2517 -106.947 302.771 11.4077 32.6426 346.545 22.8498 
9.67025 3.76822 -99.46 10.0008 -11.9818 -98.7746 6.14165 32.6536 -94.3187 55.1465 43.9169 -70.9237 -36.9087 -33.0506 -86.8643 
-24.8517 331.238 -35.3068 -44.1075 429.151 -28.7966
4 1 0 2 3
5
-56.2786 306.397 77.9243 -32.9775 333.43 81.6586 -68.002 283.111 53.3349 -96.8345 285.564 9.41446 20.9124 370.023 27.8832 
41.0112 47.2202 -78.0278 2.8498 -3.24818 -99.9066 1.01817 43.6868 -89.9468 35.1253 58.657 -72.9765 -12.8695 -43.8186 -88.9624 
-28.1388 331.17 -32.9963 -74.2163 419.836 -29.1022
4 1 0 2 3
3
0 0 0 -53.2747 297.675 64.4904 0 0 0 -85.6448 275.526 9.08354 10.5279 372.56 22.8105 
0 0 0 37.0478 40.7043 83.4902 0 0 0 39.5268 70.268 -59.1611 -33.3578 -17.8586 -92.5652 
-30.748 331.117 -28.9582 -93.3607 409.061 -26.8677
4 1 3 2 0
2
0 0 0 -48.1567 300.734 80.7333 0 0 0 -76.2591 265.44 8.75105 0 0 0 
0 0 0 -11.7916 -16.626 -97.9006 0 0 0 15.6091 74.0022 -65.4219 0 0 0 
-32.1116 331.04 -24.6396 -107.989 396.174 -24.17
1 3 4 2 0
2
0 0 0 -45.3132 300.663 82.1303 0 0 0 -68.2375 263.43 11.1661 0 0 0 
0 0 0 -9.95827 -28.0013 -95.4817 0 0 0 3.58048 68.2026 -73.0451 0 0 0 
-32.8393 330.922 -24.4777 -116.531 385.654 -24.8198
1 3 4 2 0
2
0 0 0 -46.2169 297.366 82.6302 0 0 0 -62.6948 261.016 11.0638 0 0 0 
0 0 0 -9.04203 -35.5756 -93.0194 0 0 0 2.62725 71.5159 -69.8468 0 0 0 
-33.9993 330.688 -25.4109 -122.597 377.05 -26.3824
1 3 4 2 0
1
0 0 0 -46.1027 296.632 82.4261 0 0 0 0 0 0 0 0 0 
0 0 0 17.3419 36.5097 -91.4675 0 0 0 0 0 0 0 0 0 
-35.475 330.306 -24.5325 -126.14 372.463 -26.1498
1 4 3 2 0
1
0 0 0 -44.8336 297.481 85.4641 0 0 0 0 0 0 0 0 0 
0 0 0 -2.85443 -12.8559 -99.1291 0 0 0 0 0 0 0 0 0 
-36.9995 328.49 -24.0795 -130.383 364.173 -26.5665
1 4 3 2 0
1
0 0 0 -44.8752 297.757 82.7387 0 0 0 0 0 0 0 0 0 
0 0 0 -2.2349 -43.4358 -90.0463 0 0 0 0 0 0 0 0 0 
-37.872 324.152 -25.0214 -132.858 355.347 -27.1532
1 4 3 2 0
1
0 0 0 -41.522 293.875 77.5078 0 0 0 0 0 0 0 0 0 
0 0 0 -46.9193 86.2232 -19.0825 0 0 0 0 0 0 0 0 0 
-37.7446 321.895 -28.4914 -135.413 342.825 -33.2649
1 4 3 2 0
1
0 0 0 -41.2166 301.772 81.0119 0 0 0 0 0 0 0 0 0 
0 0 0 43.416 -55.5881 -70.8874 0 0 0 0 0 0 0 0 0 
-35.3861 321.701 -38.3173 -134.793 325.315 -48.5746
1 4 3 2 0
2
0 0 0 -41.6476 304.928 77.5508 0 0 0 -34.2022 275.796 26.6157 0 0 0 
0 0 0 55.7259 -59.6793 -57.7322 0 0 0 49.0312 -85.4454 17.1764 0 0 0 
-34.836 322.835 -30.4777 -132.851 309.513 -45.1613
1 3 4 2 0
2
0 0 0 -35.2185 299.114 69.0283 0 0 0 -38.5975 303.529 72.9064 0 0 0 
0 0 0 -18.9731 39.7034 89.7979 0 0 0 2.20377 1.6499 99.9621 0 0 0 
-34.6395 323.334 -25.1934 -131.368 303.25 -40.6938
3 1 4 2 0
3
0 0 0 -34.2542 303.046 68.5085 0 0 0 -69.3967 350.829 82.6152 -34.0937 301.626 62.5051 
0 0 0 -20.1384 23.8638 -94.9998 0 0 0 27.4664 -32.1215 -90.6301 -62.1112 69.1255 -36.9304 
-36.7508 323.226 31.6574 -132.736 296.167 24.2609
3 1 4 2 0
3
0 0 0 -19.4038 294.282 62.3694 0 0 0 -70.4072 347.659 78.594 -36.4238 309.35 74.3045 
0 0 0 -75.3144 50.8768 -41.7048 0 0 0 0.355638 5.76801 -99.8329 -13.011 -1.37739 99.1404 
-37.7647 323.101 17.5675 -128.949 282.462 11.7509
3 4 1 2 0
3
0 0 0 -25.687 303.003 52.8011 0 0 0 -75.0874 346.589 76.7197 -38.0745 310.932 84.9354 
0 0 0 -18.3143 -2.30839 -98.2815 0 0 0 22.4811 -15.909 -96.1327 -50.144 48.3768 -71.7305 
-38.7455 323.387 0.972801 -125.153 273.681 -6.97156
3 4 1 2 0
4
-1.28912 273.715 29.6497 -14.1723 300.917 65.1927 0 0 0 -78.7973 348.558 77.1557 -36.8252 312.76 81.0155 
-68.2966 45.1807 -57.3958 -20.888 2.55229 -97.7608 0 0 0 24.6087 -12.4213 -96.1255 -13.9409 6.83378 -98.7874 
-39.5839 324.797 -8.55887 -121.169 267.82 -18.4321
3 4 1 0 2
4
2.60086 276.116 31.2103 -15.715 303.338 65.7172 0 0 0 -78.7106 348.175 72.1514 -38.4716 314.176 81.3823 
-35.1718 32.9646 -87.6144 -19.8018 1.36339 -98.0104 0 0 0 7.31815 -7.59477 -99.4423 2.60931 -8.59349 -99.5959 
-40.6321 326.822 -16.4066 -117.03 263.347 -27.9881
3 4 1 0 2
4
5.30153 281.414 33.1346 -15.8304 305.566 67.639 0 0 0 -82.4301 343.179 72.7325 -38.6964 316.012 80.3695 
-36.8172 26.1218 -89.2308 -19.8135 0.526888 -98.0161 0 0 0 8.33837 -4.16679 -99.5646 -7.09653 2.1341 -99.7251 
-40.2645 328.279 -25.5796 -111.878 259.787 -39.0114
3 4 1 0 2
4
8.07678 285.82 33.6533 -13.0527 307.937 69.6142 0 0 0 -84.065 343.255 72.7486 -38.6975 316.02 80.3717 
-40.7253 23.7686 -88.1845 -35.8518 -2.64689 -93.3147 0 0 0 40.3951 -21.9664 -88.8015 6.10541 -8.81935 -99.4231 
-40.0916 328.803 -28.012 -108.816 257.489 -41.8368
3 4 1 0 2
5
10.9785 291.38 34.3079 -13.2056 311.544 67.4951 -107.581 368.426 -3.47037 -87.6385 344.593 73.032 -39.0483 318.885 81.1004 
-31.4405 19.3273 -92.9406 -10.2114 -7.51827 -99.1928 69.763 -38.3977 -60.4875 35.0061 -20.1796 -91.4733 -2.86518 -9.73288 -99.484 
-39.629 329.557 -30.6735 -102.008 252.719 -44.9826
2 3 4 1 0
5
12.5712 296.579 33.5233 -13.3322 314.531 66.6609 -112.827 357.557 -5.05197 -90.8016 344.279 72.9656 -39.3143 321.057 80.1407 
-76.2079 14.4667 -63.1115 -11.4681 -12.5308 -98.5467 55.4618 -24.2774 -79.5901 30.3794 -23.0037 -92.455 -7.90793 -4.67161 -99.5773 
-39.2255 329.962 -31.7722 -92.1628 246.313 -45.9348
2 3 4 1 0
5
12.9251 304.928 31.5947 -10.4917 318.24 65.9481 -114.693 352.932 -4.98663 -88.0908 340.074 72.0743 -39.9078 325.904 79.8156 
-23.9588 0.0860135 -97.0874 -12.5999 -12.025 -98.4715 80.0678 -28.9803 -52.4337 20.8301 -13.3062 -96.8971 -9.46328 -13.4497 -98.6385 
-39.0974 330.195 -32.4315 -85.156 242.212 -44.1667
2 3 4 1 0
5
14.5231 308.366 31.9509 -10.6747 323.79 67.0981 -118.917 350.686 -3.30326 -87.6696 338.448 73.3236 -37.2119 329.212 79.0754 
-32.8658 -5.31485 -94.2952 -26.6038 -16.3362 -95.0019 77.7454 -24.0478 -58.1151 19.5115 -14.4766 -97.0038 -9.42541 -14.0648 -98.5563 
-39.0879 330.345 -32.8456 -78.7234 239.026 -42.3272
2 3 4 1 0
5
17.7602 314.247 35.5203 -10.7822 327.05 64.6931 -119.444 347.415 -3.27245 -85.1984 334.999 70.9987 -37.5592 332.285 79.8133 
-25.0366 -3.91327 -96.736 -2.583 -25.3695 -96.6939 64.4576 -18.9627 -74.0651 12.4776 -11.5166 -98.5478 -11.6569 -19.249 -97.4351 
-39.0324 330.447 -33.2705 -73.9232 237.063 -41.1458
2 3 4 1 0
5
19.3541 316.108 34.2419 -10.7951 327.443 58.6022 -118.001 343.216 -4.84935 -84.7951 333.413 72.2329 -36.0237 332.556 75.1798 
-32.8611 -14.8777 -93.2674 -1.402 -30.8451 -95.1137 48.2448 -1.87549 -87.5724 32.7539 -14.5149 -93.3622 2.64935 -17.786 -98.3699 
-39.0166 330.519 -34.2799 -70.9524 236.067 -41.9597
2 3 4 1 0
5
17.7701 314.422 29.6168 -10.8514 329.15 60.4579 -118.629 340.38 -4.80928 -86.1429 332.554 68.9143 -36.0323 332.636 73.6313 
-26.3547 -15.4735 -95.2155 -39.5795 -21.9366 -89.1754 69.9284 -16.9595 -69.4435 9.2161 -5.17295 -99.44 -8.0555 -19.5285 -97.7433 
-38.9258 330.568 -35.2176 -66.1166 234.661 -43.1258
2 3 4 1 0
5
14.8089 314.432 28.1368 -10.9624 332.517 64.2086 -117.723 337.78 -6.3634 -89.7059 334.158 67.6729 -37.7924 334.348 75.5849 
-25.6786 -20.1476 -94.5235 -12.7605 -33.5245 -93.345 35.2923 8.4629 -93.1817 35.4524 -22.3615 -90.7915 -20.9201 -10.4801 -97.2241 
-38.8275 330.6 -35.31 -64.4531 234.195 -42.3409
2 3 4 1 0
5
14.9759 317.98 31.4495 -14.0937 332.496 61.0725 -118.814 336.366 -6.33676 -90.9826 333.07 67.4526 -37.8938 335.245 75.7876 
-24.4584 -26.6815 -93.2196 10.833 -33.2352 -93.6913 33.3325 14.0614 -93.2267 15.0123 -6.95321 -98.6219 -19.4604 -13.2501 -97.1891 
-38.8451 330.623 -35.6492 -61.7737 233.484 -41.8245
2 3 4 1 0
5
15.1046 320.711 33.2301 -14.1516 333.862 62.8958 -120.09 335.506 -7.90068 -92.5232 332.969 69.0003 -38.0058 336.236 74.428 
-76.4787 -18.7448 -61.6413 -38.5681 -24.7908 -88.8702 86.4361 -17.9855 -46.9608 13.5689 -4.69107 -98.964 2.35069 -27.5807 -96.0926 
-38.6503 330.64 -35.511 -59.4398 232.976 -40.9412
2 3 4 1 0
