5
-117.35 254.25 -31.1336 -83.1096 248.541 50.334 -45.8061 255.944 67.5038 33.5858 254.685 19.1919 -11.9321 253.351 58.4674 
72.6049 30.2214 -61.7672 18.1944 18.6001 -96.5557 12.684 10.111 -98.6757 -46.3177 18.1179 -86.7549 -21.7636 13.2951 -96.6932 
-36.3829 268.944 -49.2681 -33.144 170.031 -63.615
0 1 2 4 3
5
-115.996 253.907 -31.0916 -83.1033 248.522 50.3302 -45.7013 255.359 68.552 33.4497 253.653 19.1141 -11.9216 253.128 58.4159 
75.6156 32.2429 -56.9445 28.7789 22.1992 -93.161 2.47872 14.0333 -98.9794 -46.1734 20.8291 -86.2216 8.0735 8.24777 -99.3317 
-36.446 268.982 -48.7999 -32.8347 170.18 -63.8075
0 1 2 4 3
5
-117.069 253.642 -31.0592 -83.1739 248.733 49.2015 -45.7214 255.471 67.3789 33.4372 253.558 19.107 -11.9128 252.942 58.3729 
75.3387 32.8201 -56.9818 7.04261 19.9262 -97.7412 12.0351 11.0979 -98.6509 -54.6081 17.8799 -81.843 8.0517 8.84464 -99.2821 
-36.4391 269.002 -48.6888 -32.9275 170.239 -63.9721
0 1 2 4 3
5
-115.847 253.583 -32.2461 -83.0574 248.385 50.3024 -45.6978 255.339 67.3441 33.4015 253.287 19.0866 -11.9065 252.806 58.3416 
50.9164 35.1996 -78.5399 28.3927 21.0422 -93.5472 11.661 10.6014 -98.7504 -46.1417 21.0976 -86.1733 8.76612 9.11698 -99.197 
-36.4302 269.01 -48.6275 -32.9361 170.285 -64.1548
0 1 2 4 3
5
-114.779 253.861 -32.2816 -83.127 248.593 49.1737 -46.9932 255.844 67.4773 33.3924 253.219 19.0814 -11.9196 253.085 58.4059 
43.7486 38.4663 -81.2797 3.56442 23.5542 -97.121 12.5619 10.2973 -98.672 -54.372 19.439 -81.6445 6.42905 5.05937 -99.6648 
-36.4893 269.032 -48.5165 -33.3618 170.327 -64.2526
0 1 2 4 3
5
-114.735 253.764 -32.2693 -84.1043 248.022 51.3971 -46.9424 255.568 67.4045 34.553 252.984 19.0637 -11.9092 252.864 58.3551 
44.8919 38.754 -80.5162 14.4889 22.6661 -96.3136 3.59574 15.4697 -98.7307 -45.6677 21.0789 -86.43 6.36064 5.45771 -99.6482 
-36.6072 269.044 -48.4693 -33.9624 170.292 -63.9917
0 1 2 4 3
5
-116.997 253.485 -32.2338 -85.4735 248.607 50.3474 -45.5427 254.472 68.3141 34.5568 253.012 20.2574 -11.9159 253.006 58.3878 
44.8437 38.3163 -80.7521 18.9008 21.0785 -95.9086 0.524439 17.9628 -98.3721 -54.7947 18.033 -81.6845 -8.33465 11.5477 -98.9807 
-36.6761 269.061 -48.2481 -33.4812 170.312 -63.6907
0 1 2 4 3
5
-116.994 253.48 -32.2331 -85.302 248.108 51.4149 -46.827 254.939 68.4394 33.3814 253.135 20.2673 -11.8896 252.449 59.4482 
44.2402 38.2879 -81.0977 18.1887 22.9253 -95.6222 12.3857 11.1825 -98.5979 -47.5309 18.6484 -85.9828 -8.87578 12.8248 -98.7762 
-36.9436 269.069 -47.97 -33.9185 170.299 -63.3097
0 1 2 4 3
5
-116.906 253.288 -32.2088 -86.5783 248.418 51.479 -46.7992 254.788 68.3989 33.3563 252.945 20.2521 -11.8922 252.504 58.2719 
85.3902 33.9926 -39.4084 14.247 22.713 -96.3387 14.1647 11.2265 -98.3531 -47.8007 18.0477 -85.9615 -8.34116 13.4492 -98.7398 
-36.945 269.074 -47.8828 -33.6763 170.334 -63.3706
0 1 2 4 3
5
-119.174 253.039 -32.177 -86.4287 247.989 52.558 -46.707 254.286 69.4618 33.3223 252.686 20.2314 -11.8938 252.538 58.2798 
76.5197 32.9296 -55.3208 15.6564 21.5119 -96.3956 2.81007 16.1827 -98.6419 -47.0772 18.9588 -86.1644 4.61977 6.18921 -99.7013 
-36.9514 269.081 -47.687 -33.687 170.382 -63.4292
0 1 2 4 3
5
-118.702 252.037 -33.2367 -87.5309 247.802 51.3514 -46.6952 254.222 68.2468 33.2966 252.492 20.2158 -13.0915 252.698 59.5067 
65.7892 37.8242 -65.1238 15.9657 23.1115 -95.9737 11.8425 12.9149 -98.4528 -46.7142 22.185 -85.5898 2.91295 6.48578 -99.7469 
-37.1457 269.087 -47.5388 -33.3465 170.44 -63.4875
0 1 2 4 3
5
-119.102 250.382 -35.3768 -86.814 245.773 50.9309 -46.6049 253.73 68.1149 32.0817 252.289 21.3878 -13.0666 252.217 59.3936 
54.0132 44.5358 -71.4083 33.2575 23.9578 -91.2139 4.9031 17.4221 -98.3485 -71.0661 18.81 -67.7922 -0.849091 7.03137 -99.7489 
-37.2758 269.093 -47.0129 -32.7384 170.521 -63.2294
0 1 2 4 3
5
-118.647 246.98 -36.0593 -88.4284 243.841 48.2337 -46.3676 252.438 68.957 33.2545 252.173 21.3779 -14.2398 251.958 60.5191 
55.3707 48.4687 -67.7116 17.5353 31.4499 -93.2921 13.6357 14.4753 -98.0027 -52.6384 17.1997 -83.2669 5.27703 3.46947 -99.8004 
-37.3775 269.098 -46.8039 -31.1061 170.643 -63.1508
0 1 2 4 3
5
-117.235 241.672 -39.8372 -90.0804 242.108 46.7506 -50.0264 252.904 69.0841 33.144 251.334 21.3068 -15.5067 253.269 60.834 
73.9922 56.9063 -35.8723 20.0197 36.5262 -90.9123 -10.764 29.1507 -95.0493 -48.2973 20.5342 -85.1218 -6.60541 12.6089 -98.9817 
-37.6187 269.102 -46.7693 -28.8792 170.844 -63.1697
0 1 2 4 3
5
-112.558 236.626 -41.2343 -89.0251 239.271 45.076 -49.8908 252.218 67.709 30.871 252.105 22.5595 -15.5409 253.826 59.7725 
70.1007 64.9281 -29.4999 25.1945 43.3365 -86.5285 17.2247 20.0857 -96.4359 -52.526 16.0085 -83.5748 -21.8353 6.58306 -97.3647 
-38.094 269.106 -46.7897 -25.6282 171.25 -63.1882
0 1 2 4 3
5
-110.624 234.886 -40.931 -88.8591 238.825 42.7424 -49.7775 251.645 68.7403 30.9056 252.388 22.5849 -15.5388 253.792 59.7645 
68.0044 67.9234 -27.601 27.9939 43.6055 -85.5272 16.0184 22.8603 -96.0251 -53.4182 18.7396 -82.4337 -21.0064 9.13333 -97.3412 
-38.1497 269.108 -46.7728 -24.41 171.386 -62.9489
0 1 2 4 3
5
-106.11 229.898 -42.2274 -86.1537 234.522 36.4496 -51.9762 250.817 69.6954 29.8112 253.189 23.849 -19.1912 254.675 61.1719 
49.2982 71.5883 -49.445 0.572844 59.1181 -80.6519 3.73823 20.2699 -97.8527 -49.1306 18.2851 -85.1578 -15.6214 9.29827 -98.3337 
-38.7669 269.111 -46.6017 -21.5139 171.964 -62.8764
0 1 2 4 3
5
-97.9637 223.66 -37.9214 -83.388 232.967 30.7219 -52.8368 249.304 69.2749 27.3574 252.553 23.7891 -19.0964 253.417 62.0633 
28.8467 69.2657 -66.107 -0.984869 63.8746 -76.9354 3.91356 25.0253 -96.7389 -47.8935 20.8896 -85.2633 -3.38105 6.57304 -99.7264 
-39.0175 269.114 -46.3302 -18.0601 172.715 -62.7021
0 1 2 4 3
5
-91.9268 221.802 -36.5618 -79.945 242.493 20.5573 -56.1437 248.351 67.8403 27.4181 253.113 26.226 -21.4617 253.161 62.0005 
31.3777 71.6438 -62.3106 -2.9226 55.7491 -82.9669 11.8099 29.4814 -94.8229 -64.7445 20.2797 -73.4635 -0.262489 9.22488 -99.5733 
-38.9986 269.116 -46.0132 -15.7904 173.193 -62.1419
0 1 2 4 3
4
0 0 0 -78.7353 245.847 12.7366 -56.5786 245.166 66.9705 27.4384 253.301 27.4384 -23.7307 251.934 62.8865 
0 0 0 18.6319 98.1961 -3.22253 -8.91739 44.5246 -89.0957 -43.952 19.2807 -87.7296 -1.09132 13.9802 -99.0119 
-38.9469 269.12 -45.2759 -13.9823 173.678 -61.6373
1 0 2 4 3
4
0 0 0 -77.5143 245.648 9.25544 -57.1276 242.595 65.1255 26.1397 252.28 27.3278 -23.7038 251.647 62.815 
0 0 0 24.8711 42.6368 -86.9685 5.8593 45.9914 -88.6028 -44.5269 20.5051 -87.1602 0.962214 16.5888 -98.6098 
-38.5641 269.131 -44.7174 -12.1792 174.169 -61.631
1 0 2 4 3
4
0 0 0 -76.0848 241.117 6.81356 -57.8752 240.95 62.4144 24.9105 251.866 28.4692 -25.9527 250.475 63.702 
0 0 0 7.9161 98.7138 -13.8895 6.39775 52.2122 -85.0468 -40.9536 20.2477 -88.9541 -20.3934 26.6159 -94.211 
-38.2923 269.164 -44.3493 -10.3631 174.674 -61.4243
1 0 2 4 3
4
0 0 0 -76.6136 239.222 5.63335 -59.8076 239.6 63.193 23.7297 251.923 28.4756 -27.3038 252.058 64.1045 
0 0 0 -14.7354 -98.8439 3.57078 10.8055 52.428 -84.4662 -44.2309 23.3421 -86.5955 -11.5789 15.6802 -98.0819 
-38.3347 269.189 -43.9321 -9.44321 175.024 -61.2016
1 0 2 4 3
4
0 0 0 -74.9383 241.082 1.13543 -60.4448 237.668 62.6835 22.5819 252.355 29.713 -28.3013 250.38 66.0364 
0 0 0 10.7117 70.1904 70.4171 15.986 53.8285 -82.7462 -41.5247 26.2303 -87.1072 -3.87546 25.872 -96.5175 
-39.2194 269.278 -43.2508 -6.33724 176.358 -60.1225
1 0 2 4 3
3
0 0 0 0 0 0 -60.2859 237.043 61.4023 23.5445 249.957 29.4306 -28.2604 250.019 63.586 
0 0 0 0 0 0 -1.24533 59.6173 -80.276 -51.2942 30.4565 -80.2578 -2.32475 29.7827 -95.4337 
-39.9839 269.395 -42.2839 -6.85179 176.848 -60.6493
1 0 2 4 3
4
0 0 0 -71.7278 230.609 -1.27466 -60.032 236.045 61.1437 22.4271 250.626 29.5094 -29.2813 248.689 64.419 
0 0 0 -20.4792 -30.7626 92.9208 39.8388 53.6617 -74.3861 -39.153 30.9603 -86.6516 -3.60268 28.9185 -95.6595 
-40.4386 269.516 -41.9506 -5.16219 177.901 -60.9822
1 0 2 4 3
4
0 0 0 -71.3088 230.797 -3.01568 -60.0844 236.251 60.0844 23.5658 250.182 29.4572 -29.2326 248.275 64.3117 
0 0 0 3.75855 -6.15794 -99.7394 4.39283 58.5571 -80.943 -36.552 34.9717 -86.2608 -5.24306 32.3202 -94.4877 
-40.4438 269.646 -41.6555 -4.08502 178.616 -61.4414
1 0 2 4 3
4
0 0 0 -71.4885 225.503 -5.43289 -59.0778 236.676 60.1925 23.5275 249.776 29.4093 -29.1867 247.885 64.2106 
0 0 0 -10.7219 -27.0191 95.6818 2.42584 58.9897 -80.7114 -38.2742 35.8032 -85.1658 -2.75537 32.6677 -94.4734 
-39.9799 269.799 -41.7346 -4.0464 178.725 -62.0879
1 0 2 4 3
4
0 0 0 -71.2407 226.253 -5.00481 -59.0108 236.407 60.1243 23.4889 249.366 29.3611 -27.9896 247.623 64.1428 
0 0 0 -10.2051 -27.4828 95.6062 1.71028 59.0733 -80.6686 -38.5231 36.3031 -84.8414 -1.54278 31.8544 -94.7783 
-40.1777 269.88 -41.5412 -4.79826 178.684 -62.3172
1 0 2 4 3
4
0 0 0 -71.3533 231.907 1.24786 -58.7959 235.546 59.9053 23.4747 249.216 29.3434 -27.9775 247.516 64.1151 
0 0 0 -0.208253 31.0014 95.073 10.5307 59.1606 -79.932 -37.3223 36.9237 -85.1098 -0.899885 33.0361 -94.3812 
-39.8175 270.135 -41.6825 -4.50854 178.881 -62.3211
1 0 2 4 3
4
0 0 0 -76.4711 242.342 11.4136 -57.6452 235.377 62.0794 23.5606 250.128 29.4508 -27.9435 247.215 64.0371 
0 0 0 -15.5506 -59.8767 78.5682 -2.67926 54.5639 -83.7592 -34.44 38.902 -85.4431 -0.391627 32.7548 -94.4826 
-39.1519 270.312 -41.9633 -7.00477 177.835 -62.3219
1 0 2 4 3
5
-83.8385 219.768 -24.841 -77.955 243.411 20.6351 -55.4641 240.337 63.3876 24.8186 250.936 30.7278 -25.6996 248.033 63.0808 
27.6869 69.0676 -66.8064 -9.54291 -88.8387 44.9068 1.33067 50.2664 -86.438 -51.3236 35.8829 -77.9635 -8.03141 30.9432 -94.7524 
-37.8409 270.499 -42.1868 -7.39175 177.188 -61.3128
0 1 2 4 3
5
-87.2716 220.597 -28.0516 -81.0129 232.449 31.7483 -54.6022 241.532 65.9777 26.0825 251.729 29.6392 -24.6183 248.911 64.4765 
40.3609 66.1457 -63.2119 11.1892 64.2544 -75.8036 15.4434 43.6896 -88.6156 -51.3385 35.3767 -78.1847 -14.7955 29.9213 -94.2646 
-37.2641 270.67 -42.1897 -7.34193 176.87 -59.6861
0 1 2 4 3
5
-93.3939 220.334 -31.1313 -79.8593 232.278 38.2887 -51.8729 244.756 69.1639 26.2219 253.074 29.7976 -23.62 250.759 64.9551 
31.5422 69.715 -64.381 3.1992 59.1747 -80.5489 11.2334 38.2764 -91.6992 -56.8819 29.7845 -76.6638 -15.0343 26.4438 -95.2612 
-36.9135 270.804 -41.911 -6.35474 176.98 -58.1304
0 1 2 4 3
5
-94.6074 220.744 -32.2289 -80.8371 231.945 40.4185 -51.2553 247.338 69.8935 27.4305 253.227 29.8157 -22.4919 251.349 66.2919 
38.8441 67.9423 -62.2493 41.141 82.7037 -38.3081 9.83555 34.6739 -93.2791 -54.2795 32.7791 -77.3257 3.57157 34.2853 -93.871 
-36.5573 270.861 -41.8353 -6.02361 176.934 -57.5013
0 1 2 4 3
5
-99.2548 221.836 -35.5228 -81.7694 234.62 46.4097 -51.6303 249.148 71.5783 26.2066 252.926 29.7802 -21.416 252.622 66.6276 
60.3043 70.0338 -38.1925 8.68846 54.9985 -83.0643 13.1402 39.8844 -90.7555 -57.0995 29.4457 -76.6328 0.275268 26.6517 -96.3826 
-36.3256 270.956 -41.7405 -5.7514 176.818 -55.9981
0 1 2 4 3
5
-100.753 222.839 -37.7823 -82.2827 239.327 51.8494 -50.0446 252.996 73.8753 28.677 253.704 31.0667 -20.4286 255.149 66.0925 
53.8708 78.1009 -31.5941 35.4078 67.4476 -64.7851 12.4901 28.5939 -95.0073 -37.338 33.9092 -86.3483 -2.78997 18.2676 -98.2777 
-36.0586 271.032 -41.7322 -6.66917 176.305 -54.5075
0 1 2 4 3
5
-106.123 225.327 -38.2041 -83.6178 246.588 55.7452 -48.2088 255.901 74.7236 28.6523 253.486 31.04 -17.9573 254.188 67.0405 
54.9622 59.8246 -58.311 20.1071 32.1419 -92.5343 -5.36016 18.2213 -98.1797 -39.6924 34.2099 -85.1716 -19.2888 26.0697 -94.5955 
-35.9186 271.112 -41.0028 -8.86249 175.47 -51.9782
0 1 2 4 3
5
-109.367 227.662 -38.6001 -84.1045 251.516 56.8594 -48.5092 257.495 75.1892 29.8873 253.836 31.0828 -18.0197 255.071 67.2736 
75.1908 57.6888 -31.9115 9.51672 16.6646 -98.1413 -3.50605 17.1159 -98.4619 -41.5274 31.6918 -85.2708 -5.84509 22.072 -97.3584 
-35.8676 271.151 -40.6497 -11.0172 174.83 -50.8809
0 1 2 4 3
5
-111.455 232.008 -36.0588 -84.4915 256.283 56.73 -47.4611 258.392 75.451 31.1651 254.508 31.1651 -15.7236 256.812 67.7326 
73.8619 53.2704 -41.312 11.0599 11.5473 -98.7134 7.42864 15.2113 -98.5567 -67.6912 22.2904 -70.1501 -8.11695 12.796 -98.8452 
-35.6679 271.182 -40.3137 -13.1448 174.23 -49.9561
0 1 2 4 3
5
-112.375 233.925 -36.3568 -85.2187 258.489 56.0008 -47.606 259.18 75.6813 31.1864 254.682 31.1864 -15.7513 257.263 67.8515 
74.2698 52.6502 -41.3757 37.8699 22.5873 -89.7534 7.19901 15.0039 -98.6056 -67.7852 21.3015 -70.3663 6.1371 20.9769 -97.5823 
-35.5719 271.196 -40.0773 -14.8216 173.814 -49.3672
0 1 2 4 3
5
-115.712 238.531 -35.9492 -84.9692 261.467 57.8776 -46.8702 261.89 74.0056 31.2125 254.894 30.012 -15.8103 258.227 68.1058 
78.2032 47.3756 -40.4945 22.6847 7.20681 -97.126 7.31397 11.9105 -99.0184 -63.2995 24.367 -73.4808 -0.131494 13.5249 -99.0811 
-35.5573 271.222 -40.1093 -17.7269 173.253 -49.2818
0 1 2 4 3
5
-117.733 242.698 -34.2912 -85.6127 263.448 58.3159 -47.1637 263.53 74.4691 31.1728 254.57 31.1728 -15.9067 259.802 68.5213 
81.9974 40.8112 -40.1357 14.4933 6.02277 -98.7607 8.39912 9.61152 -99.182 -68.9403 21.4925 -69.176 0.367016 9.80359 -99.5176 
-35.5353 271.265 -40.0556 -22.2818 172.513 -48.5617
0 1 2 4 3
5
-117.348 244.276 -34.5142 -85.8223 264.093 58.4587 -48.4718 263.894 75.8148 31.1714 254.559 31.1714 -15.9017 259.72 68.4997 
82.2996 39.3159 -41.0004 17.3993 5.31951 -98.3309 9.34237 7.65686 -99.2678 -65.4001 22.3179 -72.2823 0.381063 9.25077 -99.5705 
-35.6361 271.299 -39.9053 -23.9722 172.318 -48.0784
0 1 2 4 3
5
-118.258 243.781 -34.4442 -84.6411 264.288 59.7466 -48.5162 264.136 75.8843 31.1333 254.248 31.1333 -15.8937 259.589 68.4651 
69.2288 35.3615 -62.9042 18.1884 4.8852 -98.2106 9.87614 7.70782 -99.2122 -65.2831 22.8929 -72.2083 0.83599 8.88419 -99.6011 
-35.6591 271.334 -39.8712 -24.5596 172.278 -47.9185
0 1 2 4 3
5
-118.272 243.81 -34.4483 -84.7077 264.496 58.548 -47.2325 263.914 75.8205 31.1443 254.338 29.9465 -15.888 259.497 68.4407 
66.7631 37.5511 -64.2853 12.8938 3.00944 -99.1196 7.68317 5.88124 -99.5308 -63.874 24.0014 -73.103 -16.5683 11.7348 -97.9172 
-35.6712 271.367 -39.7872 -24.7672 172.306 -48.041
0 1 2 4 3
5
-117.463 244.515 -34.5479 -84.7912 264.757 58.6057 -47.2042 263.756 75.7752 31.1354 254.265 31.1354 -15.8839 259.429 68.4229 
68.3077 36.2852 -63.3833 17.4547 0.824997 -98.4614 9.90254 6.93344 -99.2666 -45.2298 28.4056 -84.5422 -14.3808 12.3989 -98.1807 
-35.7278 271.383 -39.7879 -24.9814 172.297 -47.9425
0 1 2 4 3
5
-117.289 244.153 -33.3469 -84.6595 264.346 59.7597 -47.2131 263.806 75.7895 31.1294 254.216 29.9321 -15.8695 259.193 68.3607 
67.9767 37.0326 -63.3068 16.7058 3.38606 -98.5365 12.9787 6.26311 -98.9562 -44.8538 27.0588 -85.1819 -16.6315 13.2819 -97.7087 
-35.7847 271.414 -39.7234 -24.6217 172.357 -47.6607
0 1 2 4 3
5
-116.1 244.071 -34.4851 -83.4657 264.508 59.7964 -47.1106 263.233 76.8646 32.3903 254.716 29.9911 -14.6963 260.035 67.3581 
66.1917 33.9742 -66.8162 31.8907 7.91003 -94.4479 12.2367 5.42932 -99.0999 -45.1647 30.206 -83.9509 -19.0503 11.8812 -97.447 
-35.7153 271.445 -39.7354 -23.5844 172.52 -47.9015
0 1 2 4 3
5
-115.991 243.843 -34.4529 -84.3907 263.506 59.5699 -45.8056 262.858 76.7553 32.3576 254.459 29.9608 -14.672 259.604 67.2465 
66.0462 34.4351 -66.7243 13.3872 4.70564 -98.9881 4.48497 11.4866 -99.2368 -44.4676 30.1201 -84.3529 -20.087 12.8801 -97.1114 
-35.6662 271.475 -39.7343 -23.0772 172.638 -48.2732
0 1 2 4 3
