5
-22.4305 280.153 92.361 53.5529 270.732 47.1776 -67.5646 275.881 74.0612 -93.5554 283.776 -1.33651 7.80243 276.111 83.2259 
12.1862 5.0205 -99.1277 -63.067 15.7218 -75.9959 23.9686 14.9875 -95.9212 84.1932 18.7532 -50.5947 -80.1044 17.9623 -57.1021 
-13.1936 294.875 -25.578 -13.7945 196.654 -44.3454
3 2 0 4 1
5
-22.2793 278.265 91.7383 54.6329 269.768 43.1981 -67.3836 275.141 72.5669 -92.1386 283.529 -2.67068 7.76068 274.634 80.1937 
13.0484 6.29245 -98.9452 -63.0345 17.7242 -75.5811 40.2553 14.7212 -90.3482 74.0049 14.9129 -65.5811 -52.694 14.8079 -83.6903 
-12.9616 294.649 -27.4132 -14.8182 196.572 -46.8398
3 2 0 4 1
5
-22.2308 277.659 88.9233 52.9834 267.852 44.1528 -67.2074 274.422 72.3772 -93.4303 283.397 -4.00416 7.74783 274.179 78.7696 
5.60625 8.9051 -99.4448 -32.1941 30.4943 -89.6306 18.6585 21.1177 -95.9474 83.03 15.225 -53.6117 -10.8606 6.48762 -99.1966 
-12.8572 294.365 -28.2942 -15.1634 196.421 -48.3371
3 2 0 4 1
5
-22.1497 276.645 89.9015 52.9145 267.504 40.3158 -67.0159 273.64 70.8822 -93.3464 283.142 -5.33408 7.71363 272.969 78.4219 
7.29259 8.2804 -99.3894 -39.6976 27.7942 -87.4733 12.3875 23.3318 -96.4478 83.2681 15.3371 -53.209 -11.0673 7.6744 -99.0889 
-12.8196 293.97 -29.3452 -15.3442 196.089 -49.6638
3 2 0 4 1
5
-23.51 277.323 88.8157 52.7386 266.615 42.6931 -68.3488 273.817 70.928 -93.369 283.211 -5.33537 7.70752 272.753 78.3598 
10.8465 8.84106 -99.0161 -36.7592 27.2776 -88.9084 38.2802 16.204 -90.9509 82.8776 15.1266 -53.8747 -10.1791 8.87771 -99.0837 
-12.818 293.754 -29.4965 -15.5729 195.826 -49.5586
3 2 0 4 1
5
-23.4503 276.618 88.59 52.6769 266.303 42.6432 -66.9262 273.274 70.7874 -93.1494 282.545 -5.32282 7.68266 271.873 78.1071 
9.18437 11.7401 -98.8829 -35.7878 25.2029 -89.9113 13.7546 20.6376 -96.8757 82.5599 15.9095 -54.1364 -74.5737 26.4706 -61.1398 
-12.8438 293.304 -29.6557 -15.9902 195.31 -49.3341
3 2 0 4 1
5
-23.3772 275.756 90.9113 52.659 266.213 43.8825 -68.1717 273.107 72.0305 -92.9991 282.089 -5.31423 6.36894 270.459 80.2486 
9.94773 13.3918 -98.5987 -63.3456 21.4744 -74.3384 18.1485 18.6487 -96.555 82.6448 17.2232 -53.6022 -17.0437 12.8795 -97.6915 
-12.8208 292.898 -29.6105 -15.8743 194.758 -48.5646
3 2 0 4 1
5
-23.1824 273.458 90.1538 51.2336 265.324 44.9856 -69.4335 273.011 70.7193 -96.3018 280.102 -6.59601 6.29595 267.36 80.5881 
12.8662 16.118 -97.8502 -34.907 23.9543 -90.5963 36.1862 19.8064 -91.0948 35.271 39.185 -84.9735 1.88351 13.3714 -99.0841 
-12.7231 292.569 -29.316 -15.2269 194.464 -48.5322
3 2 0 4 1
5
-22.9345 270.534 86.6413 49.7255 263.952 45.9961 -70.4838 272.102 67.9207 -93.3407 279.137 -7.88795 3.7433 264.935 79.8572 
12.4698 25.1386 -95.9821 -45.9898 24.9328 -85.225 29.7053 24.2922 -92.3444 74.5198 22.3588 -62.8242 -43.1846 35.352 -82.9779 
-12.6295 292.318 -29.0395 -14.277 194.275 -48.6583
3 2 0 4 1
5
-24.1825 270.242 81.457 48.0074 261.366 44.3145 -70.1418 270.782 63.7653 -92.7023 277.228 -11.751 1.24251 263.819 78.2782 
-7.61724 31.9508 -94.4517 -37.2857 29.8583 -87.8536 36.5495 28.766 -88.5249 85.2432 22.6467 -47.1245 1.3247 27.4963 -96.1363 
-12.5826 292.138 -28.6883 -13.303 194.134 -48.5527
3 2 0 4 1
5
-24.1722 270.127 75.061 42.8739 260.094 41.6489 -65.1325 271.165 56.1928 -89.7141 276.069 -13.002 -2.47034 262.26 69.1695 
13.466 34.5813 -92.859 -25.2684 35.3963 -90.0478 25.2942 28.9637 -92.3109 80.2603 21.1016 -55.7943 -12.6217 46.5372 -87.607 
-12.4371 292.023 -28.4742 -11.5637 193.881 -47.6418
3 2 0 4 1
5
-24.2335 270.812 72.7004 41.3227 265.877 40.0705 -62.8617 272.393 53.8815 -89.4153 275.149 -12.9587 -3.70211 262.019 65.4039 
36.3745 32.9485 -87.128 -39.5522 29.3655 -87.0246 23.267 34.7246 -90.8452 25.1008 42.0948 -87.1663 9.24826 39.7553 -91.2906 
-12.4234 291.983 -28.4292 -10.6225 193.774 -47.1827
3 2 0 4 1
5
-1.09787 273.957 49.9447 39.122 267.956 31.55 -60.7324 274.365 47.8106 -86.2645 273.377 -15.4504 -16.9692 277.156 60.045 
20.9458 -16.7397 96.3382 -74.4662 31.8183 -58.6718 29.3719 27.1077 -91.6649 72.855 23.6088 -64.3022 -60.1095 -68.0692 41.874 
-12.2663 291.886 -27.752 -6.92115 193.57 -45.2275
3 2 4 0 1
5
-1.62156 269.425 47.0063 36.8852 270.059 27.9819 -58.1445 274.348 46.5156 -84.1535 274.893 -19.42 -19.6536 278.2 55.0301 
-78.7581 -49.6597 36.4839 -13.8562 29.4859 -94.5441 27.2638 27.1476 -92.3022 81.5019 14.9073 -55.993 -43.5039 83.7364 -33.1001 
-11.6529 291.848 -27.4599 -4.48019 193.569 -44.4814
3 2 4 0 1
4
0 0 0 36.957 270.585 26.7619 -56.4548 272.429 43.6242 -83.0418 275.5 -23.3555 -16.7522 273.611 52.8339 
0 0 0 -2.76264 38.8963 -92.0839 13.3398 28.0932 -95.0412 91.8582 39.4905 -1.60138 -15.0528 -60.1154 78.4828 
-11.1579 291.83 -27.5094 -2.22295 193.861 -45.4625
3 2 0 4 1
4
0 0 0 36.8406 269.733 26.6777 -55.383 273.472 41.2153 -78.2942 277.066 -26.0981 -16.5436 270.204 52.176 
0 0 0 1.25649 43.9084 -89.8358 -68.6749 -41.7122 59.5302 23.0357 -31.7554 91.9834 -57.7459 -62.9867 51.9432 
-10.8163 291.825 -27.3281 -0.841769 194.058 -45.8216
3 2 0 4 1
3
0 0 0 0 0 0 -52.8893 273.898 38.6995 -76.4806 275.235 -24.6293 -16.4907 269.34 49.472 
0 0 0 0 0 0 -50.7589 -85.9767 -5.61539 -29.9646 -30.5719 90.3741 6.07223 -53.6558 84.1676 
-10.5405 291.819 -27.0202 1.78133 194.446 -46.1726
3 2 1 0 4
3
0 0 0 0 0 0 -51.78 274.858 34.9515 -74.9762 274.474 -23.2685 -15.1583 268.209 46.738 
0 0 0 0 0 0 76.2393 43.1675 -48.2092 -47.7209 -17.3629 86.1467 -47.7909 -51.0074 71.5142 
-9.9681 291.816 -26.7839 3.67207 194.829 -46.9705
3 2 1 0 4
3
0 0 0 0 0 0 -51.9377 268.97 36.7364 -73.8547 275.111 -24.6182 -13.894 268.189 45.4714 
0 0 0 0 0 0 -61.8183 -52.0828 58.8717 -45.3977 -23.2694 86.0092 39.0096 -62.436 67.6757 
-9.4438 291.813 -25.7389 4.42299 194.917 -46.2064
3 2 1 0 4
3
0 0 0 0 0 0 -51.4446 266.416 35.1329 -72.2313 273.869 -21.9273 -13.9085 268.469 42.9901 
0 0 0 0 0 0 -60.9514 -64.6311 45.9102 -93.9714 -28.5381 18.84 -55.4221 -55.2106 62.2911 
-9.17919 291.809 -25.2109 5.21455 195.216 -46.7203
3 2 1 0 4
3
0 0 0 0 0 0 -50.4553 267.826 32.796 -73.2761 272.956 -21.8543 -15.143 267.939 42.9052 
0 0 0 0 0 0 -25.0608 -64.6256 72.0797 -40.1452 -22.7809 88.7096 -44.3965 -51.6245 73.2384 
-9.07169 291.808 -24.8336 5.63043 195.428 -47.079
3 2 1 0 4
3
0 0 0 0 0 0 -50.5175 268.156 32.8364 -72.0681 273.25 -21.8778 -13.8173 266.707 42.7079 
0 0 0 0 0 0 -63.2149 -72.8199 -26.479 -75.4633 -30.9957 -57.8321 -57.559 -58.1673 57.4763 
-9.14102 291.808 -24.7438 5.25073 195.51 -47.5361
3 2 1 0 4
3
0 0 0 0 0 0 -50.6395 268.803 32.9157 -73.1427 272.459 -21.8145 -15.092 267.037 42.7607 
0 0 0 0 0 0 -17.8635 -78.5747 59.2192 -44.6503 -21.4244 86.8754 8.11855 -69.0728 71.8543 
-9.21938 291.809 -24.596 5.08839 195.503 -47.4113
3 2 1 0 4
3
0 0 0 0 0 0 -51.5012 266.71 35.1716 -73.2015 272.678 -21.832 -15.0679 266.61 43.9481 
0 0 0 0 0 0 -23.7004 -75.7922 60.7769 -36.053 -28.7277 88.7406 -90.9911 0.987938 -41.4685 
-9.26286 291.808 -24.6097 4.87043 195.379 -47.0061
3 2 1 0 4
3
0 0 0 0 0 0 -52.0822 269.719 41.9198 -78.9795 270.476 -20.3818 -17.6643 267.901 50.4695 
0 0 0 0 0 0 -81.9526 -48.1776 31.0272 19.9619 39.9945 -89.4537 -78.7076 -43.9499 43.2842 
-9.2958 291.808 -24.5653 4.58179 195.002 -45.4459
3 2 1 0 4
5
38.0314 269.17 27.8897 -0.0638298 261.003 47.5775 -51.5224 273.49 46.3701 -82.6374 269.941 -17.7988 -19.2256 272.141 55.1133 
7.07815 54.4335 -83.5876 -39.1503 66.7173 -63.3724 -2.51096 -77.6702 62.9367 81.3093 54.1477 -21.3734 -65.8146 -71.7989 22.6574 
-9.48993 291.808 -24.4778 3.70323 194.537 -43.5629
3 2 4 1 0
5
37.9286 268.442 29.0786 0.514706 263.397 48.7206 -51.8402 275.177 47.9522 -86.0142 268.575 -15.179 -16.6833 272.486 56.4665 
7.80673 52.0766 -85.0123 40.4385 -66.1382 63.1701 1.72058 82.2935 -56.7875 81.7064 23.3932 -52.6955 49.0667 55.0744 -67.5224 
-9.34731 291.809 -24.4521 3.07012 194.202 -42.3035
3 2 4 1 0
4
39.2763 269.014 29.1405 0 0 0 -51.7547 274.723 50.4608 -87.3978 268.941 -13.933 -14.1022 272.207 58.9728 
-79.6412 36.8412 -47.9585 0 0 0 23.33 18.6856 -95.4283 84.1717 42.7939 -32.9213 -83.3974 -46.161 30.233 
-9.35846 291.81 -24.4325 2.39858 193.961 -41.3851
3 2 1 4 0
5
39.8517 264.424 32.3795 -0.982759 255.129 53.8017 -52.5394 272.086 52.5394 -88.5588 268.62 -12.6513 -15.3607 271.792 62.723 
1.11844 50.1062 -86.5339 -42.4958 77.1872 -47.2889 8.85017 44.9554 -88.8858 75.7338 25.3463 -60.1827 -8.60783 -38.8492 91.7423 
-9.61921 291.812 -24.3977 1.8146 193.869 -41.0216
3 2 4 1 0
4
39.9111 264.819 32.4277 0 0 0 -52.6308 272.56 52.6308 -89.8286 268.634 -11.3867 -15.326 271.177 63.8583 
-3.67765 50.9577 -85.9638 0 0 0 59.6853 39.629 -69.7654 88.9812 37.2434 -26.3682 9.28339 -75.7689 64.5979 
-9.616 291.813 -24.4244 1.76789 193.865 -41.0519
3 2 1 4 0
5
43.2558 262.411 37.0764 -18.5406 262.444 72.9262 -54.627 269.739 57.1678 -89.7927 268.527 -11.3822 1.22195 259.453 63.5414 
2.91063 61.0679 -79.1343 7.75004 59.018 -80.3543 52.4782 42.7952 -73.584 91.5602 36.6856 -16.4589 12.2598 80.0857 -58.6172 
-9.42615 291.816 -24.4763 1.81216 193.854 -41.1222
3 2 1 4 0
5
46.351 258.989 41.4719 -19.503 258.813 79.231 -56.1913 265.132 61.186 -90.9884 268.323 -11.3735 3.59829 254.671 70.7663 
-52.6824 52.9151 -66.5174 0.725743 60.8157 -79.3784 14.9775 49.5284 -85.5723 90.4134 36.3563 -22.4419 1.22293 65.2149 -75.7992 
-9.13008 291.851 -24.6227 0.761722 193.999 -42.7116
3 2 1 4 0
5
49.8287 258.048 44.9673 -20.7004 258.545 84.0194 -59.269 262.175 65.4428 -91.0952 268.638 -10.1217 6.00323 254.929 76.8413 
-48.5991 52.8387 -69.6146 -4.06711 58.8393 -80.7552 13.7242 48.5409 -86.3448 45.7129 29.1998 -84.0101 1.43397 57.7212 -81.6468 
-9.11787 291.887 -24.7038 -0.849806 194.062 -43.7237
3 2 1 4 0
5
50.9772 257.711 46.1223 -20.7505 259.17 85.4431 -61.7623 262.276 67.9386 -91.0123 268.394 -10.1125 7.22409 255.645 78.261 
-52.1625 50.198 -68.9872 -1.34659 56.3844 -82.5772 22.6264 48.1618 -84.6669 54.3629 26.6402 -79.5925 -3.4358 56.3431 -82.5448 
-8.92706 291.929 -24.6761 -1.17222 194.171 -44.2546
3 2 1 4 0
5
52.1417 257.467 46.0787 -20.8739 260.711 85.9514 -63.1763 263.02 70.6088 -92.2631 268.356 -10.111 7.2182 255.437 80.6032 
-52.3862 49.317 -69.4516 12.8959 49.9802 -85.6485 39.3009 49.9165 -77.2255 52.3737 29.8231 -79.7971 11.5241 61.4331 -78.0587 
-8.56955 291.966 -24.895 -1.65834 194.181 -44.6519
3 2 1 4 0
5
53.5884 258.597 47.4988 -20.9304 261.417 87.4153 -64.8856 264.942 71.1246 -93.5781 268.502 -8.85198 7.28631 257.847 80.1495 
-34.1348 48.2416 -80.6694 13.7 49.636 -85.7239 8.10985 55.2117 -82.9813 88.0164 40.3294 -25.0331 -6.46508 54.2293 -83.7698 
-8.48084 291.999 -25.0167 -2.80044 194.121 -44.7026
3 2 1 4 0
5
55.0862 259.917 46.5172 -21.0048 262.347 88.9617 -65.1557 266.045 70.1677 -93.8137 269.178 -8.87427 8.53351 258.842 81.6779 
-32.7459 47.2821 -81.8053 12.7275 44.5306 -88.6286 39.1235 40.8764 -82.4528 88.4008 37.5738 -27.812 -7.91571 45.8072 -88.5384 
-8.38473 292.023 -25.1453 -3.18189 194.15 -44.9883
3 2 1 4 0
5
57.36 264.763 46.1374 -21.2155 264.978 88.606 -65.3444 266.815 71.6275 -94.2054 270.302 -8.91132 11.0533 260.768 81.0573 
-25.9841 45.0635 -85.4055 14.9526 35.2152 -92.3922 39.4034 35.4228 -84.8092 62.9102 27.7342 -72.6163 -5.13637 37.3024 -92.6399 
-8.28272 292.041 -25.1737 -3.19979 194.157 -44.9974
3 2 1 4 0
5
60.2761 266.63 46.4628 -18.8034 266.165 90.2563 -63.1274 268.073 71.9653 -93.4098 271.691 -10.2367 9.85871 261.659 82.5667 
-38.716 37.1918 -84.3673 11.8637 30.5823 -94.4668 37.4571 29.334 -87.9573 69.2298 23.9695 -68.0639 -15.3963 36.8359 -91.6846 
-7.9802 292.052 -25.385 -2.97678 194.219 -45.4781
3 2 1 4 0
5
61.4352 266.211 45.1361 -19.0217 269.254 90.0359 -62.0435 268.847 73.4392 -93.7927 272.804 -10.2787 12.4532 264.415 80.9458 
-29.2923 37.7033 -87.8659 4.41377 24.3888 -96.8798 36.1286 23.4325 -90.2532 70.9197 23.106 -66.6072 -6.28843 22.7978 -97.1633 
-7.84698 292.043 -25.5832 -3.71973 194.295 -46.2769
3 2 1 4 0
5
61.1413 264.938 44.9202 -17.8167 270.211 90.3559 -61.0001 269.833 71.1667 -93.1402 274.669 -10.3489 12.48 264.985 79.8721 
-36.2273 34.1035 -86.7441 15.1691 19.0828 -96.9832 18.6404 21.7546 -95.8085 83.2151 20.2892 -51.61 -9.10085 13.8635 -98.6153 
-7.03674 292.029 -25.9332 -3.48929 194.307 -46.8574
3 2 1 4 0
5
60.8561 263.702 44.7106 -19.1697 271.35 90.7367 -60.9344 269.542 72.3596 -90.8434 275.55 -10.3821 12.5118 265.66 80.0756 
-57.5584 28.3712 -76.6949 13.6731 16.645 -97.6524 14.7175 20.3215 -96.801 62.2769 21.3931 -75.259 -5.50217 13.3672 -98.9497 
-6.66086 291.957 -26.0642 -4.09412 194.224 -47.078
3 2 1 4 0
5
60.8815 263.812 43.4868 -19.1489 271.055 91.9147 -60.9366 269.552 73.6317 -92.1494 275.575 -10.383 12.4703 264.778 81.0569 
-63.7564 28.3026 -71.6525 15.4774 15.8041 -97.5227 19.2946 19.5472 -96.1542 88.1522 18.018 -43.6411 -13.3532 24.2295 -96.097 
-6.56182 291.862 -26.0753 -4.448 194.163 -47.3003
3 2 1 4 0
