5
-106.826 249.254 -12.9131 -69.939 251.694 66.3828 4.63914 246.254 69.587 45.0259 239.005 29.2668 -27.4667 253.562 82.4 
93.3956 28.7237 -21.2654 8.73514 13.2576 -98.7316 -22.8487 10.9422 -96.7378 -64.5812 25.7422 -71.8792 3.4433 10.5756 -99.3796 
-24.8545 267.569 -36.192 -24.7761 169.407 -55.275
0 1 4 2 3
5
-106.837 249.278 -12.9143 -69.9115 251.595 68.7265 4.63884 246.238 70.7424 46.1965 239.238 30.4221 -27.4855 253.736 81.2615 
92.5991 30.6236 -22.0817 34.8958 12.5056 -92.8757 -25.7447 12.1912 -95.8571 -44.3599 27.0805 -85.4333 6.44566 6.90084 -99.5532 
-24.5887 267.254 -36.0277 -24.4058 168.993 -54.5934
0 1 4 2 3
5
-106.823 249.247 -12.9127 -69.8938 251.531 67.5245 4.6451 246.57 69.6766 46.2541 239.537 29.3319 -27.4702 253.594 82.4105 
86.8513 39.1785 -30.3628 30.9134 11.8897 -94.3557 -26.0049 12.0497 -95.8047 -43.4107 30.8308 -84.6461 4.31403 11.1271 -99.2853 
-24.4564 266.973 -35.9906 -24.4324 168.651 -54.2325
0 1 4 2 3
5
-106.76 249.099 -12.905 -71.1529 251.795 67.5952 4.64208 246.41 69.6311 45.076 239.271 29.2994 -27.45 253.408 82.35 
82.0663 25.1994 -51.2847 31.9973 10.1607 -94.1963 -23.5411 12.8011 -96.3429 -70.0723 26.7581 -66.1353 4.77843 10.9871 -99.2797 
-24.1023 266.7 -36.0176 -23.8284 168.362 -54.1738
0 1 4 2 3
5
-107.775 248.734 -14.0576 -69.7636 251.062 67.3987 4.64115 246.36 69.6172 45.0374 239.066 29.2743 -27.4242 253.17 83.465 
75.0936 22.6154 -62.0444 35.8849 12.8912 -92.4451 -20.7141 11.7432 -97.1238 -70.3804 25.7356 -66.2139 3.62506 11.4571 -99.2753 
-23.9335 266.467 -36.1102 -23.6959 168.121 -54.2253
0 1 4 2 3
5
-106.685 248.923 -14.0683 -69.7542 251.029 68.5719 4.64017 246.308 69.6025 44.9298 238.495 30.3276 -27.4541 253.445 81.1685 
87.601 37.0114 -30.9229 36.891 12.2845 -92.1311 2.56076 10.9948 -99.3607 -45.7505 29.0939 -84.0264 4.46735 9.80416 -99.4179 
-23.7213 266.254 -36.0889 -23.62 167.887 -54.0854
0 1 4 2 3
5
-106.748 249.072 -12.9036 -69.8273 251.292 67.4603 4.63972 246.284 70.7557 47.2501 238.868 31.5 -26.233 253.181 82.2762 
72.2086 19.4815 -66.3807 34.6044 12.7863 -92.9465 -22.3878 12.9702 -96.5948 -43.362 25.3773 -86.4623 4.60388 9.5167 -99.4396 
-23.676 266.065 -35.9429 -24.0649 167.579 -53.2724
0 1 4 2 3
5
-106.731 249.032 -12.9016 -69.8191 251.262 67.4524 4.63955 246.276 70.7532 46.1806 239.156 32.6644 -27.4453 253.365 82.336 
91.5071 36.476 -17.2032 13.3166 14.8605 -97.9889 -13.4677 11.1057 -98.4646 -43.4814 25.8965 -86.2481 5.33131 9.6417 -99.3912 
-23.6328 265.992 -35.7174 -23.9689 167.476 -52.8812
0 1 4 2 3
5
-106.712 248.988 -12.8993 -71.1887 251.921 68.8157 4.64175 246.392 71.9471 46.1898 239.203 31.5443 -27.4437 253.349 83.5242 
87.7648 43.0692 -21.0331 18.5577 12.765 -97.4303 -21.7943 11.5084 -96.9153 -70.7886 26.3139 -65.5481 7.88489 9.97436 -99.1884 
-23.5869 265.838 -35.4555 -24.4319 167.229 -52.0549
0 1 4 2 3
5
-106.892 249.407 -10.5717 -71.1784 251.885 68.8058 4.64602 246.619 70.8518 44.0126 239.617 30.4702 -27.4532 253.437 83.5532 
46.471 25.4759 -84.8023 19.7752 10.5077 -97.4604 3.90786 9.64097 -99.4574 -47.8959 26.2056 -83.781 8.42598 10.2375 -99.1171 
-23.5996 265.696 -35.3192 -24.364 167.056 -51.7426
0 1 4 2 3
5
-105.832 249.678 -11.7591 -69.8737 251.459 67.5051 4.63903 246.248 71.905 45.0778 239.281 31.5544 -27.4543 253.448 83.5567 
86.3118 38.9279 -32.1697 15.5967 13.6883 -97.8232 3.28577 10.0045 -99.444 -44.3193 25.2858 -86.0025 8.50423 10.837 -99.0466 
-23.5542 265.592 -35.0006 -24.1278 166.916 -51.2058
0 1 4 2 3
5
-106.584 248.688 -11.7125 -71.2784 252.239 70.0904 3.49417 247.302 72.2129 45.1542 239.686 32.7368 -26.2368 253.217 84.6732 
91.3181 36.7388 -17.6425 35.9435 12.2385 -92.511 0.0822705 5.78089 -99.8327 -44.2927 25.4255 -85.975 3.75635 10.9107 -99.332 
-23.3848 265.522 -34.2351 -23.5445 166.769 -49.9754
0 1 4 2 3
5
-107.573 248.267 -10.5234 -71.1933 251.938 70.0068 2.33886 248.302 73.6742 44.2198 240.745 34.0152 -27.4616 253.515 85.9668 
46.949 28.0309 -83.7261 28.8979 12.5243 -94.9108 -25.518 13.7914 -95.7007 -42.3325 24.1458 -87.3209 10.4535 10.4018 -98.9067 
-23.3249 265.473 -34.0707 -23.2879 166.697 -49.667
0 1 4 2 3
5
-107.691 248.54 -11.7055 -72.5484 252.525 70.1698 2.33653 248.055 73.6008 44.3537 241.474 35.2555 -28.6461 253.431 84.7448 
42.4575 29.5975 -85.5649 20.4202 12.2589 -97.1223 -22.9603 11.8206 -96.608 -46.5887 23.3286 -85.3538 4.28933 9.07575 -99.4949 
-23.2548 265.454 -34.0369 -23.2926 166.635 -49.3599
0 1 4 2 3
4
-106.138 247.648 -11.6635 -74.8435 252.243 68.9036 0 245.349 75.109 42.951 239.991 36.1693 -29.2678 248.574 85.462 
84.8545 33.0022 -41.3589 21.2216 16.1385 -96.3805 -19.804 22.2499 -95.4607 -44.6552 25.0472 -85.8985 3.38192 22.2349 -97.438 
-23.2636 265.415 -33.5113 -23.0657 166.704 -49.5189
0 1 4 2 3
5
-103.417 246.722 -12.7819 -74.7747 248.073 65.4278 -2.24793 238.648 73.0577 40.4209 238.401 35.9297 -30.9567 243.442 81.4047 
83.1515 46.3542 -30.6122 25.3044 26.727 -92.9804 -11.9467 30.3016 -94.5468 -39.1547 28.9823 -87.3323 -10.1507 39.1848 -91.4413 
-23.2633 265.382 -33.3992 -23.3012 166.913 -50.8289
0 1 4 2 3
5
-101.766 245.541 -13.8771 -72.1797 247.189 58.2095 -6.74966 238.856 65.2467 36.8442 237.061 34.6113 -30.2488 247.024 67.4781 
69.1559 44.661 -56.7702 30.7402 32.2374 -89.531 18.7116 25.9438 -94.746 -32.2461 36.785 -87.2184 -19.5169 74.2524 -64.0754 
-23.1804 265.366 -33.1419 -22.5149 167.132 -51.8368
0 1 4 2 3
4
-99.5357 245.745 -12.7313 -69.9737 247.622 51.3141 0 0 0 31.4116 238.198 29.1679 -16.2254 246.078 55.6301 
69.9365 37.4921 -60.8542 9.87623 43.3993 -89.5486 0 0 0 -20.1534 38.5641 -90.0369 15.2681 -31.1192 93.8002 
-22.8981 265.373 -32.6687 -20.6197 167.114 -51.1094
0 1 4 2 3
4
-97.2897 245.919 -13.8985 -66.5156 252.198 43.9478 0 0 0 26.5117 244.746 20.7483 -24.3096 245.79 50.9344 
68.4677 31.0858 -65.923 5.31207 29.9009 -95.2771 0 0 0 -8.38935 28.4035 -95.5137 0.403037 -54.1329 84.0801 
-22.8315 265.386 -32.2067 -18.6679 166.991 -49.5594
0 1 4 2 3
3
-94.4756 244.631 -11.5214 -64.1243 252.136 40.3746 0 0 0 0 0 0 -26.0078 240.094 46.3618 
83.847 46.0925 -29.0718 4.39866 25.8616 -96.4978 0 0 0 0 0 0 4.11097 -74.7106 66.3433 
-22.5119 265.52 -31.6671 -17.3171 167.39 -50.1985
0 1 4 3 2
3
-90.9398 244.417 -11.5114 -61.3421 255.384 32.4752 0 0 0 0 0 0 -25.4083 234.56 39.7696 
84.9404 40.3126 -34.0591 -6.57757 27.9863 -95.7784 0 0 0 0 0 0 -53.323 -72.7918 43.1048 
-22.3 265.974 -31.1315 -16.8982 168.822 -54.2031
0 1 4 3 2
4
-88.0582 242.82 -11.4361 -54.8333 249.818 26.578 0 0 0 -32.1391 227.66 26.3726 -17.5564 223.858 21.713 
62.6872 69.4774 -35.2591 -13.1016 -76.5469 62.9993 0 0 0 -21.0042 80.5527 -55.4084 -93.7222 11.9326 32.7683 
-22.0122 266.402 -30.6062 -15.3956 171.153 -60.3342
0 1 3 4 2
3
-84.6051 242.756 -11.4331 0 0 0 0 0 0 -31.7232 227.682 25.9887 -16.7691 226.754 18.367 
35.1863 29.2471 -88.9187 0 0 0 0 0 0 64.2111 46.3556 -61.0581 -57.3525 70.753 -41.2881 
-21.9944 266.745 -27.3359 -13.9107 173.189 -61.7126
0 3 2 1 4
2
-82.1564 242.278 -17.1159 0 0 0 0 0 0 -32.0992 227.038 24.0318 0 0 0 
51.8067 80.4271 -29.1127 0 0 0 0 0 0 92.5474 37.354 6.29758 0 0 0 
-22.0778 267.032 -26.4407 -12.4498 175.713 -66.0418
0 3 4 2 1
1
-78.4094 237.835 -12.3215 0 0 0 0 0 0 0 0 0 0 0 0 
76.1407 51.6367 -39.195 0 0 0 0 0 0 0 0 0 0 0 0 
-22.338 267.214 -26.4032 -9.3345 178.392 -70.4663
0 4 3 2 1
1
-77.0593 240.614 -19.2648 0 0 0 0 0 0 0 0 0 0 0 0 
62.1988 71.862 -31.0993 0 0 0 0 0 0 0 0 0 0 0 0 
-22.3781 267.283 -26.402 -8.18172 179.152 -71.4734
0 4 3 2 1
1
-74.4143 235.824 -15.5493 0 0 0 0 0 0 0 0 0 0 0 0 
20.4243 46.0282 -86.3959 0 0 0 0 0 0 0 0 0 0 0 0 
-22.6505 267.341 -26.4373 -4.92665 180.469 -72.6876
0 4 3 2 1
0
0 0 0 0 0 0 0 0 0 0 0 0 0 0 0 
0 0 0 0 0 0 0 0 0 0 0 0 0 0 0 
-22.907 267.371 -27.6591 -1.10905 182.147 -75.2169
4 3 2 1 0
0
0 0 0 0 0 0 0 0 0 0 0 0 0 0 0 
0 0 0 0 0 0 0 0 0 0 0 0 0 0 0 
-22.8977 267.431 -29.2418 1.92702 184.091 -78.6206
4 3 2 1 0
0
0 0 0 0 0 0 0 0 0 0 0 0 0 0 0 
0 0 0 0 0 0 0 0 0 0 0 0 0 0 0 
-25.4453 267.424 -29.3889 1.61452 185.866 -80.5371
4 3 2 1 0
0
0 0 0 0 0 0 0 0 0 0 0 0 0 0 0 
0 0 0 0 0 0 0 0 0 0 0 0 0 0 0 
-27.1012 266.995 -28.9755 0.016964 186.368 -81.548
4 3 2 1 0
0
0 0 0 0 0 0 0 0 0 0 0 0 0 0 0 
0 0 0 0 0 0 0 0 0 0 0 0 0 0 0 
-27.6593 266.26 -28.5414 0.66979 185.745 -80.6451
4 3 2 1 0
0
0 0 0 0 0 0 0 0 0 0 0 0 0 0 0 
0 0 0 0 0 0 0 0 0 0 0 0 0 0 0 
-27.6724 265.851 -28.4051 1.55497 185.033 -79.5354
4 3 2 1 0
0
0 0 0 0 0 0 0 0 0 0 0 0 0 0 0 
0 0 0 0 0 0 0 0 0 0 0 0 0 0 0 
-27.576 264.996 -28.3289 2.94494 183.522 -77.6285
4 3 2 1 0
0
0 0 0 0 0 0 0 0 0 0 0 0 0 0 0 
0 0 0 0 0 0 0 0 0 0 0 0 0 0 0 
-27.5313 264.294 -28.1524 3.99739 182.583 -76.4158
4 3 2 1 0
0
0 0 0 0 0 0 0 0 0 0 0 0 0 0 0 
0 0 0 0 0 0 0 0 0 0 0 0 0 0 0 
-27.3421 263.495 -27.9147 5.34238 181.668 -75.2012
4 3 2 1 0
0
0 0 0 0 0 0 0 0 0 0 0 0 0 0 0 
0 0 0 0 0 0 0 0 0 0 0 0 0 0 0 
-27.342 263.003 -27.2908 5.06618 179.985 -72.6526
4 3 2 1 0
0
0 0 0 0 0 0 0 0 0 0 0 0 0 0 0 
0 0 0 0 0 0 0 0 0 0 0 0 0 0 0 
-27.4746 262.635 -26.7122 3.17568 179.23 -72.5831
4 3 2 1 0
0
0 0 0 0 0 0 0 0 0 0 0 0 0 0 0 
0 0 0 0 0 0 0 0 0 0 0 0 0 0 0 
-28.1635 262.233 -26.098 0.999584 177.998 -71.4187
4 3 2 1 0
0
0 0 0 0 0 0 0 0 0 0 0 0 0 0 0 
0 0 0 0 0 0 0 0 0 0 0 0 0 0 0 
-26.6446 262.103 -26.7354 -0.0272083 177.345 -72.6448
4 3 2 1 0
1
-74.3198 235.524 -15.5295 0 0 0 0 0 0 0 0 0 0 0 0 
14.6684 -44.8398 88.1716 0 0 0 0 0 0 0 0 0 0 0 0 
-25.4094 262.026 -26.8974 -3.40838 177.083 -74.8619
0 4 3 2 1
1
-77.2056 237.577 -16.7838 0 0 0 0 0 0 0 0 0 0 0 0 
-2.12471 -55.2406 83.3304 0 0 0 0 0 0 0 0 0 0 0 0 
-24.6774 262.166 -26.8084 -6.61216 175.887 -74.0279
0 4 3 2 1
1
-80.2106 239.871 -13.5567 0 0 0 0 0 0 0 0 0 0 0 0 
-33.2733 -37.6783 86.4479 0 0 0 0 0 0 0 0 0 0 0 0 
-23.9111 263.031 -25.9663 -8.16476 173.733 -68.1319
0 4 3 2 1
1
-82.0237 241.887 -10.253 0 0 0 0 0 0 0 0 0 0 0 0 
49.9512 53.207 -68.3659 0 0 0 0 0 0 0 0 0 0 0 0 
-23.4498 263.989 -25.2689 -9.57733 173.082 -64.5553
0 4 3 2 1
1
-83.1737 241.918 -6.83619 0 0 0 0 0 0 0 0 0 0 0 0 
31.3827 29.2556 -90.3285 0 0 0 0 0 0 0 0 0 0 0 0 
-23.298 264.731 -25.0287 -10.3374 173.542 -63.9709
0 4 3 2 1
1
-83.6653 243.348 -8.0227 0 0 0 0 0 0 0 0 0 0 0 0 
34.699 24.456 -90.5422 0 0 0 0 0 0 0 0 0 0 0 0 
-22.7179 265.842 -23.6148 -9.89121 174.183 -61.4842
0 4 3 2 1
2
-85.0109 243.92 -9.19037 0 0 0 0 0 0 -33.9564 231.887 25.2722 0 0 0 
65.9551 62.6828 -41.4825 0 0 0 0 0 0 -67.8916 51.0789 52.7417 0 0 0 
-22.433 266.861 -22.4361 -9.03724 174.8 -59.1153
0 3 4 2 1
2
-86.3237 244.385 -8.05688 0 0 0 0 0 0 -33.9761 231.076 30.076 0 0 0 
35.6074 32.3704 -87.6599 0 0 0 0 0 0 63.9935 65.7599 39.7552 0 0 0 
-22.0944 267.812 -20.9195 -6.96358 174.964 -54.8375
0 3 4 2 1
4
-86.527 244.96 -8.07585 -17.0721 236.642 28.9516 0 0 0 -30.3644 234.077 35.2798 -51.9697 246.003 32.4163 
83.3472 38.555 -39.5822 -95.5735 29.1916 -3.6817 0 0 0 -25.8458 78.0106 -56.9766 -8.39057 -83.4217 54.5016 
-21.1857 269.579 -21.4711 -4.48452 175.517 -51.023
0 4 2 3 1
3
-87.6403 244.847 -4.61265 -16.0767 233.95 33.5477 0 0 0 -51.7522 247.478 33.884 0 0 0 
32.8359 30.456 -89.4105 31.6946 81.069 -49.2267 0 0 0 -22.2177 -63.706 73.8101 0 0 0 
-20.3577 271.513 -21.4306 -2.40254 176.651 -47.4856
0 3 4 2 1
3
-89.0299 245.499 -3.4687 -27.3525 241.987 51.286 0 0 0 -52.1757 245.716 35.9233 0 0 0 
30.2703 27.2893 -91.3182 -49.6011 -69.4671 52.0966 0 0 0 -71.3987 -65.9517 23.5075 0 0 0 
-20.1792 272.571 -22.1071 -1.42153 176.922 -44.4562
0 3 4 2 1
3
-90.1069 245.284 -4.62087 -27.5224 243.49 53.8981 0 0 0 -54.691 258.053 37.676 0 0 0 
36.2498 31.2076 -87.8182 -50.6149 -71.1577 48.731 0 0 0 19.1754 94.2074 -27.5185 0 0 0 
-19.8987 273.123 -22.1112 -0.560564 177.155 -42.5108
0 3 4 2 1
4
-92.6466 242.856 -2.28757 -23.3769 248.177 61.9487 0 0 0 -56.0898 264.653 39.8861 20.0344 250.226 37.7118 
36.1786 33.5925 -86.9635 -42.5339 -73.7106 52.5129 0 0 0 85.8765 14.7552 -49.0664 -5.67098 52.3334 -85.0239 
-19.3101 273.983 -22.3303 -0.167292 177.369 -39.6307
0 3 2 1 4
5
-94.5724 241.931 -2.27885 -10.1149 238.631 66.3091 -30.2326 237.748 72.7822 -55.5635 256.47 51.9398 24.7006 249.743 44.6964 
33.3997 41.523 -84.6186 -19.3716 72.9564 -65.5904 4.54591 72.1127 -69.131 24.1444 30.901 -91.9901 -22.7947 37.0766 -90.0318 
-18.9698 274.241 -22.4734 -1.2974 177.368 -39.887
0 3 2 1 4
5
-95.9581 242.554 -4.56944 -5.60667 238.089 74.008 -28.9021 236.027 78.9251 -58.6494 249.057 58.6494 30.1589 246.291 48.7183 
73.9178 45.2607 -49.8761 8.29406 69.608 -71.3158 13.4843 72.3212 -67.7334 12.222 43.1166 -89.3956 -21.841 43.1377 -87.5335 
-18.7071 274.439 -22.68 -2.55602 177.527 -41.3125
0 3 2 1 4
5
-95.8099 242.179 -4.56238 -1.14681 243.498 80.2766 -28.0802 238.487 84.2406 -62.3513 245.164 65.8153 36.2394 248.213 51.4366 
73.9141 54.2781 -39.8822 6.49435 56.5476 -82.2204 4.3591 61.203 -78.9632 39.2155 54.0646 -74.4255 -11.2734 44.2673 -88.9568 
-18.4231 274.598 -22.7974 -3.43072 177.507 -41.4679
0 3 2 1 4
5
-95.608 241.669 -6.82914 2.30895 245.126 83.1222 -28.7091 243.829 88.424 -64.0637 242.901 70.9277 39.7943 248.512 51.4985 
74.6533 56.7622 -34.7121 -6.44186 49.0872 -86.8847 8.09258 47.7777 -87.4746 36.2672 55.9588 -74.5205 -24.7971 40.9354 -87.8032 
-18.1366 274.768 -22.8533 -3.5928 177.672 -41.8484
0 3 2 1 4
5
-95.5381 241.492 -6.82415 3.47709 246.094 84.6093 -26.4817 244.468 90.9587 -65.2606 243.098 73.2751 42.3205 249.605 51.725 
33.5761 53.3402 -77.6368 -14.0616 43.5121 -88.9324 13.2177 53.7304 -83.2967 2.94801 58.8914 -80.7658 -18.1578 46.3867 -86.7097 
-18.0602 274.821 -22.8529 -3.71357 177.706 -41.9006
0 3 2 1 4
5
-97.5653 240.881 -6.80688 8.31324 252.161 84.32 -24.8272 251.023 93.3975 -64.5273 244.659 73.7455 48.0138 254.866 51.6148 
86.3344 37.8576 -33.3643 -12.5591 27.4338 -95.3397 8.73739 34.9993 -93.2669 2.39533 50.4172 -86.3271 -51.9169 29.4404 -80.2366 
-17.6654 274.897 -22.9844 -2.5364 177.792 -41.4689
0 3 2 1 4
5
-97.2487 240.099 -9.04639 8.36883 253.847 83.6883 -23.9809 254.589 93.5254 -64.9762 246.361 75.4189 49.0854 254.199 49.0854 
29.2003 57.3483 -76.5409 -19.3763 19.0202 -96.2434 10.7145 20.5508 -97.2773 8.0715 45.5087 -88.6781 -25.6056 40.4506 -87.7958 
-16.964 274.93 -23.1363 -1.56951 177.782 -41.1708
0 3 2 1 4
5
-98.0507 239.297 -9.01616 9.57128 254.03 83.7487 -24.316 258.147 92.4006 -66.9987 249.572 75.2266 51.3799 253.706 48.9901 
58.1672 40.9718 -70.2701 -16.7232 16.0738 -97.2726 13.0184 15.4034 -97.9452 15.6141 39.914 -90.3497 -57.6019 24.463 -77.9973 
-16.4664 274.936 -23.5221 -1.33492 177.727 -41.4505
0 3 2 1 4
5
-98.6501 238.024 -10.0892 9.60019 254.798 82.8017 -23.3554 260.999 93.4217 -67.6988 252.181 74.825 52.602 253.837 46.6245 
80.0938 50.5368 -32.1094 11.9868 28.1069 -95.2172 -6.84849 14.4044 -98.7199 39.9147 26.708 -87.7126 -64.6607 17.8922 -74.1543 
-16.1736 274.884 -23.8352 -0.721428 177.684 -41.5362
0 3 2 1 4
5
-98.3648 237.335 -11.1778 10.7805 254.331 82.6502 -23.3304 260.72 95.7776 -69.0628 252.826 75.0165 53.7707 253.71 45.4063 
37.0747 58.5997 -72.0524 -24.0489 13.4899 -96.1232 9.55538 7.40191 -99.2668 21.2544 29.8361 -93.0487 -63.625 18.7629 -74.8319 
-16.0554 274.764 -23.9751 -0.812735 177.511 -41.5727
0 3 2 1 4
5
-98.2809 237.133 -11.1683 10.7914 254.589 81.5348 -23.3893 261.378 94.7881 -69.095 252.944 75.0515 52.4281 252.998 45.2789 
38.5306 51.7054 -76.4326 -7.80777 14.2216 -98.6752 9.53941 6.41388 -99.3371 20.0598 28.3008 -93.7906 -62.1328 19.7821 -75.8167 
-15.9626 274.617 -24.0026 -0.586518 177.377 -41.5522
0 3 2 1 4
5
-98.1863 236.905 -11.1575 10.7828 254.388 81.4703 -23.4629 262.201 93.8518 -69.12 253.035 75.0786 53.6479 253.131 45.3027 
56.9093 43.1252 -70.0111 -12.8771 13.6556 -98.2227 3.87936 8.43618 -99.568 7.83794 33.2089 -93.9986 -62.3693 19.1018 -75.797 
-15.8484 274.05 -24.3345 -0.56848 176.752 -41.6451
0 3 2 1 4
5
-99.2645 236.815 -12.2687 11.9802 254.373 82.6637 -24.7342 262.586 93.9898 -67.9099 252.967 72.6755 54.6617 252.308 45.1553 
40.7348 49.8778 -76.5041 -20.1201 12.3239 -97.1767 13.9647 3.25114 -98.9668 20.1881 26.1859 -94.3755 -41.5927 27.856 -86.5684 
-15.7773 273.719 -24.4498 -0.646726 176.401 -41.7758
0 3 2 1 4
