5
-42.534 291.326 78.2077 -13.393 284.37 68.3043 -90.8214 292.179 59.1715 -118.946 297.124 -16.7924 34.2521 279.717 26.3477 
25.2787 3.18724 -96.6997 -5.05755 6.29821 -99.6732 22.5814 13.0119 -96.5442 42.4499 22.6381 -87.6671 -52.6414 20.8399 -82.4293 
-35.4499 308.389 -43.0143 -40.8815 210.371 -62.0662
3 2 0 1 4
5
-43.8976 291.27 78.1926 -12.0363 283.96 68.206 -92.3803 292.759 60.6676 -119.032 297.337 -16.8045 33.051 280.705 27.7629 
14.8885 7.44386 -98.6049 -66.0654 23.6229 -71.2553 16.6422 14.3051 -97.5623 81.0316 17.8664 -55.8092 -67.6005 21.0854 -70.6086 
-36.4726 307.772 -42.676 -42.439 209.625 -60.8848
3 2 0 1 4
5
-42.4776 290.94 80.8445 -12.0295 283.798 68.167 -92.5209 293.204 60.76 -121.163 299.141 -14.0887 31.6853 280.318 27.7246 
-3.98831 13.054 -99.0641 -0.0425388 8.65912 -99.6244 18.4288 12.9777 -97.4267 42.6876 20.2086 -88.1441 -46.4214 25.1263 -84.9336 
-37.2584 307.047 -41.6044 -44.3474 208.69 -58.2077
3 2 0 1 4
5
-42.6335 292.008 78.3906 -10.7279 284.728 68.3903 -91.5747 294.603 62.4373 -119.862 299.411 -14.1014 32.9523 279.866 26.3618 
3.60236 10.6169 -99.3695 3.44526 3.66246 -99.8735 18.6318 9.07472 -97.829 74.872 14.0771 -64.7767 -46.4876 26.4293 -84.5008 
-37.7714 306.696 -41.0909 -44.736 208.273 -57.3542
3 2 0 1 4
5
-41.342 292.601 81.306 -6.68231 283.767 69.496 -90.293 294.948 62.5105 -120.285 300.469 -14.1512 32.7759 278.369 24.9097 
5.88173 0.73581 -99.8242 -30.1771 15.4364 -94.0801 23.3438 8.50274 -96.8647 73.5239 10.4374 -66.9723 -62.8686 28.5594 -72.3319 
-38.1968 306.457 -40.91 -46.1176 208.01 -56.5761
3 2 0 1 4
5
-38.7643 293.954 81.6819 -1.29619 275.217 64.8096 -89.45 296.76 62.8945 -119.456 301.95 -11.3768 30.8148 272.617 20.5432 
2.2696 10.4958 -99.4218 -17.0042 29.7292 -93.9523 18.5542 1.74078 -98.2482 43.9052 6.53727 -89.608 -47.3909 43.1882 -76.739 
-38.2144 306.272 -40.6235 -49.5036 208.317 -57.2818
3 2 0 1 4
4
-37.3946 294.069 83.099 0 271.993 62.7696 -87.4837 299.599 66.3183 -119.637 302.407 -11.394 30.2894 267.969 18.9309 
-2.62911 5.06442 -99.8371 -6.90974 28.0268 -95.7432 33.508 3.27847 -94.1619 45.4201 6.96009 -88.8176 -41.1482 51.5509 -75.162 
-38.2839 306.197 -40.5736 -51.6128 208.635 -58.0137
3 2 0 1 4
4
-36.7637 289.108 81.6971 0 258.728 52.3969 -84.0277 302.396 69.7857 -120.572 301.185 -9.92948 24.4356 259.417 10.996 
-2.77549 15.0829 -98.817 -19.8777 47.889 -85.5074 23.2876 0.406508 -97.2498 50.6997 8.4418 -85.7804 -36.8357 65.9816 -65.4948 
-38.181 306.065 -40.4629 -56.1131 209.727 -60.3998
3 2 0 1 4
5
-36.3965 275.999 77.9926 -2.31963 246.26 45.2328 -77.8811 300.659 70.801 -118.361 302.786 -9.98227 19.2084 254.903 6.00261 
-18.3531 41.8015 -88.9708 -10.9805 60.8994 -78.5538 25.851 1.62553 -96.5872 47.5499 7.1479 -87.6808 -27.3268 74.893 -60.3679 
-37.7551 305.954 -40.704 -60.8784 211.67 -64.7012
3 2 0 1 4
3
0 0 0 -12.8053 226.576 23.4764 -73.1482 293.044 73.1482 -117.589 304.481 -7.17009 0 0 0 
0 0 0 -3.11791 91.1209 -41.0762 49.1983 -86.1997 -12.2123 72.8365 0.420309 -68.5176 0 0 0 
-37.6522 305.868 -40.9705 -65.9382 215.887 -74.1853
3 2 1 4 0
4
-23.8498 215.765 -4.06278 -6.98715 232.026 -20.9872 -63.9731 282.984 70.637 -114.132 306.75 -4.33412 0 0 0 
-1.0069 98.1102 -19.3227 -2.99778 99.5487 -9.00436 17.8223 -71.6505 -67.4431 80.3049 -2.15844 -59.5522 0 0 0 
-37.2952 305.803 -43.951 -66.8759 220.616 -87.1735
3 2 0 4 1
5
-29.4293 226.707 -19.322 -15.2435 245.924 -35.3109 -62.2086 275.179 66.0967 -113.1 307.875 -2.9 -51.506 259.119 9.31452 
14.7226 98.9038 -1.13085 -23.1715 90.0197 -36.8719 18.992 -16.661 -96.756 45.896 -0.457254 -88.8445 -34.9179 22.7467 90.9028 
-36.822 305.722 -42.3816 -71.3041 227.023 -93.5433
3 2 4 0 1
3
-31.6006 224.72 -28.0947 0 0 0 -66.2511 265.413 60.001 -111.775 308.219 -2.90325 0 0 0 
-12.6349 98.9724 6.69461 0 0 0 15.1869 22.4711 -96.2518 47.6278 0.672682 -87.9269 0 0 0 
-35.3674 305.479 -40.2698 -74.0702 233.137 -97.443
3 2 0 4 1
2
-31.355 227.835 -26.2235 0 0 0 -73.5901 256.15 36.1918 -112.149 309.251 -0 0 0 0 
-27.988 95.982 -2.03288 0 0 0 52.8054 -14.122 -83.7386 38.8345 -2.97979 -92.1032 0 0 0 
-34.4982 305.059 -38.3411 -72.1345 239.042 -103.343
3 2 0 4 1
3
-33.3118 233.454 -22.7894 0 0 0 -71.0689 239.521 20.3054 -110.809 309.575 -1.45801 0 0 0 
26.6021 90.3793 -33.5249 0 0 0 18.8052 85.0821 -49.0652 70.9334 -0.114249 -70.4871 0 0 0 
-34.377 304.864 -38.1758 -69.3925 240.225 -105.967
3 2 0 4 1
1
-32.4519 233.153 -10.5141 0 0 0 0 0 0 0 0 0 0 0 0 
-46.5429 83.7776 28.5495 0 0 0 0 0 0 0 0 0 0 0 0 
-34.8685 304.618 -38.3089 -64.7736 239.209 -107.788
0 4 3 2 1
2
-14.8611 249.078 -17.9198 0 0 0 -62.5743 237.254 29.0524 0 0 0 0 0 0 
-10.1943 93.0304 35.2338 0 0 0 51.6533 73.8781 -43.2893 0 0 0 0 0 0 
-35.1286 304.585 -39.1337 -63.1748 236.129 -106.418
2 4 3 1 0
2
0 0 0 0 0 0 -60.0326 245.126 36.9431 -27.2312 252.669 9.82137 0 0 0 
0 0 0 0 0 0 0.936592 70.7741 -70.641 74.2577 45.6786 -48.9822 0 0 0 
-35.6901 304.788 -38.6249 -60.7151 230.495 -100.707
2 3 4 1 0
4
-76.5831 256.53 -1.34828 10.7961 254.699 17.9934 -63.9855 251.59 50.9514 -26.6905 246.396 45.2577 0 0 0 
54.0234 83.419 11.0792 -9.98364 69.3865 -71.3151 46.6732 66.5141 -58.288 10.1178 79.1192 -60.314 0 0 0 
-35.1635 305.276 -38.4445 -53.9401 222.747 -91.7026
0 2 3 4 1
4
-79.1315 258.155 0.0991379 20.6931 258.453 25.562 -65.1416 260.968 62.6834 -26.3917 254.713 59.9812 0 0 0 
1.64332 90.6925 -42.0971 -32.5486 63.4169 -70.1348 17.4555 41.7397 -89.1802 3.3383 54.3098 -83.9006 0 0 0 
-34.7901 305.916 -38.4042 -50.0567 217.776 -83.1065
0 2 3 4 1
4
-80.9827 261.178 3.40499 27.7553 267.872 31.5401 -63.1254 273.535 70.855 -21.5392 269.021 68.4188 0 0 0 
-45.3556 -87.3613 17.6317 -47.5055 51.9566 -71.0193 38.4655 53.1248 -75.4862 -1.61375 27.0644 -96.2544 0 0 0 
-33.8668 306.502 -38.1823 -46.3676 214.021 -74.1121
0 2 3 4 1
5
-77.9503 263.55 8.15925 30.657 271.221 31.9343 -59.9023 282.642 78.5386 -18.1486 275.246 72.5945 -89.248 270.711 6.37485 
-32.8548 -61.1456 71.9846 -29.7979 54.2811 -78.5216 29.4197 30.6586 -90.5237 3.41726 34.5422 -93.7825 57.1564 81.8335 -6.03551 
-32.6985 306.972 -37.5402 -42.3554 212.055 -67.5
4 0 2 3 1
5
-91.2887 265.521 33.7643 31.9065 270.984 33.1827 -55.1399 292.692 84.0884 -15.934 281.935 73.0309 -106.327 313.557 -5.90705 
44.882 72.7253 -51.9291 -53.7331 45.9914 -70.6933 9.68176 11.1859 -98.8996 -1.39696 22.3784 -97.4539 68.894 3.83924 -72.3801 
-31.1985 307.343 -37.1856 -40.2746 210.95 -62.2057
4 0 2 3 1
5
-93.604 276.037 48.1021 33.2378 271.434 30.681 -49.0691 297.677 84.1184 -11.9521 281.974 73.0409 -107.634 313.063 -4.42331 
47.2037 54.1979 -69.5298 -55.7863 48.4377 -67.392 12.5236 2.89631 -99.1704 5.44601 41.4953 -90.8211 43.8274 9.41586 -89.3896 
-30.8844 307.659 -36.9021 -41.3633 210.508 -58.1586
4 0 2 3 1
5
-94.1044 298.222 64.609 33.2054 271.17 28.0969 -44.0184 301.494 86.617 -7.9378 280.902 72.7632 -109.041 312.871 -4.4206 
47.3881 14.4712 -86.8617 -58.8349 50.2959 -63.3149 -6.30374 -1.13316 -99.7947 7.56939 33.3065 -93.9861 44.1357 7.90367 -89.3844 
-30.5804 307.923 -36.7487 -46.3628 210.772 -54.4322
4 0 2 3 1
5
-81.927 316.278 71.4999 28.7055 264.998 19.969 -36.6843 299.58 88.889 -3.83583 271.484 69.045 -110.364 312.445 -2.94305 
27.1801 -12.7495 -95.3871 -50.809 62.7441 -59.0053 3.90397 15.317 -98.7428 -21.5137 42.5891 -87.8825 73.2363 7.94508 -67.6263 
-30.7165 308.271 -36.5555 -55.3093 212.532 -51.6976
4 0 2 3 1
5
-78.9953 316.469 74.5239 25.8029 260.888 17.2019 -36.6246 299.092 87.3356 -5.01789 266.358 65.2326 -110.422 312.606 -4.41686 
11.5667 -10.6562 -98.7556 -29.3278 68.0115 -67.1887 -0.0573725 9.45228 -99.5523 1.32579 47.3542 -88.0671 46.0763 6.42226 -88.5196 
-30.8548 308.358 -36.4779 -58.0357 213.374 -51.9482
4 0 2 3 1
3
-74.1017 314.676 75.5837 0 0 0 -37.2325 292.795 88.2548 -9.89145 262.528 40.8022 -110.793 313.659 -0 
26.8388 0.703759 -96.3285 0 0 0 2.88616 11.8605 -99.2522 -4.61369 72.6418 -68.5702 34.0475 4.78412 -93.9036 
-31.4002 308.635 -36.5281 -64.5111 216.087 -54.9266
4 0 2 3 1
4
-51.8062 268.289 66.9689 0 0 0 -26.1017 226.799 6.94915 -9.0022 244.795 -25.5837 -110.471 312.746 1.47294 
66.6851 -71.5873 -20.6966 0 0 0 -6.31409 99.5091 7.62034 7.51504 98.6475 14.5669 46.0329 -0.0647997 -88.7748 
-32.2592 308.915 -36.4929 -69.5922 220.532 -64.6825
4 0 2 1 3
4
-59.3572 280.07 69.9097 0 0 0 -26.737 225.744 -3.48635 -11.3038 249.396 -29.1429 -111.664 311.964 1.46926 
-12.4653 83.6853 53.3046 0 0 0 -11.7603 99.2942 -1.53348 -1.95558 97.2095 23.377 72.8734 7.05969 -68.1148 
-32.5935 309.037 -37.8457 -70.1851 224.282 -75.3094
4 0 2 1 3
4
-66.6837 288.954 72.1273 0 0 0 -28.1578 232.408 -6.59929 -12.9287 251.295 -29.7168 -112.071 313.102 2.94924 
20.026 -73.0705 -65.2661 0 0 0 -0.0334357 98.8645 15.0268 13.8398 89.4239 -42.5656 61.1627 -25.4628 -74.9051 
-33.0352 309.124 -37.8285 -72.3007 228.84 -82.6918
4 0 2 1 3
3
-66.4872 256.673 49.5632 0 0 0 -27.9489 232.887 -4.18346 0 0 0 -111.778 312.281 2.94151 
20.3583 84.8888 -48.7794 0 0 0 9.97292 98.7737 -12.0125 0 0 0 45.7238 8.40372 -88.5365 
-33.2131 309.242 -37.5116 -70.5511 231.285 -87.7966
4 0 2 3 1
4
-50.4684 270.056 28.2649 0 0 0 -27.8175 232.618 -1.02914 -11.6554 254.279 -24.7861 -110.453 312.696 1.47271 
52.1928 -67.9602 51.5492 0 0 0 7.79918 99.6412 3.28789 25.114 80.6811 53.4776 40.0461 5.40965 -91.4715 
-33.5204 309.318 -37.3344 -68.6544 232.704 -91.1481
4 0 2 1 3
4
-57.4979 244.167 41.3985 0 0 0 -28.4575 236.994 4.34413 -10.8013 251.212 -20.7201 -110.741 313.511 1.47655 
3.08804 85.783 -51.3004 0 0 0 -42.1677 81.4907 39.7636 -4.28119 99.5702 -8.21261 41.004 4.66617 -91.0873 
-33.6862 309.555 -37.3846 -65.5237 233.844 -94.4307
4 0 2 1 3
2
-58.1948 247.127 38.4086 0 0 0 0 0 0 -9.81876 256.431 -12.8955 0 0 0 
-7.59144 86.5635 -49.4887 0 0 0 0 0 0 16.1343 93.5812 31.3408 0 0 0 
-34.2891 309.893 -35.5932 -62.9123 234.5 -94.7251
0 4 2 1 3
1
-59.5731 243.25 41.2429 0 0 0 0 0 0 0 0 0 0 0 0 
29.4315 80.8812 -50.9119 0 0 0 0 0 0 0 0 0 0 0 0 
-34.2158 310.171 -34.8354 -60.4797 234.457 -94.6483
0 4 3 2 1
2
-61.0517 244.583 47.2287 0 0 0 0 0 0 -22.9107 243.228 40.0937 0 0 0 
7.53746 78.8434 -61.0484 0 0 0 0 0 0 4.76886 76.7319 -63.9489 0 0 0 
-34.0878 310.691 -34.6835 -56.3271 232.352 -92.7226
0 3 4 2 1
4
-63.8276 250.969 53.1896 0 0 0 14.4006 254.803 24.001 -22.3355 249.602 54.0755 -76.8791 260.19 0.699634 
35.7292 64.6324 -67.4246 0 0 0 -25.3709 76.3996 -59.3247 -12.6585 68.9508 -71.3131 40.446 90.9568 9.53813 
-33.9392 311.043 -34.5763 -52.2467 228.557 -88.0627
4 0 3 1 2
4
-63.7628 255.445 57.7474 0 0 0 18.2186 257.887 27.9352 -21.3758 252.148 59.3773 -78.8491 258.958 1.49123 
21.6648 60.7584 -76.4137 0 0 0 -22.4297 69.2961 -68.5198 10.0122 64.1143 -76.0863 40.2169 91.4512 -4.39147 
-33.7826 311.18 -34.4711 -50.9302 226.772 -85.2776
4 0 3 1 2
4
-61.3312 271.297 72.8308 0 0 0 26.3218 266.135 33.8423 -18.6717 264.301 70.9526 -84.4004 259.717 15.9015 
28.1961 50.2295 -81.7434 0 0 0 -42.9777 56.6093 -70.3442 -10.3464 41.6424 -90.3264 44.673 84.8145 -28.4751 
-33.0041 311.543 -34.4025 -48.3053 221.644 -75.4413
4 0 3 1 2
5
-57.7941 278.892 78.8102 -109.469 318.4 -2.99914 29.2772 270.275 35.6418 -17.7415 269.071 73.5005 -88.3797 264.301 32.3644 
26.1794 43.7785 -86.0121 80.5662 5.14413 -59.0138 -35.219 45.1727 -81.9698 13.8184 44.5538 -88.4535 39.3352 82.2543 -41.0727 
-32.7616 312.038 -33.8867 -47.498 219.562 -68.9711
1 4 0 3 2
4
-53.6276 284.665 83.1228 -110.832 318.008 -0 30.8626 273.04 34.7204 -15.626 276.486 75.5258 -89.7208 272.145 49.9873 
13.8508 28.6522 -94.8009 47.5174 7.01347 -87.7092 -51.1721 46.9816 -71.9316 -2.18815 32.8746 -94.4165 48.23 66.2718 -57.288 
-32.4868 312.656 -33.6189 -46.7625 218.583 -64.3834
1 4 0 3 2
5
-50.2125 288.148 84.1398 -110.892 318.181 -1.49854 33.5398 273.9 36.1198 -13.1725 279.688 76.4006 -89.7988 288.89 63.9477 
9.78597 22.7281 -96.89 47.7161 6.89999 -87.6103 -39.3351 46.4851 -79.3214 -8.92956 30.9839 -94.6587 43.3541 41.0239 -80.2337 
-32.3721 313.202 -33.3731 -48.582 218.057 -59.5392
1 4 0 3 2
5
-48.0125 291.267 86.4225 -112.435 318.306 -1.49913 33.5689 274.138 34.8601 -10.5779 280.746 76.6895 -86.9319 292.984 67.6137 
-4.21373 17.1295 -98.4318 78.969 8.26567 -60.7912 -61.6134 41.6075 -66.8775 9.72721 46.0674 -88.2223 45.9929 39.7059 -79.4235 
-32.3489 313.798 -33.0802 -50.5498 218.305 -56.5246
1 4 0 3 2
5
-47.0197 293.634 87.1247 -112.361 318.098 -1.49815 32.2794 274.152 33.5706 -10.5612 280.305 76.569 -85.5038 297.619 70.0851 
-3.72346 11.115 -99.3106 78.8362 7.97773 -61.0017 -39.0653 51.6997 -76.1646 -11.5141 34.0575 -93.314 20.2322 10.5654 -97.3603 
-32.2735 313.973 -33.0831 -51.6913 218.511 -55.6661
1 4 0 3 2
5
-44.2902 293.875 88.5805 -112.379 318.147 -1.49838 32.2183 273.632 33.507 -9.23152 280.014 76.4897 -84.1559 302.857 72.7449 
7.50231 16.7484 -98.3016 78.9221 7.66926 -60.9302 -59.1124 44.011 -67.5925 -9.0539 33.3565 -93.8369 32.1172 13.6763 -93.7093 
-32.2738 314.203 -33.0267 -53.0478 218.76 -54.4541
1 4 0 3 2
5
-41.7299 295.346 87.6329 -112.477 318.425 -1.49969 33.4845 273.449 33.4845 -7.93377 280.759 75.3708 -81.7378 304.476 74.5678 
5.55026 19.0219 -98.0172 39.892 14.027 -90.6194 -38.6272 48.311 -78.5747 -10.82 35.764 -92.757 20.3873 9.31441 -97.4556 
-32.3322 314.364 -32.9934 -54.5481 219.075 -53.6435
1 4 0 3 2
5
-40.5945 297.218 86.7883 -113.647 317.504 -1.49535 33.4557 273.214 33.4557 -6.63003 281.547 75.5823 -82.0372 305.591 74.8409 
1.92775 17.2335 -98.485 79.4248 5.77301 -60.4845 -42.6235 44.1966 -78.9297 -24.0603 30.8496 -92.0294 21.033 8.81217 -97.3651 
-32.5395 314.483 -32.951 -55.3487 219.198 -52.963
1 4 0 3 2
4
-39.3442 298.351 88.5244 -115.437 318.318 -0 33.5031 273.6 32.2145 -5.31851 282.316 75.7887 -80.7767 306.269 73.5645 
6.32942 14.4913 -98.7418 45.698 10.3338 -88.3454 -44.7813 44.2058 -77.7205 -1.50411 31.5293 -94.8875 27.5052 9.71006 -95.6513 
-32.7731 314.943 -32.6876 -55.4337 219.532 -52.2668
1 4 0 3 2
4
-40.6421 297.566 91.0944 -115.33 318.023 -0 34.6508 272.492 32.084 -5.30805 281.761 75.6398 -80.4512 305.035 76.1413 
6.28311 11.0962 -99.1836 49.035 10.7696 -86.4846 -48.0468 43.2347 -76.3038 -1.07795 25.1844 -96.7708 12.4104 12.4634 -98.4411 
-33.2117 316.432 -32.4296 -55.739 221.282 -53.3829
1 4 0 3 2
4
-39.3285 298.232 88.489 -115.361 318.106 -0 34.6382 272.393 32.0724 -5.30657 281.682 75.6187 -81.9858 305.4 74.7941 
6.02558 11.4033 -99.1648 23.772 26.2995 -93.5052 -42.7389 44.355 -78.7783 1.07285 24.801 -96.8698 18.6592 12.4469 -97.4521 
-33.3732 317.22 -32.5641 -55.6879 222.193 -54.2889
1 4 0 3 2
5
-40.6172 297.384 89.638 -116.673 317.601 -1.49581 34.5378 271.604 33.2586 -6.61362 280.85 75.3953 -82.1976 306.189 74.9873 
-1.12612 16.6039 -98.6055 76.7479 3.39431 -64.0175 -55.7606 42.7096 -71.1804 -22.7039 26.3191 -93.7648 5.60911 13.4654 -98.9304 
-33.893 319.594 -32.8049 -55.7991 224.976 -56.6282
1 4 0 3 2
5
-40.5127 296.618 89.4073 -116.534 317.222 -2.98805 34.4941 271.261 31.939 -6.61967 281.107 74.1403 -82.0124 305.499 73.3796 
-0.339261 16.0934 -98.6959 76.9639 5.26609 -63.6304 -66.2239 42.6384 -61.6146 0.0971025 21.5419 -97.6521 20.2792 12.01 -97.1829 
-34.2 320.677 -33.0942 -55.9437 226.454 -58.5719
1 4 0 3 2
