5
33.8817 256.929 30.2515 -82.3745 253.483 56.1102 -8.37881 254.15 64.6366 -108.037 254.88 -22.8078 -39.7271 255.61 74.6387 
-41.5804 17.3708 -89.2711 18.0155 22.1697 -95.8329 7.11306 9.13042 -99.3279 61.816 38.2733 -68.6581 9.57185 18.4102 -97.8235 
-30.6034 273.766 -42.1876 -24.4686 175.351 -58.8224
3 1 4 2 0
5
33.8763 256.887 30.2467 -82.6529 254.34 56.2998 -9.63621 255.753 65.0444 -109.082 254.516 -20.3779 -37.2497 255.133 75.701 
-43.2364 20.0105 -87.9215 27.0499 22.5664 -93.5898 -10.2003 11.9978 -98.7522 60.6042 36.1671 -70.8454 7.33917 20.7553 -97.5467 
-30.1286 273.72 -41.7479 -24.1719 175.147 -57.4948
3 1 4 2 0
5
35.0968 256.965 31.4661 -82.6014 254.181 56.2647 -9.635 255.721 65.0363 -108.913 254.123 -21.5432 -38.5921 256.067 74.7722 
-42.0093 18.3037 -88.883 16.8092 22.7646 -95.9126 -22.8852 19.3301 -95.4076 47.7201 28.0014 -83.299 14.7673 22.3035 -96.356 
-30.0553 273.714 -41.5832 -24.1618 175.097 -57.073
3 1 4 2 0
5
33.8021 256.325 31.3876 -82.7746 254.714 56.3827 -12.0696 256.27 65.1758 -109.623 253 -22.6396 -39.9905 257.305 75.1337 
-61.2548 20.3198 -76.3869 19.1923 26.1812 -94.5844 -0.763966 13.8148 -99.0382 45.0298 38.6761 -80.4765 1.3843 20.559 -97.854 
-29.8782 273.708 -41.4402 -24.6864 175.022 -56.7462
3 1 4 2 0
5
32.8539 258.362 31.6371 -83.9821 254.738 57.5878 -12.0992 256.898 65.3356 -111.63 252.15 -23.7511 -41.3182 258.029 76.5602 
-43.8625 16.6882 -88.3039 32.0533 24.6832 -91.4512 -2.32548 13.6259 -99.04 63.4052 35.1653 -68.8707 83.1119 -2.75192 -55.5413 
-30.0276 273.709 -41.434 -24.5998 174.909 -55.8902
3 1 4 2 0
5
32.9895 259.428 34.2113 -85.526 255.767 57.8204 -12.0799 256.488 67.6473 -111.207 251.195 -24.8442 -42.8338 259.851 75.877 
-61.147 15.8512 -77.5228 34.1484 25.7586 -90.3902 -16.2024 26.0911 -95.1669 77.7858 43.6131 -45.2467 6.27241 23.2609 -97.0546 
-30.1952 273.723 -41.3242 -24.427 174.759 -54.4732
3 1 4 2 0
5
31.7676 259.428 34.2112 -87.2603 257.329 55.7496 -13.3046 256.811 68.9418 -110.412 249.398 -27.0157 -42.9648 260.645 77.3366 
-43.8491 17.2145 -88.2095 33.6021 28.7857 -89.6788 -0.818056 16.2844 -98.6618 85.7922 41.1877 -30.7126 8.92074 21.751 -97.1973 
-30.4095 273.757 -40.8831 -23.2524 174.695 -52.5253
3 1 4 2 0
5
30.6687 260.472 34.349 -87.3606 257.625 55.8137 -13.3603 257.886 69.2305 -111.606 246.844 -29.0641 -44.5948 263.019 78.0409 
-44.1846 18.3557 -87.8111 15.5347 35.2145 -92.2963 -27.8817 21.2814 -93.6467 69.397 57.1971 -43.7327 12.631 19.3474 -97.2941 
-30.7496 273.84 -40.5761 -23.1881 174.587 -50.1567
3 1 4 2 0
5
29.4923 260.917 35.6366 -87.3567 257.614 55.8112 -14.7675 261.296 68.9152 -111.177 245.894 -30.1104 -46.0675 264.362 77.1943 
-39.4762 16.805 -90.3284 12.8504 36.2269 -92.3173 -23.5931 16.7479 -95.7229 82.4301 48.5228 -29.1687 3.91643 20.8505 -97.7237 
-30.8438 273.912 -40.3624 -22.8501 174.597 -48.8813
3 1 4 2 0
5
29.401 260.109 35.5262 -88.2383 256.649 56.811 -16.041 261.996 69.0998 -108.688 242.919 -30.8901 -47.4848 265.324 78.7248 
-40.2255 20.8759 -89.141 10.906 40.1509 -90.9339 -4.13601 15.7498 -98.6653 80.6251 52.4629 -27.3357 -12.2452 32.075 -93.9215 
-31.2949 274.085 -39.712 -21.6289 174.859 -47.5136
3 1 4 2 0
5
30.4926 258.976 35.3714 -87.101 256.86 55.6479 -13.4444 259.509 69.6663 -105.132 240.025 -31.6525 -48.7585 265.455 80.0139 
-40.636 25.3293 -87.7903 14.5715 36.7706 -91.8455 -14.1965 19.9087 -96.9644 74.1711 57.7465 -34.1173 20.6084 15.6015 -96.6017 
-31.3161 274.312 -39.6868 -19.7098 175.315 -47.733
3 1 4 2 0
5
30.3771 257.995 35.2374 -88.5988 257.697 54.6157 -12.2097 259.245 68.3744 -99.8216 235.498 -33.2739 -52.0213 262.989 75.5548 
-40.9849 27.378 -87.0097 18.5838 38.3316 -90.4728 -7.78643 20.0251 -97.6646 61.0807 64.7455 -45.576 -4.93037 39.2878 -91.8268 
-31.3438 274.562 -39.664 -17.8011 175.83 -47.942
3 1 4 2 0
5
29.2471 258.748 35.3402 -89.9105 257.979 54.6753 -13.3962 258.58 69.4169 -90.0814 230.442 -32.5595 -52.4447 253.078 69.1317 
-60.6558 27.3211 -74.6621 37.7467 36.8262 -84.9648 -7.69473 16.5051 -98.3279 40.2755 66.6874 -62.695 19.0691 43.5477 -87.9771 
-31.1399 274.858 -39.5922 -16.269 176.404 -48.8424
3 1 4 2 0
4
29.265 258.906 36.5813 -89.9341 258.047 54.6897 -14.6522 259.254 68.3768 0 0 0 -53.1847 250.946 61.4579 
-39.6594 26.0945 -88.0125 27.5012 41.0666 -86.9323 -4.04486 21.8236 -97.5057 0 0 0 3.4925 59.4573 -80.3283 
-30.8039 275.223 -39.2709 -15.7899 176.847 -49.1007
1 4 3 2 0
4
28.0199 258.669 37.766 -90.2591 258.979 53.6676 -15.7878 257.86 70.438 0 0 0 -55.1975 249.36 57.5463 
-61.5213 28.1506 -73.6388 11.5941 44.9074 -88.594 -3.82202 22.5981 -97.3382 0 0 0 21.2918 59.3084 -77.6477 
-30.5377 275.45 -39.0227 -16.1776 176.972 -48.8209
1 4 3 2 0
4
28.0951 259.363 40.3104 -91.4161 258.802 53.6308 -18.2832 258.802 70.6952 0 0 0 -58.4099 243.176 49.2476 
-34.3967 24.8386 -90.5534 23.2259 46.3213 -85.5272 -3.65704 33.1833 -94.2629 0 0 0 24.9665 75.1443 -61.0737 
-29.8602 276.428 -38.2463 -16.9533 177.757 -48.123
1 4 3 2 0
3
24.5183 260.295 40.4552 -88.4507 260.84 51.5962 -20.6331 257.704 70.3953 0 0 0 0 0 0 
-37.9017 27.8254 -88.2565 11.266 53.1679 -83.9419 -3.03609 35.4032 -93.474 0 0 0 0 0 0 
-29.9823 277.268 -37.8323 -17.301 178.604 -48.0593
1 4 3 2 0
3
25.7114 259.963 41.628 -87.8375 259.031 47.5786 -21.565 254.38 70.6853 0 0 0 0 0 0 
-33.7472 25.7537 -90.5421 1.32369 62.4337 -78.1043 -2.70107 40.023 -91.6017 0 0 0 0 0 0 
-30.2327 278.081 -36.9233 -18.0726 179.528 -48.7362
1 4 3 2 0
3
23.3352 260.773 41.7577 -88.7925 254.771 46.7961 -26.2521 253.365 66.8235 0 0 0 0 0 0 
-35.707 29.4624 -88.6396 42.6645 60.6297 -67.1102 8.85906 44.4623 -89.1326 0 0 0 0 0 0 
-30.4889 278.832 -36.2479 -16.8431 180.69 -49.7346
1 4 3 2 0
3
23.1412 258.605 41.4105 -89.2459 252.658 45.2179 -27.2353 251.426 63.9438 0 0 0 0 0 0 
-35.4787 34.5001 -86.8965 13.539 64.2643 -75.4109 11.5935 53.6631 -83.5815 0 0 0 0 0 0 
-30.9176 279.494 -35.5831 -15.489 181.95 -51.299
1 4 3 2 0
3
23.0988 258.132 41.3347 -87.0884 253.304 44.1407 -28.2369 249.811 60.0034 0 0 0 0 0 0 
-50.8384 38.2014 -77.1759 39.0322 45.0545 -80.2906 14.5865 57.327 -80.6279 0 0 0 0 0 0 
-31.0277 279.785 -35.4255 -14.315 182.66 -52.3782
1 4 3 2 0
3
23.0883 258.014 41.3159 -85.6086 249 43.3907 -30.7504 241.82 52.3895 0 0 0 0 0 0 
-52.7772 41.5717 -74.07 7.20259 56.3167 -82.3198 -5.60262 75.3281 -65.5309 0 0 0 0 0 0 
-31.2895 280.577 -34.9928 -8.89648 185.387 -55.9083
1 4 3 2 0
3
22.9772 256.773 41.1171 -83.0935 248.493 40.9616 -32.0221 242.827 46.8895 0 0 0 0 0 0 
-51.7841 43.7731 -73.5005 -5.74517 45.2571 -88.9875 24.7087 75.4202 -60.8382 0 0 0 0 0 0 
-31.6068 281.11 -34.0439 -3.53633 188.24 -58.2769
1 4 3 2 0
3
22.9088 256.009 42.2005 -81.9492 245.071 41.5517 -29.855 243.808 44.7824 0 0 0 0 0 0 
-33.8972 44.767 -82.746 -1.52407 60.1561 -79.8682 23.9259 76.8177 -59.3851 0 0 0 0 0 0 
-31.5324 281.36 -33.6973 -0.630211 189.946 -59.9395
1 4 3 2 0
3
22.8607 255.471 42.1119 -80.6497 244.63 40.3248 -28.9993 246.294 42.919 0 0 0 0 0 0 
-32.9281 46.6792 -82.078 -10.2113 57.2768 -81.3332 -9.80695 73.0288 -67.6064 0 0 0 0 0 0 
-31.3159 281.567 -33.1997 0.593506 190.851 -60.6294
1 4 3 2 0
3
22.7239 253.942 43.0559 -80.143 243.093 41.2164 -30.759 241.888 42.1512 0 0 0 0 0 0 
-24.6799 45.848 -85.3749 24.962 68.301 -68.6431 22.9286 80.4851 -54.7397 0 0 0 0 0 0 
-30.6087 281.742 -33.2573 2.16614 191.588 -61.5075
1 4 3 2 0
3
22.7484 254.216 43.1023 -81.2068 242.851 40.0315 -28.873 245.221 41.5771 0 0 0 0 0 0 
-43.1084 47.5123 -76.7088 64.4827 39.9385 -65.1682 11.2492 84.1287 -52.8755 0 0 0 0 0 0 
-30.3903 281.825 -33.3508 2.60168 191.804 -61.7716
1 4 3 2 0
3
21.7035 256.013 42.2012 -80.0911 242.936 40.0456 -28.5684 242.634 41.1385 0 0 0 0 0 0 
-24.1777 44.646 -86.152 -13.0057 55.5879 -82.1026 -14.7402 78.3494 -60.3664 0 0 0 0 0 0 
-30.2885 281.977 -33.0014 2.5472 192.013 -61.78
1 4 3 2 0
3
22.8784 255.669 42.1444 -80.0457 242.798 41.1664 -28.9021 236.027 44.4647 0 0 0 0 0 0 
-24.5003 44.7226 -86.0211 -2.51945 51.6883 -85.5685 24.0241 85.9488 -45.1182 0 0 0 0 0 0 
-30.4331 282.131 -32.7944 -0.975164 190.921 -61.3068
1 4 3 2 0
3
22.8116 254.923 43.2221 -82.3784 242.933 42.3333 -26.841 237.461 50.3269 0 0 0 0 0 0 
-23.02 45.2805 -86.138 -10.7759 73.2695 -67.1972 15.1137 81.3699 -56.1294 0 0 0 0 0 0 
-30.6473 282.452 -33.0826 -8.19967 188.971 -60.6028
1 4 3 2 0
3
22.9452 256.415 43.4751 -82.2434 245.951 41.7009 -25.9711 239.755 55.3298 0 0 0 0 0 0 
-29.4367 45.5149 -84.035 63.7314 62.773 -44.6974 12.8822 75.8312 -63.9036 0 0 0 0 0 0 
-29.9601 282.758 -33.6044 -10.1095 188.218 -59.4535
1 4 3 2 0
5
22.9594 256.574 43.502 -84.5649 245.964 45.1785 -23.9478 242.131 60.4396 -58.3439 242.902 44.6159 -75.8839 233.51 -20.8956 
-42.5241 45.2747 -78.3703 18.9011 69.5811 -69.2908 5.74865 69.8048 -71.374 12.8561 84.5345 -51.852 31.4913 66.8629 -67.3621 
-28.7807 283.087 -34.3748 -10.9509 187.563 -57.9818
4 1 3 2 0
5
22.9399 256.356 44.6724 -85.3902 245.009 47.3108 -22.9104 243.225 64.149 -58.2352 242.449 49.1003 -78.2727 230.825 -19.5682 
-43.1991 45.3921 -77.932 22.3528 65.8628 -71.8502 6.57988 62.1878 -78.0345 15.4294 75.1148 -64.1849 33.4816 68.3876 -64.8237 
-28.6982 283.232 -34.4238 -9.85596 187.7 -57.1998
4 1 3 2 0
5
25.5691 258.524 43.8328 -86.8315 249.144 50.4561 -21.2467 250.625 69.6419 -58.0349 246.448 62.6777 -80.8609 228.919 -21.5629 
-49.03 41.4466 -76.6696 24.6525 56.7878 -78.5327 -4.94088 47.0953 -88.0774 10.4304 60.6493 -78.8218 32.4976 71.8099 -61.5406 
-28.519 283.463 -34.4107 -8.66455 187.478 -54.225
4 1 3 2 0
5
25.699 259.837 44.0554 -87.2158 253.675 52.5684 -21.524 253.896 72.9425 -57.6725 249.907 67.0884 -85.4758 229.732 -22.7214 
-43.0988 38.934 -81.4042 28.0054 45.758 -84.3914 -3.41346 41.0928 -91.1029 14.845 60.4703 -78.2494 40.3189 69.529 -59.4987 
-28.409 283.623 -34.1122 -8.61513 187.176 -51.6081
4 1 3 2 0
5
29.6016 261.884 44.4024 -87.7937 255.356 55.3221 -19.251 255.47 74.5977 -55.1514 254.568 74.3346 -87.1078 228.338 -24.7343 
-36.8199 35.8234 -85.7962 26.5464 43.852 -85.862 -7.14945 37.5759 -92.3955 12.4984 48.6813 -86.4518 18.117 74.6854 -63.9834 
-28.2278 283.731 -33.95 -6.89115 187.219 -49.1196
4 1 3 2 0
5
28.3583 261.793 43.154 -88.563 257.593 55.8068 -19.2782 255.831 74.7032 -54.24 255.925 75.936 -87.4385 229.204 -25.9077 
-38.3162 35.6409 -85.215 27.4615 41.2793 -86.844 -7.66066 35.6304 -93.1225 18.417 48.1101 -85.7102 42.3305 79.2245 -43.9501 
-28.0727 283.804 -33.7862 -6.24004 187.201 -47.6132
4 1 3 2 0
5
28.2434 260.732 44.207 -88.7461 258.126 55.9222 -20.6407 257.799 74.0638 -54.2745 256.088 77.1905 -89.4796 228.903 -25.8736 
-40.1913 33.2927 -85.301 31.2473 43.0312 -84.6872 5.14628 31.1886 -94.8725 3.03139 44.9405 -89.2814 48.7226 67.519 -55.3832 
-27.8925 283.855 -33.6308 -6.04954 187.164 -46.8079
4 1 3 2 0
5
28.2381 260.683 44.1987 -88.7093 258.019 57.1142 -21.982 259.298 74.4944 -54.3979 256.67 77.3659 -92.0655 229.976 -25.995 
-30.3449 37.3836 -87.645 24.3573 39.5201 -88.5714 -8.27672 37.2232 -92.4442 3.95784 43.7546 -89.8325 44.4044 89.5066 -4.10064 
-27.8538 283.875 -33.6234 -5.80736 187.187 -46.4799
4 1 3 2 0
5
28.2652 260.933 43.0122 -88.2166 260.15 58.8111 -19.4994 258.766 74.3415 -52.5451 259.459 78.2066 -95.4801 233.023 -26.3393 
-37.4014 34.6925 -86.0091 36.093 38.2049 -85.0745 4.1334 29.0379 -95.6019 20.5657 37.5466 -90.3731 43.1317 66.1018 -61.4021 
-27.8463 283.913 -33.5135 -6.96767 186.973 -46.4273
4 1 3 2 0
5
30.8434 261.956 41.9471 -86.7147 263.027 61.939 -18.3379 259.575 74.574 -50.5398 261.731 78.8913 -101.248 236.239 -25.5902 
-59.9212 26.5308 -75.5352 41.0972 31.6148 -85.5074 -5.05187 24.7355 -96.7607 1.74238 31.7281 -94.8171 61.3786 70.9844 -34.5526 
-27.8131 283.917 -33.5402 -7.58828 186.843 -46.4862
4 1 3 2 0
5
30.6394 260.223 42.8951 -87.3735 265.025 61.1614 -17.1891 260.694 74.8954 -49.4792 262.644 81.6407 -102.282 238.65 -24.7274 
-26.1054 36.8042 -89.241 26.4768 25.7273 -92.9359 10.954 31.9313 -94.1297 0.607921 29.1731 -95.6481 56.4596 55.552 -61.0433 
-27.8444 283.906 -33.7084 -9.49011 186.488 -46.8572
4 1 3 2 0
5
31.9124 260.611 41.7317 -86.7208 266.858 61.5843 -16.0227 261.696 75.1834 -48.2113 262.476 81.5884 -106.507 245.809 -23.1538 
-33.452 31.6965 -88.7485 20.5925 21.7192 -95.416 -1.70384 22.5893 -97.4003 0.397522 28.7196 -95.7863 77.3 44.4068 -45.3072 
-27.8196 283.869 -33.8104 -12.0807 186.079 -47.5676
4 1 3 2 0
5
31.8802 260.348 41.6895 -85.6678 267.494 61.7312 -14.8083 262.017 74.0415 -48.2223 262.536 80.3705 -108.262 249.858 -21.1817 
-45.3787 29.7863 -83.9854 11.138 22.9805 -96.6842 -11.6312 20.8629 -97.1054 -4.43946 28.668 -95.6997 80.131 42.1093 -42.4951 
-27.8128 283.788 -33.9064 -14.3731 185.746 -48.3024
4 1 3 2 0
5
31.8607 260.188 40.4385 -85.6628 267.478 61.7276 -13.6085 262.677 74.228 -48.2007 262.418 80.3345 -108.823 251.153 -21.2915 
-45.0975 28.9988 -84.4114 24.2404 20.9493 -94.7287 -12.5902 18.1393 -97.5318 -3.74941 29.3387 -95.5258 80.7514 38.9571 -44.2895 
-27.7127 283.726 -34.024 -15.0895 185.599 -48.574
4 1 3 2 0
5
34.4411 261.171 40.5913 -85.661 267.473 61.7263 -12.3678 262.601 74.2067 -47.0123 262.684 81.653 -107.962 254.704 -21.5925 
-61.9075 22.6581 -75.1935 22.6798 17.4582 -95.8167 -12.8724 12.7763 -98.3416 -3.96652 25.0179 -96.7387 69.4255 30.8586 -65.0219 
-27.6047 283.5 -34.269 -17.4515 185.181 -49.4417
4 1 3 2 0
5
33.1545 260.725 39.2942 -84.4567 267.648 61.7668 -12.4187 263.682 73.2701 -46.985 262.531 80.369 -109.663 258.715 -19.4956 
-40.4758 25.9053 -87.6962 21.9939 17.6948 -95.9331 -0.703099 7.72964 -99.6983 -3.65395 24.52 -96.8784 57.5931 29.5602 -76.2183 
-27.6046 283.335 -34.5644 -19.5277 184.915 -50.3224
4 1 3 2 0
5
34.4074 260.915 39.3228 -84.3324 267.255 61.6759 -12.3903 263.08 73.1029 -44.6806 263.525 79.4321 -109.67 261.639 -19.7159 
-30.8083 29.5238 -90.4389 21.4806 18.7482 -95.8493 -1.7388 5.24833 -99.847 17.4924 18.1656 -96.7679 79.8913 44.1189 -40.8767 
-27.6724 283.129 -34.9858 -21.6171 184.685 -51.4823
4 1 3 2 0
5
34.4912 261.55 38.1867 -83.1263 267.424 61.715 -11.191 264.016 73.3631 -44.9329 265.013 79.8806 -109.431 264.036 -18.6531 
-29.6289 27.7312 -91.3954 21.3409 14.5038 -96.6137 -3.86655 5.00311 -99.7999 12.7287 13.9173 -98.2054 84.3624 49.2054 -21.4899 
-27.6511 282.904 -35.1275 -22.9685 184.379 -51.5898
4 1 3 2 0
5
35.8217 262.273 38.2922 -83.5524 268.794 62.0313 -9.90914 262.997 73.0799 -42.8973 267.89 82.0095 -109.244 266.615 -17.5796 
-42.1794 21.2852 -88.1353 20.4088 10.1844 -97.3641 -17.7473 11.8385 -97.6979 9.71675 8.39311 -99.1723 61.4686 16.2584 -77.1834 
-27.6088 282.672 -35.4604 -24.408 184.012 -51.4617
4 1 3 2 0
5
35.8475 262.462 38.3198 -82.2854 268.791 62.0306 -9.95069 264.1 73.3863 -41.9838 270.13 81.4232 -109.7 267.726 -17.6528 
-44.4605 21.0395 -87.0667 19.0505 11.0027 -97.5501 10.3726 18.7075 -97.6854 14.7967 6.646 -98.6757 60.4788 7.60113 -79.2751 
-27.616 282.558 -35.4759 -25.2754 183.774 -50.8489
4 1 3 2 0
5
37.0825 262.454 38.3186 -81.6578 270.909 62.5193 -9.9742 264.724 73.5597 -42.2036 271.544 80.5704 -109.067 272.445 -15.3977 
-66.1234 17.7585 -72.8858 20.4044 4.19736 -97.8062 -5.84544 5.66381 -99.6682 14.7529 4.61053 -98.7983 59.3939 6.47667 -80.1899 
-27.5286 282.343 -35.4771 -26.978 183.303 -49.286
4 1 3 2 0
5
35.8953 262.811 38.3708 -79.8656 273.51 64.4078 -9.99035 265.153 72.43 -42.6565 274.458 80.1424 -110.263 272.23 -15.3855 
-36.8883 21.6864 -90.3823 27.0783 1.34829 -96.2546 -16.3131 10.21 -98.1307 17.2689 4.99532 -98.3709 56.3615 9.04527 -82.107 
-27.2303 282.16 -35.2191 -28.298 182.9 -47.3167
4 1 3 2 0
5
37.2326 263.516 40.9559 -78.9975 274.972 64.7521 -10.0097 265.666 72.5704 -40.0858 274.558 80.1716 -107.009 273.746 -15.4712 
-36.7721 17.9822 -91.2384 20.0767 -4.19519 -97.874 -9.32625 9.42641 -99.1169 12.0728 1.88742 -99.2506 93.615 24.0864 -25.6138 
-26.888 281.997 -35.0026 -28.691 182.687 -46.5891
4 1 3 2 0
5
37.4558 265.096 41.2014 -77.011 277.144 66.5688 -7.53907 266.791 74.1342 -38.9416 275.612 83.0755 -109.345 273.14 -12.8641 
-36.0825 16.231 -91.8401 37.3365 2.00578 -92.7468 -25.7017 16.3243 -95.252 15.5683 5.22809 -98.6423 91.2973 27.7092 -29.9501 
-26.5988 281.849 -34.4471 -28.346 182.439 -45.1472
4 1 3 2 0
5
38.6778 264.914 39.9255 -77.0591 277.318 67.9165 -8.81818 267.477 74.3247 -39.0894 276.658 82.0878 -108.824 271.839 -14.0831 
-36.8706 15.3 -91.6868 15.7716 -2.55681 -98.7154 -6.80506 5.34298 -99.625 4.97701 0.922588 -99.8718 53.3359 12.4233 -83.6716 
-26.5087 281.72 -34.2217 -28.6361 182.241 -44.1948
4 1 3 2 0
5
37.4126 264.79 41.1538 -77.0682 277.35 67.9245 -8.84631 268.33 73.298 -39.1864 277.344 82.2913 -108.697 271.521 -14.0667 
-36.5893 16.47 -91.5967 22.2821 -2.03057 -97.4648 -6.2009 9.0994 -99.3919 5.64922 1.1047 -99.8342 49.7412 16.5538 -85.1574 
-26.4181 281.602 -34.0607 -28.6101 182.09 -43.6797
4 1 3 2 0
5
37.3811 264.567 39.8732 -77.097 277.454 67.9499 -8.85501 268.594 73.37 -39.1579 277.142 83.5368 -107.505 271.742 -12.7983 
-36.4122 15.6834 -91.8051 38.9709 2.13936 -92.0689 9.07085 7.53387 -99.3024 7.50274 2.69762 -99.6816 80.7634 5.9526 -58.6672 
-26.3509 281.552 -34.0619 -28.9146 182.047 -43.6601
4 1 3 2 0
5
37.3493 264.342 39.8393 -77.125 277.554 67.9746 -8.87041 269.061 73.4977 -39.219 277.575 82.3599 -107.375 271.413 -14.061 
-36.3208 17.1414 -91.5804 21.6698 0.277127 -97.6235 -5.93182 3.60429 -99.7588 9.30005 2.56968 -99.5334 80.1675 6.8103 -59.3868 
-26.2602 281.437 -34.1459 -29.6005 181.9 -43.1601
4 1 3 2 0
5
37.302 264.008 39.7888 -75.671 277.017 67.8429 -7.58949 268.576 73.3651 -40.4969 277.374 83.6066 -108.525 271.092 -14.0444 
-36.3981 17.4266 -91.4959 20.7624 -1.02139 -97.8155 -5.46616 2.70894 -99.8137 9.93481 1.89423 -99.4872 42.6377 23.2435 -87.4172 
-26.2396 281.381 -34.1532 -30.0164 181.891 -43.5152
4 1 3 2 0
5
37.277 263.83 39.7621 -76.9108 276.784 67.7857 -8.82364 267.642 74.3707 -40.4446 277.016 83.4986 -108.614 271.313 -14.0559 
-36.1861 18.6835 -91.3318 21.764 1.2544 -97.5948 -18.2302 9.4722 -97.8669 33.5181 -4.00211 -94.1303 79.7408 11.0417 -59.3253 
-26.2389 281.332 -34.2199 -30.4192 181.879 -43.7939
4 1 3 2 0
