5
-88.2964 253.348 -31.0231 -57.4224 290.294 66.9929 6.62468 281.319 63.5969 49.1194 274.457 34.9006 -15.509 299.361 76.1349 
76.6922 60.1754 -22.2987 4.38676 24.0977 -96.9539 -1.587 20.1823 -97.9293 -38.5242 25.5232 -88.6817 2.32837 8.89576 -99.5763 
-10.2753 296.143 -38.1088 3.36975 197.122 -41.0816
0 1 4 2 3
5
-85.7491 252.873 -29.774 -55.7673 288.803 65.2886 7.78797 275.599 68.7937 51.6671 274.258 36.1669 -15.2408 294.184 78.9749 
69.1844 62.7597 -35.7035 32.3488 19.2897 -92.6362 -5.61508 23.4475 -97.0499 -35.4101 26.9375 -89.5572 2.09083 15.5585 -98.7601 
-10.4778 296.212 -37.7587 5.68314 197.679 -43.2445
0 1 4 2 3
5
-84.4463 252.538 -30.924 -54.2405 287.918 65.0886 7.77832 275.258 68.7085 51.55 273.637 36.085 -15.2337 294.049 78.9385 
64.568 72.3899 -24.3038 2.84315 20.2389 -97.8893 0.349791 24.0846 -97.0557 -51.1525 26.7966 -81.6417 4.90642 14.4387 -98.8304 
-10.4895 296.232 -37.6806 6.82727 197.924 -43.6614
0 1 4 2 3
5
-84.4162 252.448 -30.913 -54.2923 288.193 65.1507 7.77542 275.155 68.6828 51.5114 273.432 36.058 -15.1941 293.283 80.1143 
64.2715 72.7422 -24.0364 2.83135 18.7347 -98.1886 0.250482 23.9235 -97.0958 -34.5087 26.8794 -89.9258 4.99579 15.1548 -98.7187 
-10.4589 296.239 -37.6511 6.96723 197.959 -43.7738
0 1 4 2 3
5
-86.6539 252.041 -30.863 -55.4105 286.955 66.2223 6.53006 277.302 67.9127 48.8801 273.12 36.0169 -15.2057 293.507 80.1755 
67.8109 73.0768 -7.8391 3.91778 23.5482 -97.1089 -0.050966 22.9622 -97.328 -27.8695 25.9705 -92.4598 3.95053 10.8437 -99.3318 
-10.2495 296.25 -37.5911 6.70525 197.919 -44.1984
0 1 4 2 3
5
-87.7561 251.797 -30.8332 -58.2321 287.541 66.3575 5.19149 275.573 68.7872 49.0143 273.87 36.1158 -18.1551 296.525 79.6034 
51.5647 59.1397 -61.9966 11.5256 25.2159 -96.0798 -1.8242 26.385 -96.4391 -32.6516 23.5448 -91.5397 13.4506 5.55127 -98.9357 
-10.3432 296.257 -37.5287 5.64641 197.704 -43.1582
0 1 4 2 3
5
-89.2445 252.654 -33.3179 -59.6919 288.05 65.1185 1.3205 280.379 64.7047 46.5946 274.813 36.2402 -19.6898 298.619 80.1654 
61.9005 73.917 -26.5444 7.73135 29.8947 -95.1133 1.70605 23.0944 -97.2817 -38.4174 16.3983 -90.8581 17.2088 7.16035 -98.2476 
-11.535 296.262 -37.4912 4.47751 197.654 -41.9533
0 1 4 2 3
5
-93.1489 253.564 -33.4381 -64.3605 290.755 65.7299 -2.63956 280.225 65.9891 42.1481 279.662 36.8796 -25.5624 301.533 72.4268 
71.6781 53.6858 -44.4981 24.7581 18.2201 -95.1581 70.8646 -69.2633 13.4463 -38.3539 10.9995 -91.6951 1.15785 29.2907 -95.6071 
-13.996 296.275 -37.7206 3.76859 197.929 -41.2565
0 1 4 2 3
5
-95.2635 252.838 -34.533 -70.1343 291.988 64.6335 -9.14436 277.371 62.7042 36.5596 277.236 36.5596 -29.6683 299.971 72.0516 
66.996 55.9937 -48.7467 19.4385 16.9965 -96.6088 -20.9743 50.676 -83.6183 -53.2689 26.0063 -80.5363 7.7727 11.5183 -99.0299 
-17.665 296.32 -38.1678 2.82693 198.555 -42.8668
0 1 4 2 3
4
-99.5765 251.7 -35.563 -76.0957 293.767 65.0273 0 0 0 29.0902 280.756 38.3462 -24.1818 285.247 68.5151 
45.394 67.9058 -57.6904 31.4737 12.539 -94.086 0 0 0 -50.9945 21.794 -83.2141 -58.2285 77.6584 -24.0543 
-22.0233 297.033 -38.5101 2.74181 200.245 -42.8536
0 2 1 4 3
4
-100.425 250.859 -35.4442 -77.3536 293.29 64.9218 0 0 0 25.9987 276.012 38.9981 -31.1064 287.162 71.6799 
53.3152 65.0536 -54.0881 15.4803 18.0653 -97.1288 0 0 0 -21.7739 19.0064 -95.7322 -3.56439 38.8592 -92.072 
-24.0965 297.533 -38.6507 2.28876 201.233 -44.1352
0 2 1 4 3
4
-103.236 249.089 -36.3673 -81.7703 289.367 62.6906 0 0 0 19.6114 277.602 40.5303 -40.9657 289.937 76.4692 
44.525 67.1206 -59.2651 33.7492 17.9751 -92.4007 0 0 0 -29.4676 22.0681 -92.9767 11.1434 7.57675 -99.0879 
-28.3413 299.485 -39.6605 0.258801 203.998 -47.677
0 2 1 4 3
4
-103.152 246.089 -35.9293 -90.5322 291.249 61.7265 0 0 0 7.88702 279.105 40.7496 -52.8211 287.573 77.2001 
55.9112 79.4583 -23.6712 32.6707 18.4574 -92.6927 0 0 0 -26.337 16.7663 -95.0013 32.9646 -6.44569 -94.1902 
-35.1306 303.486 -39.8613 1.1036 210.963 -51.1093
0 2 1 4 3
4
-102.42 244.343 -34.5236 -94.6163 291.154 61.7063 0 0 0 3.93826 278.733 42.0081 -58.0991 286.884 75.6639 
51.5346 81.1238 -27.6247 18.9133 23.1219 -95.4341 0 0 0 -24.6919 14.7846 -95.7691 6.29683 41.9026 -90.5788 
-37.4465 304.559 -39.9083 2.45012 213.686 -52.1715
0 2 1 4 3
4
-101.024 243.752 -32.144 -98.9398 291.772 63.2115 0 0 0 -2.61678 277.807 43.1769 -63.1823 291.637 79.6646 
45.2442 70.5181 -54.5909 16.6594 19.9214 -96.5692 0 0 0 -16.8403 16.5787 -97.1676 23.6244 -73.3945 -63.68 
-40.1898 305.217 -40.1302 1.97392 215.516 -53.3958
0 2 1 4 3
4
-96.9277 245.005 -28.8475 -100.989 289.767 58.683 0 0 0 -10.5898 281.063 43.683 -67.535 292.643 75.8046 
30.6818 94.8447 -7.94459 20.5516 23.2827 -95.0555 0 0 0 -24.867 8.30421 -96.5022 17.7297 -58.1475 -79.4011 
-42.9618 305.954 -40.8906 2.04313 217.59 -53.7909
0 2 1 4 3
3
0 0 0 -103.417 288.925 58.5125 0 0 0 -15.4519 273.405 43.7804 -68.7213 291.828 72.8446 
0 0 0 24.7354 25.4662 -93.486 0 0 0 -9.4765 35.066 -93.1696 25.0748 -45.3729 -85.5135 
-43.8398 306.429 -40.9836 2.75154 218.705 -52.5522
2 0 1 4 3
3
0 0 0 -108.685 288.458 57.0594 0 0 0 -23.5731 278.067 45.8366 -76.8057 291.213 76.8057 
0 0 0 12.5432 27.02 -95.4599 0 0 0 -11.1045 19.1674 -97.5156 27.6504 -10.9025 -95.4809 
-47.2277 308.035 -41.7253 4.52359 222.983 -51.1037
2 0 1 4 3
3
0 0 0 -109.205 286.261 55.2766 0 0 0 -27.2793 275.816 41.5684 -79.1329 289.69 76.4042 
0 0 0 15.0086 27.7833 -94.8833 0 0 0 -17.9778 24.3471 -95.3101 31.8843 -3.51171 -94.7157 
-49.3479 308.977 -41.9367 7.05605 226.876 -50.7776
2 0 1 4 3
4
-62.9891 249.222 14.6527 -112.688 284.842 55.0026 0 0 0 -31.5175 278.834 42.0233 -79.8028 287.191 74.3924 
-46.2109 87.1617 -16.3519 15.8902 24.1068 -95.7411 0 0 0 3.64899 19.3322 -98.0456 26.4134 -5.99384 -96.2622 
-51.2782 309.91 -42.4037 7.42154 229.55 -52.2259
2 0 1 4 3
4
-81.2026 258.372 -29.5912 -113.569 283.692 53.4443 0 0 0 -32.7313 277.99 41.8961 -80.4559 284.716 75.0922 
8.53531 47.4802 -87.5944 28.9308 14.7315 -94.5833 0 0 0 2.49999 21.5114 -97.6269 29.4561 5.99554 -95.375 
-55.5344 310.446 -41.5399 4.71087 231.494 -53.2455
0 2 1 4 3
4
-66.2399 249.357 9.82886 -114.676 283.125 54.671 0 0 0 -34.6845 272.758 39.823 -83.222 285.005 75.1683 
-42.3783 79.2161 -43.9191 13.184 30.089 -94.4502 0 0 0 1.36326 29.2983 -95.6021 -10.7551 32.4831 -93.9637 
-58.423 310.764 -40.6462 -3.55265 228.804 -57.1347
2 0 1 4 3
4
-66.2372 247.829 9.0659 -116.142 283.45 54.7338 0 0 0 -34.5077 271.367 42.1761 -83.12 284.655 75.0761 
-55.118 74.7515 -37.0704 40.6512 15.6201 -90.0194 0 0 0 -2.58287 29.0408 -95.6554 -16.2932 40.4153 -90.0063 
-58.8236 310.868 -40.6396 -6.29454 227.713 -58.695
2 0 1 4 3
4
-67.1737 249.088 5.75974 -117.164 282.694 54.5878 0 0 0 -34.3597 270.203 39.45 -84.4214 284.523 75.0413 
-50.6279 51.2594 -69.3491 36.9018 18.4514 -91.0923 0 0 0 -0.0507033 32.9633 -94.4109 -14.357 33.1438 -93.2489 
-59.6008 311.029 -40.5459 -9.1846 227.084 -60.828
2 1 0 4 3
3
0 0 0 -118.469 282.632 55.9069 0 0 0 -35.2878 267.591 39.0686 -85.7178 284.378 76.3424 
0 0 0 17.8829 30.2072 -93.6361 0 0 0 -0.269411 38.0598 -92.4737 25.1084 14.194 -95.7502 
-59.8695 311.211 -40.6899 13.3756 243.508 -47.8574
2 0 1 4 3
3
0 0 0 -118.283 282.187 54.4899 0 0 0 -37.6681 266.599 38.9237 -82.0996 281.161 75.4787 
0 0 0 36.6566 24.8648 -89.6551 0 0 0 -2.24476 39.0829 -92.0189 7.43722 25.7869 -96.3313 
-60.2619 311.345 -40.7356 33.9212 282.344 -23.7516
2 0 3 1 4
3
0 0 0 -118.079 281.7 54.3957 0 0 0 -35.9689 263.351 38.4495 -82.025 280.905 74.0871 
0 0 0 28.2434 29.0589 -91.4215 0 0 0 -2.17791 40.7261 -91.3052 7.11941 24.1694 -96.7737 
-60.5164 311.445 -40.818 33.7516 282.217 -24.7155
2 0 3 1 4
3
0 0 0 -119.344 281.555 54.3679 0 0 0 -33.1361 260.581 38.0451 -81.4785 279.034 74.9077 
0 0 0 26.7465 27.8056 -92.2577 0 0 0 5.41098 50.0944 -86.3787 17.8511 23.5823 -95.526 
-61.0191 311.515 -40.8424 34.4294 287.948 -22.5619
2 0 3 1 4
5
-68.0743 249.19 2.84257 -119.187 281.185 54.2963 -79.0824 251.129 -24.8244 -30.8991 262.429 38.3149 -81.4526 278.945 74.8839 
-5.50327 78.8251 61.2888 24.2588 27.9071 -92.9123 -58.6296 -18.7747 -78.8041 -6.22542 46.3648 -88.383 20.3764 22.2538 -95.3392 
-61.1463 311.557 -40.834 -42.5733 221.384 -79.8701
2 1 0 4 3
5
-66.4557 249.904 8.18807 -116.794 281.801 55.7424 -80.6157 254.063 -26.6195 -27.2364 262.865 38.3786 -81.5335 279.222 76.2733 
-54.6458 80.937 21.5182 38.3341 24.1504 -89.1474 -0.912808 -31.8997 94.7712 -14.8234 45.1951 -87.964 17.9835 20.3099 -96.2502 
-61.4051 311.691 -40.283 -55.1096 221.346 -82.6892
2 1 4 0 3
3
0 0 0 -114.958 283.823 56.1424 0 0 0 -22.3462 263.594 38.4851 -79.1709 280.169 76.5318 
0 0 0 23.9744 19.6862 -95.0667 0 0 0 6.40629 52.295 -84.9952 18.0885 11.9191 -97.6255 
-60.1598 311.845 -39.2272 -57.5033 220.823 -80.5545
1 4 2 0 3
4
0 0 0 -113.215 286.173 57.9552 -85.0716 255.532 -32.0143 -17.2293 261.303 39.3812 -78.4687 282.39 75.8087 
0 0 0 26.4108 20.4836 -94.2491 25.0188 -60.6433 75.4748 -18.9326 50.634 -84.1294 25.3674 2.61041 -96.6938 
-56.9024 312.136 -39.6307 -51.7845 220.626 -79.6289
2 1 4 0 3
4
0 0 0 -110.8 286.901 58.1025 -85.0516 258.953 -33.4148 -13.5819 262.164 38.2763 -76.181 283.777 73.5079 
0 0 0 26.9796 26.5057 -92.5719 16.7003 -66.5946 72.7067 -11.3224 50.2563 -85.7094 57.3621 -31.9294 -75.4327 
-53.797 312.397 -39.4197 -47.2856 220.731 -78.8522
2 1 4 0 3
4
0 0 0 -109.439 286.875 56.7462 -84.8761 254.385 -31.8671 -12.3554 262.339 39.5373 -74.5373 282.612 75.8683 
0 0 0 23.772 25.4772 -93.7326 -35.4493 -88.8806 29.0445 3.80511 49.278 -86.9321 29.6433 -50.7397 -80.9121 
-51.4701 312.527 -39.6528 -43.3563 220.803 -78.6518
2 1 4 0 3
3
0 0 0 -105.09 286.07 57.9343 0 0 0 -7.41664 262.459 40.7915 -70.818 283.709 74.8266 
0 0 0 25.7172 25.9568 -93.0853 0 0 0 -15.8157 53.2353 -83.1617 25.2818 -66.6156 -70.1655 
-48.5455 313.025 -39.605 -40.4288 221.233 -78.4408
1 4 2 0 3
4
0 0 0 -101.095 286.202 57.961 -81.1084 255.366 -31.3792 -3.73419 264.29 41.0761 -68.29 284.31 74.9851 
0 0 0 23.0203 24.5021 -94.1792 -15.8473 -98.5917 5.34137 -23.9832 48.7523 -83.9525 21.7071 24.3325 -94.5343 
-45.113 313.47 -39.5076 -37.0605 221.578 -78.1212
2 1 4 0 3
3
0 0 0 -97.0975 286.339 57.9888 0 0 0 2.5071 266.163 41.3672 -61.0641 281.86 78.3213 
0 0 0 25.0855 26.0353 -93.2356 0 0 0 -15.4657 44.9721 -87.9677 9.18054 28.4955 -95.4134 
-40.8782 313.732 -39.3522 -30.7291 221.6 -76.8867
1 4 2 0 3
3
0 0 0 -93.157 286.663 59.4045 0 0 0 6.2603 265.846 38.8139 -55.8284 282.235 75.7671 
0 0 0 29.7084 27.7872 -91.3525 0 0 0 -3.6932 45.5919 -88.9255 53.9749 6.90069 -83.8993 
-36.8828 313.881 -39.0883 -26.9917 221.226 -75.3806
1 4 2 0 3
3
0 0 0 -89.6822 288.514 62.5057 0 0 0 12.4989 265.386 39.9966 -49.3767 283.352 76.0669 
0 0 0 20.8452 20.8296 -95.5594 0 0 0 -5.39338 47.1362 -88.0289 -1.91569 35.289 -93.5469 
-33.3891 312.296 -38.7781 -20.8516 218.868 -72.1563
1 4 2 0 3
5
-22.6806 267.539 57.9616 -86.9495 288.464 59.7777 -81.0189 242.289 -27.3867 17.7284 268.873 39.2558 -48.31 284.931 79.1747 
13.5467 46.403 -87.54 30.9943 27.2138 -91.0976 23.6433 92.9502 -28.3065 -42.0971 44.7292 -78.9122 23.4038 19.5075 -95.2456 
-30.1585 311.384 -38.5009 -14.0938 217.612 -69.3032
2 1 4 0 3
5
-20.2757 269.067 63.3616 -84.1204 288.081 61.0551 -81.0369 242.342 -28.5341 22.7353 268.185 40.4184 -44.8957 288.866 77.5471 
-14.3131 59.8615 -78.8145 31.6294 21.4492 -92.4095 35.5072 79.3802 -49.3762 -27.2881 42.9039 -86.1082 6.60591 15.6512 -98.5464 
-28.1052 310.709 -37.9024 -7.7779 216.821 -65.6835
2 1 4 0 3
5
-18.9072 267.634 68.0659 -84.0268 287.761 60.9872 -83.2387 242.107 -28.5064 25.3358 268.974 40.5373 -43.5999 289.295 79.0249 
3.38168 45.116 -89.1802 31.3364 23.0594 -92.1211 43.4127 77.6704 -45.636 -22.4482 41.6663 -88.0909 9.38234 17.759 -97.9622 
-27.0877 309.736 -37.6394 -5.98285 215.441 -63.3909
2 1 4 0 3
5
-14.0995 272.154 70.4974 -82.786 288.159 61.0717 -84.359 242.05 -30.7796 29.3262 270.728 39.5267 -42.371 290.21 80.6417 
-6.91937 35.6421 -93.176 39.6323 27.3018 -87.6578 44.1168 79.787 -41.082 -20.7862 35.3797 -91.1932 17.3974 11.8437 -97.7602 
-25.4426 308.03 -37.6469 -4.37539 212.921 -60.2397
2 1 4 0 3
5
-11.6743 275.419 70.046 -80.4634 289.569 61.3704 -85.7504 242.762 -32.0135 33.3724 272.533 38.5066 -39.8388 291.684 79.6776 
0.525798 22.1595 -97.5125 28.1614 19.5367 -93.9428 40.75 73.7479 -53.858 -26.6092 32.7296 -90.6682 5.16956 11.3319 -99.2213 
-23.6754 306.129 -37.5693 -2.91069 210.329 -57.3492
2 1 4 0 3
5
-6.50626 276.291 71.5688 -77.9577 290.395 61.5456 -84.8162 243.362 -33.2388 35.9791 272.833 37.2641 -36.1127 294.912 79.1701 
-5.1417 18.4429 -98.15 24.8935 18.5691 -95.0552 52.1755 74.9901 -40.6719 -36.1402 31.5409 -87.7443 -1.89372 5.34946 -99.8389 
-22.1067 304.716 -37.5327 -1.98925 208.341 -55.0603
2 1 4 0 3
4
0 281.429 70.249 -72.9972 292.439 59.2242 -82.7597 244.057 -35.6326 43.8177 273.638 36.0852 -29.3675 296.929 78.3132 
-3.60105 20.0092 -97.9115 30.7255 13.4698 -94.2046 46.2089 83.0253 -31.1695 -35.0143 29.0057 -89.0656 6.05665 7.15918 -99.5593 
-17.7766 303.518 -39.0953 3.00874 206.717 -53.148
2 1 4 0 3
5
3.96427 280.574 70.0354 -69.399 294.706 61.0712 -79.5218 244.705 -35.7272 47.7562 274.052 34.8491 -25.373 299.299 80.3479 
-8.19005 19.2168 -97.7938 32.2407 13.6385 -93.6725 57.1341 71.3802 -40.5039 -41.7772 28.2974 -86.3361 5.63007 0.917584 -99.8372 
-14.1295 302.994 -39.675 5.65609 205.783 -52.2613
2 1 4 0 3
5
9.32007 282.7 69.2348 -65.0223 293.745 60.872 -77.3027 244.977 -34.6131 52.0642 276.366 35.1433 -21.1714 299.684 79.0398 
-9.40915 9.15256 -99.1348 28.8024 13.6892 -94.7788 57.6972 71.6906 -39.1343 -61.0954 21.0596 -76.3142 16.1543 3.16148 -98.6359 
-10.9657 302.346 -39.6875 7.79306 204.778 -51.0267
2 1 4 0 3
5
13.285 282.076 70.4104 -61.9427 292.269 60.5662 -75.2453 245.794 -34.7286 55.3981 273.547 33.4965 -18.2195 297.577 78.4841 
10.5148 22.7765 -96.8022 28.676 13.7425 -94.8094 52.9259 80.7347 -26.0914 -36.0092 33.4452 -87.0905 15.8051 4.51536 -98.6398 
-8.02184 301.754 -39.7966 9.69827 203.913 -50.4337
2 1 4 0 3
5
14.551 280.87 70.1093 -59.355 293.085 62.1157 -72.0197 246.641 -36.0098 58.0453 273.879 33.5373 -15.3724 296.726 79.6572 
7.42842 16.1652 -98.4048 19.9803 11.0874 -97.3543 53.0669 67.5093 -51.2484 -36.1544 32.7566 -87.2918 8.41735 0.94955 -99.6406 
-5.62167 301.233 -39.7589 10.7281 203.036 -49.2449
2 1 4 0 3
5
17.2426 281.62 70.2967 -56.5859 293.042 60.7264 -71.7437 245.695 -37.029 59.5698 274.963 32.3749 -13.979 296.813 78.2826 
-3.45456 12.6897 -99.1314 25.3785 13.4865 -95.7813 60.0759 71.2832 -36.1883 -61.7068 23.0621 -75.2357 11.8243 2.2142 -99.2738 
-3.98672 300.781 -39.7666 11.3138 202.359 -48.6553
2 1 4 0 3
5
18.635 282.622 69.2156 -56.5458 292.834 59.3041 -72.7433 245.165 -36.949 61.0979 276.016 33.7988 -12.5847 296.897 79.7032 
-7.89815 6.25994 -99.4909 21.745 13.4638 -96.6741 59.433 71.5413 -36.7364 -34.883 26.2482 -89.9678 -5.74245 1.71881 -99.8202 
-3.3368 300.55 -39.7682 12.128 202.134 -48.4395
2 1 4 0 3
5
19.8871 281.504 70.2677 -54.9252 291.553 59.0446 -71.4198 244.586 -36.8618 62.213 275.198 32.4026 -11.1497 295.922 78.0476 
-12.4688 9.26803 -98.7858 17.4475 16.2537 -97.1154 52.6108 70.5072 -47.5484 -49.3463 25.2908 -83.2185 13.0329 3.96468 -99.0678 
-1.57399 299.88 -39.9351 15.2673 201.668 -48.3518
2 1 4 0 3
5
19.8429 280.879 70.1116 -54.7047 290.382 60.1752 -70.2379 244.482 -35.6947 63.4559 274.967 32.3755 -11.1166 295.044 77.816 
-20.9998 8.79989 -97.3734 22.3944 15.7452 -96.1799 60.0839 69.9841 -38.6283 -32.3254 29.2016 -90.013 14.2361 -1.11467 -98.9752 
-1.03007 299.662 -40.2027 16.1575 201.477 -48.2235
2 1 4 0 3
5
21.1508 280.68 68.74 -53.2732 290.034 60.1031 -69.221 244.958 -35.7642 63.239 274.027 33.5554 -9.68396 293.738 80.2385 
10.1164 24.2184 -96.4942 18.9997 15.5129 -96.9451 56.1337 77.552 -28.8911 -38.1044 26.7847 -88.4909 12.9483 6.30045 -98.9578 
-0.524278 299.239 -40.0407 15.9472 200.961 -48.4194
2 1 4 0 3
5
19.7239 279.194 68.3762 -53.243 289.87 61.4342 -69.2418 245.032 -35.7749 61.5662 272.337 33.3483 -9.64112 292.439 81.2609 
-5.91081 13.8208 -98.8638 23.8571 15.9319 -95.7967 55.9675 77.3148 -29.8338 -56.0482 25.5301 -78.7834 6.2854 10.6774 -99.2295 
-0.289673 298.877 -39.9168 15.6934 200.502 -48.0975
2 1 4 0 3
