5
51.9188 244.973 58.8413 -91.7399 252.972 -1.19143 -56.7364 250.972 85.1046 3.48809 246.872 93.0158 -24.9063 251.823 103.183 
-40.9342 25.8199 -87.5084 82.0221 46.2658 -33.643 34.3425 23.408 -90.9542 -41.1323 30.4909 -85.8978 11.7376 23.7772 -96.4203 
-10.0622 263.568 -15.2991 -12.3171 164.116 -25.5081
1 2 4 3 0
4
51.8603 244.696 59.9274 -90.9669 254.141 -0 -56.7621 251.086 85.1432 3.49522 247.377 93.206 -24.9022 251.782 103.166 
-30.9385 26.5945 -91.2992 56.5701 30.4716 -76.6244 34.3914 23.319 -90.9585 -51.1574 33.5572 -79.1002 10.6156 24.1262 -96.4637 
-10.178 263.909 -14.6897 -12.3064 164.505 -25.3791
1 2 4 3 0
5
51.9523 245.131 60.0338 -90.8215 253.735 -1.19502 -56.7797 251.164 85.1695 3.49451 247.326 94.3518 -26.1753 252.624 102.322 
-38.4497 27.8475 -88.0121 90.5531 41.156 -10.3113 31.0765 21.9781 -92.4728 -42.8301 31.1101 -84.8396 -7.76673 25.984 -96.2523 
-10.1924 264.247 -14.3618 -12.0529 164.885 -25.485
1 2 4 3 0
5
52.0442 245.564 60.14 -90.7947 253.66 -1.19467 -56.7731 251.135 85.1596 3.49569 247.41 94.3836 -24.9227 251.989 102.064 
-33.5971 27.6487 -90.0377 90.3175 36.8766 -21.9742 31.8786 22.4809 -92.078 -40.9629 31.1806 -85.7311 -9.17514 26.3253 -96.0354 
-10.2241 264.574 -14.3242 -12.1882 165.279 -26.017
1 2 4 3 0
5
51.9627 245.18 60.0458 -90.791 253.65 -1.19462 -56.7856 251.19 86.3614 3.50173 247.837 94.5467 -24.9294 252.056 103.279 
-38.0201 28.4815 -87.9959 52.7748 32.0895 -78.6453 14.3082 19.9149 -96.9468 -41.1901 31.3537 -85.5589 -14.1012 25.8997 -95.5529 
-10.067 264.877 -14.1694 -11.5261 165.576 -25.8813
1 2 4 3 0
5
52.0273 245.484 60.1204 -90.7905 253.648 -1.19461 -56.8463 251.458 86.4537 3.51186 248.554 94.8202 -23.8627 253.335 101.417 
-35.568 30.8448 -88.2242 51.8285 32.1224 -79.2588 15.1816 18.6044 -97.0742 -51.0884 34.3005 -78.8254 13.7868 22.9732 -96.3439 
-9.99937 265.179 -13.9765 -10.5987 165.853 -25.5457
1 2 4 3 0
5
52.2444 246.509 60.3713 -90.6572 253.276 -1.19286 -56.9102 251.741 86.5509 3.52696 249.623 95.2279 -25.1326 254.111 102.924 
-40.0862 28.8879 -86.9401 57.7436 36.7696 -72.8949 15.9811 21.3359 -96.3814 -44.1908 31.6229 -83.9474 12.1246 22.4768 -96.684 
-9.90421 265.49 -13.6458 -9.99412 166.113 -24.7913
1 2 4 3 0
5
52.2022 246.31 61.4826 -92.3279 251.33 -1.18369 -57.006 252.165 85.5091 3.53398 250.12 95.4175 -25.2255 255.05 102.103 
-40.5909 29.0633 -86.647 46.9572 39.4154 -79.0028 31.59 24.3791 -91.6937 -45.3092 30.5955 -83.7316 7.02831 23.5665 -96.929 
-9.8158 265.771 -13.2919 -9.75277 166.375 -24.2672
1 2 4 3 0
5
52.22 246.394 61.5035 -92.146 250.834 -3.54408 -58.184 252.123 85.4948 2.35957 250.5 95.5626 -26.5636 256.371 101.425 
-40.4629 29.4327 -86.5822 73.7581 36.8785 -56.5661 35.2547 24.1006 -90.4227 4.62811 13.0498 -99.0368 9.53547 22.9898 -96.8532 
-9.76129 265.903 -13.2564 -9.53217 166.491 -24.0837
1 2 4 3 0
5
52.5578 247.988 60.7335 -90.599 249.826 -8.23627 -57.0229 252.24 83.1584 3.55377 251.52 93.5826 -26.6265 256.979 100.455 
-33.574 36.6383 -86.778 89.4019 43.992 -8.48531 16.6208 23.368 -95.8002 1.22941 14.1258 -98.9897 12.6132 22.9655 -96.5064 
-9.56682 266.21 -13.9519 -8.10633 166.811 -24.7951
1 2 4 3 0
5
52.5392 247.9 54.8743 -89.6449 247.195 -13.9706 -58.3643 252.904 78.6131 2.38164 252.843 89.3114 -26.7333 258.009 95.9969 
-30.2104 37.4592 -87.6592 51.6191 51.8523 -68.1675 4.11576 31.8421 -94.7055 -0.393743 18.7445 -98.2267 13.391 19.1721 -97.2271 
-9.36795 266.554 -17.3669 -6.21451 167.215 -28.4075
1 2 4 3 0
5
49.8329 246.067 48.674 -88.9089 242.022 -22.7971 -62.0141 248.439 69.0346 -1.18695 252.021 83.0862 -30.1013 255.653 89.0999 
-55.9652 33.2132 -75.9262 44.9047 59.9494 -66.2543 37.0425 35.8748 -85.6788 -3.32364 21.74 -97.5517 -6.66775 43.0984 -89.9893 
-9.34989 266.918 -23.7051 -4.35903 167.653 -34.7291
1 2 4 3 0
5
45.8925 243.605 42.4506 -84.199 232.178 -33.8983 -63.5598 232.68 46.026 -8.21893 249.3 75.1445 -38.5946 248.323 79.5282 
-31.8492 34.2925 -88.3722 61.7094 68.0075 -39.5845 -2.00546 70.0899 -71.2979 -0.0228368 20.6351 -97.8478 27.1906 35.0793 -89.6109 
-10.6254 267.313 -32.6253 0.808661 168.879 -46.0433
1 2 4 3 0
5
39.8402 241.69 39.8402 -80.4316 227.704 -39.6796 -62.9324 234.426 26.4979 -15.0348 245.561 69.3914 -46.9698 243.243 69.8818 
-29.6129 32.6926 -89.7456 53.8211 81.5555 -21.2602 -8.13966 92.7198 -36.5621 -38.4493 40.8268 -82.7939 48.0917 40.4388 -77.7939 
-11.6265 267.486 -37.7957 3.66755 169.752 -52.4297
1 2 4 3 0
5
38.8595 242.674 37.7166 -79.8162 225.962 -41.5045 -63.944 242.447 15.986 -17.4682 247.265 68.7084 -48.5324 239.645 66.5909 
-50.5808 34.9774 -78.8554 46.6118 73.6077 -49.084 83.5565 53.4241 -12.8135 6.96363 27.5608 -95.8745 1.34348 61.188 -79.0837 
-12.4554 267.55 -39.2156 4.42218 170.143 -54.2805
1 2 4 3 0
5
35.3025 241.796 35.3025 -77.9781 223.741 -45.3116 -64.1618 243.273 5.72874 -21.813 243.763 65.4391 -51.9001 239.561 59.798 
-28.1111 35.3324 -89.2266 49.8244 83.3503 -23.8803 53.8879 65.6555 -52.7774 -1.49353 38.5963 -92.2393 6.20188 58.4993 -80.8663 
-13.3773 267.65 -42.8305 6.76751 170.975 -58.583
1 2 4 3 0
5
33.9313 240.151 31.6692 -77.2456 221.64 -49.0614 -65.3266 243.344 -3.43824 -25.2919 244.098 59.7809 -55.0271 238.443 55.0271 
-21.539 35.145 -91.1093 55.8724 77.2135 -30.2714 75.0177 65.8221 6.30802 21.3501 31.1799 -92.585 1.65835 63.1474 -77.522 
-14.1421 267.725 -46.7483 7.44646 171.428 -62.8982
1 2 4 3 0
5
32.5139 238.054 30.2715 -75.1469 221.607 -53.229 -65.1314 238.434 -11.2296 -27.495 243.247 54.99 -58.7659 235.426 47.678 
-44.1673 38.695 -80.9441 52.983 79.4764 -29.6025 12.8069 97.666 -17.2436 -7.38953 41.5568 -90.6555 34.1051 59.7695 -72.5565 
-14.5664 267.783 -50.4615 8.81428 172.033 -67.3516
1 2 4 3 0
5
31.3025 237.37 25.7128 -72.195 222.159 -57.5467 -64.3336 235.513 -19.9656 -30.585 240.519 49.8422 -59.76 234.975 42.0533 
-27.3696 40.017 -87.4617 47.5562 76.5292 -43.3784 -40.6559 -91.3248 2.62267 17.8633 39.5962 -90.0724 46.3451 57.3465 -67.5537 
-14.9984 267.829 -54.3937 10.0722 172.745 -72.5725
1 2 4 3 0
5
30.1164 236.834 22.3084 -70.4462 219.965 -59.0505 -63.6787 229.164 -24.8239 -31.5666 239.373 46.2225 -60.5128 233.609 37.4079 
-27.0372 41.9018 -86.6789 35.9704 92.9713 -7.90383 -13.5904 -95.4993 26.3664 21.4151 40.1606 -89.0423 47.339 58.698 -65.6777 
-14.9921 267.865 -57.2377 11.2615 173.346 -76.655
1 2 4 3 0
4
30.019 236.068 18.9008 0 0 0 -62.8697 226.253 -33.0332 -32.5184 238.087 41.489 -61.0805 231.59 31.6309 
-24.5363 44.4861 -86.1334 0 0 0 -21.805 -97.5628 2.45816 25.7426 40.9731 -87.513 13.3719 68.8389 -71.291 
-14.9853 267.894 -60.7789 11.8513 173.77 -81.2835
2 4 1 3 0
4
28.6544 234.004 17.6335 0 0 0 -62.213 231.746 -40.3839 -33.4526 236.763 37.9129 -61.8111 230.249 26.0257 
-38.1599 47.4518 -79.323 0 0 0 -22.2197 -97.4964 -0.853961 24.9069 40.8649 -87.8049 43.0602 64.6309 -62.9973 
-15.0221 267.918 -63.9931 13.2073 174.371 -85.2563
2 4 1 3 0
4
27.3894 232.62 15.3381 0 0 0 -59.0388 221.902 -66.9568 -35.4325 235.102 34.3252 -61.5584 229.307 20.5195 
-34.7939 47.6039 -80.7667 0 0 0 2.64543 26.055 96.5098 22.975 43.3987 -87.1131 20.8276 69.3648 -68.9546 
-15.1466 267.936 -66.4039 14.2017 175.071 -89.0932
2 4 1 3 0
3
26.0502 230.465 14.1105 0 0 0 0 0 0 -34.9746 232.064 33.8817 -60.6646 230.013 16.2494 
-22.765 48.42 -84.4823 0 0 0 0 0 0 20.5992 46.5837 -86.056 21.7628 69.2716 -68.7592 
-15.1703 267.944 -67.9453 14.8119 175.796 -92.6387
4 2 1 3 0
3
25.839 228.597 12.9195 0 0 0 0 0 0 -35.6943 229.662 34.6126 -62.327 224.3 17.9586 
-14.3771 47.8695 -86.613 0 0 0 0 0 0 -6.69829 53.0644 -84.4944 54.5394 66.3937 -51.1599 
-15.1137 267.938 -68.6478 15.6261 176.384 -94.5889
4 2 1 3 0
3
25.722 227.561 15.0045 0 0 0 0 0 0 -34.1799 226.791 37.3843 -61.3719 220.863 21.8442 
-22.0816 46.396 -85.7894 0 0 0 0 0 0 20.8041 45.7005 -86.4792 35.8299 69.9031 -61.8851 
-15.2662 267.896 -68.6265 15.4229 176.627 -95.6105
4 2 1 3 0
4
26.9225 228.655 18.3073 -59.97 213.763 -55.84 0 0 0 -33.3893 228.692 39.8518 -59.176 224.369 26.4178 
-23.8073 42.9548 -87.1097 -28.7976 -65.2551 70.089 0 0 0 14.8185 44.8576 -88.1374 55.4536 72.9881 -39.9704 
-15.1088 267.792 -65.3553 14.1075 176.166 -92.7612
1 4 2 3 0
3
28.2658 230.831 22.8301 0 0 0 0 0 0 -33.4708 229.25 44.2678 -59.9447 223.296 31.5498 
-18.5113 36.1415 -91.3845 0 0 0 0 0 0 20.0126 39.633 -89.6031 50.3646 71.4379 -48.5801 
-14.9882 267.722 -62.8133 12.7443 175.585 -90.0477
4 2 1 3 0
5
29.6282 232.995 30.7255 -65.3867 227.596 -18.2225 -68.3964 220.036 -49.7428 -30.4885 231.198 51.1771 -58.6934 226.585 39.4846 
-39.3946 44.768 -80.2739 -34.2402 -93.8728 -3.93868 35.4632 64.2046 -67.9715 38.817 50.8918 -76.8327 42.6426 67.3413 -60.3884 
-14.7214 267.595 -57.2079 9.25006 174.042 -83.1546
2 1 4 3 0
5
30.726 232.999 35.1154 -65.7819 240.815 -4.53668 -72.7577 223.89 -42.1784 -27.4265 232.935 59.2412 -57.265 229.413 49.7017 
-19.5819 29.8933 -93.3967 59.3255 64.6449 -47.9742 37.1488 92.7181 -4.82851 23.3495 39.5065 -88.8484 48.205 74.9657 -45.3477 
-14.3426 267.483 -49.8447 6.94784 172.814 -74.0204
2 1 4 3 0
5
33.1644 234.723 42.0082 -67.8635 236.217 11.1252 -73.5707 223.158 -36.7854 -24.407 235.557 66.5644 -54.48 231.351 57.7488 
-22.7134 25.5187 -93.9835 22.1835 86.3007 -45.3881 45.1286 54.93 -70.3286 19.5841 38.355 -90.2516 45.2047 72.2354 -52.3314 
-13.8259 267.391 -43.0472 6.32883 172.029 -65.4053
2 1 4 3 0
5
33.642 238.104 48.2203 -67.1972 237.796 20.1591 -75.3897 225.454 -27.6075 -23.3319 235.904 72.2177 -52.3241 231.455 64.3151 
-62.1046 47.6404 -62.2367 65.9985 73.4212 -15.9222 44.679 55.8076 -69.9236 12.9083 35.3456 -92.6502 23.5513 59.7698 -76.6349 
-13.5691 267.321 -36.4592 5.82446 171.524 -57.5972
2 1 4 3 0
5
35.0242 239.889 55.3608 -65.966 237.396 32.424 -77.1241 227.438 -18.2099 -20.229 238.62 80.9161 -49.6605 234.317 73.939 
-34.2712 33.5355 -87.7545 -31.4214 -94.9329 0.657036 47.81 53.7681 -69.4492 16.3661 32.6677 -93.0858 20.9067 51.9552 -82.8466 
-12.6496 267.269 -29.167 5.97983 171.079 -49.1789
2 1 4 3 0
5
36.3202 240.992 60.1553 -67.5733 235.207 42.0948 -77.6189 228.897 -14.0145 -20.4254 240.937 85.106 -48.6407 234.721 80.6993 
-27.1604 29.1072 -91.7337 -58.748 -77.7621 22.3992 52.7997 76.6941 -36.4721 18.7446 32.3197 -92.7582 40.305 66.4627 -62.9143 
-12.1457 267.248 -25.2486 5.84997 170.711 -44.1359
2 1 4 3 0
5
39.9989 242.653 66.2838 -69.1052 232.903 62.5237 -81.3534 233.426 -3.29811 -14.8782 243.003 92.7027 -43.4643 242.859 92.6475 
-29.894 28.0791 -91.2026 34.6202 64.3924 -68.228 55.1916 43.6414 -71.0586 11.5267 25.5138 -96.001 42.6594 55.3277 -71.5473 
-11.342 267.216 -17.055 5.04679 169.978 -33.6718
2 1 4 3 0
5
42.6007 244.467 72.5363 -68.4387 242.19 80.9857 -83.3066 245.67 6.94222 -10.4512 246.563 99.8668 -38.7374 249.242 103.3 
-33.0887 32.7347 -88.5075 48.3256 46.1258 -74.4113 67.284 37.7965 -63.5947 7.85843 25.2585 -96.4378 14.1422 29.7502 -94.4189 
-10.1521 267.205 -9.39793 1.35519 168.788 -22.8735
2 1 4 3 0
5
41.7014 245.954 74.1359 -67.6178 247.536 87.4368 -87.542 247.834 11.6723 -8.18832 248.372 102.939 -36.7771 251.896 106.772 
-25.3372 30.7693 -91.713 47.1844 39.6816 -78.7338 76.235 44.3725 -47.1095 3.79244 28.0691 -95.9049 23.8711 19.2288 -95.1863 
-9.85922 267.227 -5.83187 -2.14343 168.237 -17.7267
2 1 4 3 0
5
41.9405 247.364 74.5609 -66.5871 252.469 90.3682 -90.2177 252.048 14.2449 -7.10209 251.328 102.98 -35.0731 256.792 110.057 
-57.7383 36.3018 -73.1332 22.2627 23.1563 -94.7004 70.8746 31.5386 -63.1039 5.89911 21.8278 -97.4102 25.1349 12.9379 -95.921 
-9.86168 267.288 -4.06322 -5.47736 167.908 -14.281
2 1 4 3 0
5
42.1481 248.588 74.93 -65.9485 254.594 91.1288 -89.0765 255.586 14.4448 -7.15917 253.347 105.001 -34.4095 260.931 110.602 
-59.0662 33.9842 -73.1865 44.0366 24.9375 -86.2491 61.806 11.579 -77.7557 3.26047 15.1153 -98.7973 14.7411 11.0515 -98.2882 
-9.96945 267.351 -3.47616 -6.98087 167.83 -12.7902
2 1 4 3 0
5
43.6612 250.553 75.5222 -66.9061 258.29 92.452 -91.6494 262.968 17.3391 -7.2618 256.979 105.296 -33.606 264.276 113.265 
-34.4361 29.5217 -89.1214 23.8946 16.0473 -95.7681 93.2387 30.1099 -19.9986 -15.4746 21.9916 -96.3167 19.463 4.09411 -98.0022 
-10.4892 267.528 -2.47459 -11.2574 167.843 -10.3722
2 1 4 3 0
5
43.8864 251.845 74.7254 -66.1444 260.078 94.317 -92.2908 268.436 20.2281 -6.08861 258.555 107.16 -33.8833 266.457 112.944 
-59.4399 28.231 -75.2988 21.4991 11.9277 -96.9305 66.6597 -4.72703 -74.3918 -1.39466 7.78963 -99.6864 14.9999 5.46556 -98.7174 
-11.2729 267.776 -2.03271 -15.6408 168.135 -9.29167
2 1 4 3 0
5
43.7881 251.281 76.9251 -67.6176 261.037 97.1234 -91.8725 270.931 21.6921 -7.31943 259.019 107.352 -33.936 266.872 115.634 
-61.1128 26.786 -74.4831 23.5756 9.6049 -96.7054 51.0115 -6.86792 -85.736 -18.6897 17.7244 -96.6258 20.949 5.1652 -97.6446 
-12.6652 268.064 -0.861982 -19.0828 168.507 -7.73243
2 1 4 3 0
5
42.7501 252.139 78.3752 -66.7209 262.345 98.8458 -93.4452 271.794 23.0413 -8.55941 259.628 108.827 -35.3636 268.166 118.721 
-64.9061 24.4176 -72.0484 18.7575 8.8395 -97.8265 59.2562 -6.51033 -80.2889 -20.5202 17.62 -96.2728 17.1197 5.36455 -98.3775 
-13.8589 268.581 0.361861 -20.9682 169.048 -6.17393
2 1 4 3 0
5
40.7839 254.692 77.9692 -68.2706 263.558 100.544 -96.087 272.025 24.342 -9.85662 261.603 109.655 -36.8003 269.438 119.284 
-38.5318 19.4163 -90.2126 19.4591 8.62424 -97.7086 87.0172 -0.147107 -49.2746 6.72609 3.0957 -99.7255 18.8151 4.32918 -98.1186 
-15.0777 269.03 1.65131 -22.0974 169.471 -4.56994
2 1 4 3 0
5
40.7159 254.267 79.0367 -68.3174 263.739 100.613 -96.1248 272.132 24.3516 -11.0995 261.859 109.762 -36.7899 269.362 116.713 
-35.4336 20.1767 -91.3092 9.30839 14.5813 -98.4923 68.2671 -2.35279 -73.0347 7.47057 4.81726 -99.6041 20.5057 2.17657 -97.8508 
-16.1457 269.476 2.25713 -23.8442 169.977 -4.12196
2 1 4 3 0
