5
-19.6629 260.935 63.9044 55.8945 252.509 16.6494 -90.274 259.022 -29.2781 -61.1528 254.596 46.7639 12.1458 257.887 53.4414 
-1.32876 17.2848 -98.4859 -49.8118 17.0269 -85.0227 90.9305 37.7048 -17.6067 20.8119 17.1354 -96.2977 -8.22754 -0.117425 -99.6609 
-10.0356 272.352 -53.2651 -10.228 173.575 -68.853
2 3 0 4 1
5
-20.9752 261.977 64.1595 55.2628 255.082 18.0205 -92.0066 260.473 -29.4421 -62.8752 256.733 47.1564 10.9565 258.485 56 
15.709 6.22671 -98.5619 -46.3376 12.7022 -87.7011 74.556 21.2471 -63.1662 20.9156 17.8999 -96.136 -4.98633 -0.57046 -99.874 
-10.6656 272.196 -52.7499 -11.6648 173.179 -66.7021
2 3 0 4 1
5
-23.5197 262.835 65.6076 52.7865 254.727 16.7957 -93.5285 261.298 -28.3047 -62.9707 257.123 48.439 9.76527 259.179 54.9296 
3.31164 16.7596 -98.5299 -63.6423 15.6444 -75.5308 73.6244 21.6063 -64.1297 21.0249 17.7805 -96.1343 -28.865 9.88345 -95.232 
-11.5246 272.094 -51.9482 -12.732 172.953 -64.9717
2 3 0 4 1
5
-23.4724 262.306 66.7109 52.7069 254.343 16.7704 -92.2643 261.203 -29.5246 -64.5265 258.504 48.6992 8.53946 259.023 54.8965 
3.21138 16.4265 -98.5893 -61.3241 17.6325 -76.9964 89.4996 37.993 -23.374 19.9754 15.1925 -96.7996 -23.6368 11.0824 -96.5323 
-12.4461 272.033 -51.7667 -14.9456 172.866 -64.4058
2 3 0 4 1
5
-23.4974 262.586 65.5455 52.5334 253.506 16.7152 -94.7977 261.404 -29.5473 -64.5355 258.54 47.4884 8.5173 258.35 54.7541 
16.5153 11.0918 -98.0011 -46.9488 20.8493 -85.7969 73.1999 22.8969 -64.1678 6.14855 24.8042 -96.6796 -22.3898 12.4615 -96.6613 
-13.1339 271.997 -51.7744 -16.6586 172.901 -64.7148
2 3 0 4 1
5
-23.4617 262.187 64.2109 52.4 252.862 16.6727 -94.7296 261.216 -30.7563 -64.4983 258.391 47.461 8.52921 258.712 53.6122 
13.0595 10.6649 -98.5683 -45.79 22.4406 -86.0215 74.881 23.9363 -61.8052 33.2596 15.9452 -92.9492 -63.085 20.7393 -74.7674 
-13.4689 271.977 -51.8273 -17.0403 172.956 -65.3228
2 3 0 4 1
5
-22.186 261.704 65.3254 52.3715 252.725 15.4734 -94.6254 260.929 -29.4936 -64.2643 257.454 47.2888 9.7075 257.646 53.3913 
14.2105 9.85054 -98.4938 -43.2386 26.6859 -86.1295 81.6792 26.4855 -51.2545 13.7357 18.3512 -97.3374 -66.4068 22.376 -71.3404 
-13.5455 271.967 -52.0467 -16.1328 172.965 -65.9005
2 3 0 4 1
5
-22.2274 262.193 64.2125 53.6208 253.003 15.4905 -92.3727 261.51 -29.5593 -62.8821 256.761 48.3709 9.69549 257.327 53.3252 
10.8017 5.44985 -99.2654 -46.238 25.4358 -84.9416 46.1735 28.732 -83.9195 31.9055 16.4722 -93.3312 -12.8159 4.95817 -99.0514 
-13.3668 271.962 -52.0813 -14.812 172.954 -66.0554
2 3 0 4 1
5
-20.9537 261.708 65.3263 54.8796 253.313 16.7025 -93.5874 261.462 -29.5539 -61.7401 257.041 47.213 10.8864 256.83 53.2222 
6.28014 9.43313 -99.3558 -47.5739 24.738 -84.4083 47.7043 25.0365 -84.2465 27.246 14.9781 -95.0438 -20.5507 7.8256 -97.5522 
-13.0966 271.961 -52.0813 -13.9586 172.957 -66.1288
2 3 0 4 1
5
-18.4659 261.387 65.2462 56.2894 254.293 15.5694 -91.3078 261.988 -29.6133 -59.4852 257.762 47.3454 13.3313 257.327 53.3252 
6.17949 12.9456 -98.9658 -49.9119 22.8169 -83.5954 84.1789 26.0963 -47.2535 31.3527 20.2879 -92.7653 5.89819 8.44435 -99.4681 
-11.3619 271.961 -52.2349 -11.8125 172.93 -66.1108
2 3 0 4 1
5
-16.0521 262.176 65.4432 59.949 254.576 15.5867 -86.8719 263.504 -29.7847 -57.2385 258.581 47.4958 15.9301 260.184 53.9172 
7.04548 14.1913 -98.7369 -62.1836 18.3367 -76.1378 79.1275 18.9568 -58.1334 31.5994 20.04 -92.7355 -10.1346 3.20501 -99.4335 
-9.01728 271.969 -52.1551 -8.72011 172.844 -65.3527
2 3 0 4 1
5
-11.206 264.371 64.7458 64.0247 256.494 18.1202 -82.3369 264.884 -29.9407 -51.8374 262.059 50.6032 21.0275 262.63 55.661 
7.20447 6.02894 -99.5578 -37.432 22.6446 -89.9226 53.556 15.5334 -83.0089 23.1274 9.19059 -96.8538 -10.6087 1.68463 -99.4214 
-5.07198 271.992 -51.6934 -4.34094 172.707 -63.6088
2 3 0 4 1
5
-3.73864 264.604 67.2954 69.9841 256.199 18.0993 -77.4826 265.349 -28.7436 -45.8032 262.845 49.517 26.055 263.437 55.8321 
13.2037 11.6935 -98.4324 -34.0207 28.5223 -89.6051 80.458 16.11 -57.1575 16.8575 7.15674 -98.3087 -10.9231 2.92868 -99.3585 
0.383592 272.045 -51.4251 1.19303 172.671 -62.5639
2 3 0 4 1
4
0 265.934 66.3811 73.874 257.139 18.1657 -73.6807 265.159 -28.723 -43.43 263.467 52.116 29.7812 263.473 55.8397 
-5.95228 2.98788 -99.778 -36.4632 29.2219 -88.4111 60.3502 9.46859 -79.172 18.333 8.58448 -97.9296 -8.91866 -1.19643 -99.5943 
3.62481 272.088 -51.2606 4.855 172.678 -62.0319
2 3 0 4 1
5
6.20932 263.681 68.3025 80.3389 258.456 18.2588 -66.4756 266.312 -27.5936 -35.7221 261.544 50.5037 37.1348 262.824 56.94 
4.83157 12.9999 -99.0336 -44.7693 22.9756 -86.4166 64.185 5.86811 -76.4581 34.1155 17.3217 -92.391 -6.99398 2.0182 -99.7347 
9.5872 272.218 -50.9837 10.772 172.757 -61.2806
2 3 0 4 1
5
13.7214 264.857 67.3596 85.5835 259.595 17.1167 -61.2167 265.264 -27.485 -29.6634 262.431 51.911 42.0419 262.548 56.8802 
10.9747 4.2572 -99.3047 -64.7338 17.3368 -74.2224 59.0956 10.3246 -80.0069 18.9847 9.97146 -97.6737 -12.8271 7.08861 -98.9203 
15.7853 272.4 -50.577 16.9899 172.924 -60.731
2 3 0 4 1
5
17.5682 266.443 67.763 90.2854 259.055 18.3011 -55.2437 266.585 -25.1108 -23.5226 262.868 51.9974 48.399 263.498 55.845 
6.65259 9.7675 -99.2992 -53.4344 22.2466 -81.5466 51.1621 18.7598 -83.8482 18.3886 8.38986 -97.936 -7.1282 -2.53888 -99.7133 
20.8143 272.621 -50.2188 22.5309 173.155 -60.3948
2 3 0 4 1
5
22.4425 264.73 68.5742 96.0572 261.481 19.704 -51.2625 265.473 -25.0061 -18.5387 262.418 53.1442 53.5548 264.445 57.2912 
2.45028 10.7394 -99.3915 -29.1212 29.586 -90.976 73.986 26.2982 -61.9231 19.4614 12.5185 -97.2859 -10.8979 1.37572 -99.3949 
25.4201 272.866 -49.8271 27.6631 173.386 -59.7555
2 3 0 4 1
5
27.5658 266.044 67.6616 98.6406 261.801 17.2621 -46.4147 266.354 -25.089 -13.5787 262.102 53.0803 57.5945 265.845 57.5945 
8.35606 3.80891 -99.5775 -38.0147 23.8711 -89.3591 56.7323 7.38016 -82.0182 17.0131 10.885 -97.9391 67.6241 67.8824 -28.6177 
29.9666 273.121 -49.4745 32.5302 173.631 -59.2237
2 3 0 4 1
5
31.2958 265.798 67.599 103.943 262.738 17.3239 -40.1569 266.45 -25.0981 -8.6267 261.669 54.225 61.1164 264.83 56.1273 
19.3981 5.39837 -97.9519 -25.1078 32.1685 -91.295 73.8645 12.2944 -66.2788 14.9117 11.7794 -98.1778 -8.31212 4.29483 -99.5613 
33.9937 273.387 -49.2519 36.9256 173.918 -59.123
2 3 0 4 1
5
37.703 266.845 69.1221 109.629 264.514 17.441 -35.2459 267.273 -25.1756 -3.71034 262.602 53.1815 66.3814 265.935 56.3615 
18.1256 1.65785 -98.3296 -36.3099 25.5475 -89.6042 73.8771 8.767 -66.823 21.6059 10.0145 -97.1231 10.3922 7.68702 -99.161 
38.9213 273.685 -49.2054 42.5153 174.219 -58.88
2 3 0 4 1
5
40.3501 267.732 69.3518 112.61 265.668 17.5171 -32.7293 267.281 -25.1764 -1.23845 262.956 53.2533 69.4422 268.081 55.5537 
7.18682 10.1674 -99.2218 -38.171 23.1773 -89.4751 75.7797 16.8101 -63.0464 21.7952 8.33319 -97.2395 13.7113 10.8784 -98.4564 
41.5352 273.839 -49.0659 45.9561 174.395 -58.6239
2 3 0 4 1
5
45.139 266.228 68.9623 117.717 265.899 20.0369 -26.4084 267.011 -26.4084 6.20595 263.538 52.13 75.1369 265.893 56.3527 
5.2126 11.265 -99.2267 -32.0629 20.1218 -92.5586 51.8287 8.43017 -85.1042 40.1873 9.79181 -91.0445 13.0675 7.70566 -98.8426 
47.5695 274.167 -48.9599 52.7331 174.761 -58.5466
2 3 0 4 1
5
52.8881 267.371 66.7398 123.123 266.759 15.0763 -21.3197 266.28 -25.082 12.2919 260.99 52.8552 81.9038 267.544 56.7026 
13.0647 5.57668 -98.9859 -38.5588 22.8401 -89.3955 49.1214 18.928 -85.0225 34.6326 15.7222 -92.4846 -39.3961 4.54267 -91.8004 
52.7188 274.526 -49.038 59.4688 175.226 -58.7319
2 3 0 4 1
5
55.3885 267.284 66.718 125.17 265.77 15.0204 -16.246 265.344 -26.2436 14.7551 261.075 52.8723 84.8964 265.085 56.1814 
14.3661 4.23124 -98.8722 -62.1955 16.2633 -76.5978 53.1999 15.6341 -83.2187 38.0725 15.8152 -91.1063 -3.86492 -0.00468588 -99.9253 
56.2817 274.882 -49.1439 61.8849 175.572 -59.4503
2 3 0 4 1
5
56.3747 265.997 66.3969 124.396 264.125 16.1714 -16.1398 263.609 -26.072 14.6856 259.847 51.3998 83.2441 263.806 54.6678 
12.2821 6.97109 -98.9977 -27.959 27.7092 -91.9265 47.0274 25.4646 -84.4984 34.2154 15.8372 -92.6201 -4.98683 2.79381 -99.8365 
57.3857 275.181 -49.3051 62.1693 175.962 -60.822
2 3 0 4 1
5
52.318 264.489 67.266 122.731 263.223 16.1161 -17.3466 263.083 -27.259 11.0342 260.319 52.7192 81.1375 265.041 54.9238 
5.07908 12.7615 -99.0522 -48.107 19.5722 -85.4555 62.495 20.6148 -75.2955 21.5878 18.0148 -95.9658 -7.22602 2.63987 -99.7036 
57.1673 275.404 -49.4568 58.9311 176.097 -61.0745
2 3 0 4 1
5
49.9568 265.18 67.4417 119.616 264.559 14.952 -23.7001 264.851 -26.1948 9.84596 261.32 51.6913 77.6889 266.056 53.881 
6.96253 18.5946 -98.009 -73.395 12.974 -66.6697 73.3772 21.4292 -64.4716 30.7195 11.9102 -94.4164 -3.96316 3.91307 -99.8448 
55.9368 275.492 -49.4978 56.4185 176.16 -61.0187
2 3 0 4 1
5
44.1168 267.634 68.0659 116.689 266.411 17.5661 -29.0077 267.788 -26.4853 2.49734 265.126 52.4442 73.5111 269.11 54.4996 
17.3776 8.65141 -98.0978 -41.4425 10.4553 -90.4058 16.3584 58.8982 -79.1417 25.6332 7.66394 -96.3546 -13.2284 1.23052 -99.1136 
51.1795 275.65 -49.6312 49.166 176.148 -59.3949
2 3 0 4 1
5
37.7517 267.19 66.6946 107.153 264.553 14.9516 -33.6568 264.676 -26.1775 -2.46393 261.579 51.7425 67.325 264.721 53.6107 
12.0679 15.9143 -97.9852 -40.5835 16.5369 -89.8861 25.5349 52.4826 -81.2006 26.9457 19.0317 -94.4019 -4.86355 9.64638 -99.4148 
45.6977 275.786 -49.7415 42.5508 176.3 -59.3588
2 3 0 4 1
5
31.552 267.974 68.1523 103.297 261.105 17.2162 -41.0547 264.152 -26.1257 -9.96526 264.487 52.3176 60.4729 267.501 55.4335 
-8.95822 32.8495 -94.0248 -38.5806 16.2278 -90.8196 29.9296 40.7619 -86.271 20.3413 17.3327 -96.3629 -9.06044 2.53809 -99.5564 
39.611 275.897 -49.7306 35.8986 176.446 -59.513
2 3 0 4 1
5
26.0506 263.392 66.9872 97.8341 262.947 17.3377 -48.7733 265.536 -26.2626 -16.0662 262.406 51.9061 54.9292 265.067 56.1776 
11.9694 21.0098 -97.0326 -70.2608 15.3444 -69.4836 72.2557 22.758 -65.2777 31.9029 15.5587 -93.4887 -7.33349 9.52626 -99.2747 
34.308 275.984 -49.7206 30.5713 176.63 -60.4341
2 3 0 4 1
5
18.6945 264.623 66.0538 92.9949 259.807 17.1306 -53.4516 263.935 -26.1043 -22.2827 262.845 51.9929 50.0449 265.647 56.3005 
0.0508977 25.169 -96.7808 -38.5236 17.7845 -90.5519 73.9464 24.0871 -62.8629 23.8867 20.1299 -94.9958 -13.6006 4.53114 -98.9671 
28.6408 276.05 -49.863 24.9325 176.724 -60.8357
2 3 0 4 1
5
12.5576 266.631 66.5552 85.8266 260.333 15.9392 -59.8095 264.566 -27.4127 -28.5616 263.669 50.9141 42.1024 262.926 55.7237 
6.82488 17.7557 -98.1741 -70.5406 17.5517 -68.6728 67.3003 26.9621 -68.8746 33.6713 11.1776 -93.495 -17.0705 7.75655 -98.2264 
22.6135 276.103 -50.3846 17.8978 176.898 -62.0475
2 3 0 4 1
5
9.99409 265.252 66.2109 82.7073 258.25 17.028 -62.1049 263.731 -27.3262 -32.1476 262.531 50.6943 39.8605 264.483 57.2995 
13.538 12.0891 -98.3391 -56.3801 17.2695 -80.7654 72.3493 24.3123 -64.6103 31.4539 15.7509 -93.6086 -4.68388 6.81921 -99.6572 
20.1158 276.125 -50.4282 15.138 176.949 -62.2249
2 3 0 4 1
5
1.24901 265.198 67.4465 75.4664 258.445 17.0408 -68.6012 264.834 -28.6878 -38.493 263.649 49.6684 32.1344 262.424 55.6173 
3.55576 16.3045 -98.5978 -41.0336 18.5473 -89.2874 68.444 27.2975 -67.6038 30.3836 13.9796 -94.2412 -11.8198 2.25696 -99.2734 
13.9043 276.162 -50.554 8.96154 177.083 -63.1611
2 3 0 4 1
5
-6.19239 262.962 68.1163 70.4078 257.75 19.4228 -74.9583 265.261 -28.734 -47.1626 263.524 50.886 24.6915 262.134 54.3213 
18.4245 12.8612 -97.4429 -38.8876 20.4886 -89.8219 24.6033 46.2037 -85.205 21.1955 18.0342 -96.0496 -18.9656 13.1122 -97.3056 
7.47382 276.19 -50.8576 2.06837 177.205 -64.0024
2 3 0 4 1
5
-16.15 263.776 67.0847 60.4349 256.639 19.3392 -85.3472 266.493 -28.8674 -56.8184 262.262 49.4073 14.7203 260.459 53.9744 
13.4903 11.2948 -98.44 -38.9119 18.9541 -90.1477 70.5265 22.1664 -67.3399 25.5337 18.9539 -94.8092 -12.7983 18.4005 -97.4558 
-1.66871 276.222 -51.2562 -7.1846 177.35 -65.1854
2 3 0 4 1
5
-22.2682 262.674 65.5674 54.2549 255.995 18.085 -88.869 265.765 -30.0402 -62.896 261.854 48.097 8.60975 261.155 56.5784 
19.1891 11.4082 -97.4763 -38.4487 22.4933 -89.5307 70.1569 24.6331 -66.8671 23.599 20.4388 -95.0018 -3.55187 4.80219 -99.8215 
-6.71468 276.238 -51.5608 -12.2038 177.418 -65.8603
2 3 0 4 1
5
-27.1714 262.237 65.4583 50.5582 255.592 19.2603 -95.4898 266.777 -31.4111 -67.1324 263.963 47.2413 3.67344 259.99 53.8772 
-11.7667 29.7699 -94.7381 -41.3938 20.1949 -88.7622 34.2138 40.9541 -84.5705 34.6041 12.0533 -93.0445 -14.6682 12.3335 -98.1465 
-11.2477 276.251 -52.0211 -16.3796 177.517 -67.0242
2 3 0 4 1
5
-29.4901 260.898 65.1241 48.0731 255.181 18.0274 -96.7458 266.776 -31.411 -70.9078 264.134 46.0278 1.23239 261.669 54.2251 
17.9543 16.052 -97.0566 -39.4433 20.1591 -89.654 75.9766 23.8045 -60.5053 36.6118 10.4635 -92.4667 -12.4373 6.16143 -99.0321 
-13.6244 276.257 -52.0624 -18.5881 177.599 -67.6132
2 3 0 4 1
5
-35.6176 260.778 63.866 42.0043 254.818 16.8017 -100.577 266.94 -32.6875 -76.7169 262.727 47.0201 -4.8375 256.783 54.4219 
15.2063 18.0633 -97.1724 -62.2592 20.3685 -75.5573 31.6014 41.2232 -85.4517 34.5383 12.2899 -93.038 -0.453322 14.5462 -98.9353 
-18.804 276.281 -53.064 -23.8205 177.821 -69.8077
2 3 0 4 1
5
-38.1574 261.35 64.006 39.8076 256.128 18.0944 -104.626 267.649 -34.0348 -78.3089 263.922 44.7479 -7.31026 258.694 53.6085 
62.0652 0.938102 -78.403 -44.1366 17.8411 -87.9412 37.5501 38.1816 -84.4521 33.5715 12.0661 -93.4203 -2.9504 15.8924 -98.685 
-20.4831 276.304 -53.2737 -25.2716 177.846 -70.102
2 3 0 4 1
5
-42.9203 260.376 62.5411 34.5646 253.069 16.6863 -109.315 266.789 -35.182 -83.8899 261.943 43.1786 -12.0541 255.941 53.0381 
20.3884 13.5841 -96.9525 -58.6623 24.8698 -77.0729 37.0652 37.5146 -84.9637 38.4491 14.162 -91.2201 -15.1395 19.5936 -96.8859 
-25.5659 277.158 -54.5739 -29.6134 178.902 -72.722
2 3 0 4 1
5
-44.0844 260.008 62.4528 32.0817 252.29 16.635 -110.44 266.471 -35.1401 -85.1605 262.056 44.4316 -15.6001 254.795 52.8005 
10.6159 12.3191 -98.6689 -41.9122 23.3938 -87.7274 38.2164 34.6351 -85.6733 27.9702 15.2006 -94.7977 -20.1938 29.2187 -93.4798 
-26.6962 279.627 -55.1925 -29.4057 181.671 -75.1286
2 3 0 4 1
5
-49.3025 261.706 61.6281 29.6507 251.826 16.6044 -114.175 266.401 -36.3855 -88.9297 262.252 43.2297 -18.2052 257.697 50.9745 
18.1009 9.3256 -97.905 -47.9457 24.4795 -84.2732 37.6916 34.5193 -85.9521 26.6312 13.9721 -95.3706 -4.04566 24.1882 -96.9462 
-29.8338 280.983 -56.2315 -29.9861 183.428 -78.2072
2 3 0 4 1
5
-51.2052 258.863 60.9585 27.1511 250.649 16.5268 -116.675 266.378 -36.3824 -92.3355 261.404 43.0899 -20.4854 255.859 51.8161 
18.8349 11.9577 -97.4795 -37.1368 20.0059 -90.6677 41.048 33.2389 -84.9131 36.2626 11.4018 -92.4934 -56.359 22.9139 -79.3638 
-32.7531 281.633 -57.0457 -31.8598 184.645 -81.3894
2 3 0 4 1
5
-55.0798 259.887 59.9758 23.4939 249.42 15.2711 -119.39 266.838 -36.4452 -94.7241 261.201 41.8262 -25.3501 256.31 50.7002 
10.0493 13.0439 -98.635 -57.8 25.0347 -77.6687 40.3946 33.5615 -85.0994 35.8847 15.5821 -92.0298 -15.998 22.1404 -96.197 
-36.1448 282.519 -57.2692 -35.5101 185.81 -82.7073
2 3 0 4 1
5
-54.9073 259.074 59.788 22.437 250.736 16.5325 -120.822 267.227 -35.2398 -94.6011 260.862 41.7719 -25.2369 255.166 51.6756 
-13.2508 25.8526 -95.6873 -59.5108 27.6244 -75.4676 43.6946 31.9876 -84.0689 22.0501 17.9558 -95.8717 -15.1182 20.6568 -96.6682 
-37.691 283.978 -57.581 -36.8657 187.589 -84.1965
2 3 0 4 1
5
-54.7215 258.197 62.0177 21.1601 249.603 16.4579 -120.723 267.008 -33.9534 -94.1827 259.708 44.0335 -25.1659 254.448 52.7286 
15.3706 12.572 -98.0086 -36.8659 25.8731 -89.2832 73.0258 21.0623 -64.9893 17.5343 16.6784 -97.0277 -5.2859 17.4854 -98.3174 
-38.1159 285.837 -57.6077 -35.7621 190.025 -86.148
2 3 0 4 1
5
-52.265 258.076 61.9888 24.6309 249.038 16.4206 -118.657 268.023 -32.8201 -92.2241 261.089 44.2676 -21.608 254.887 52.8196 
1.5887 10.0142 -99.4846 -43.1775 30.3732 -84.9304 55.1868 20.2886 -80.8875 23.1629 10.4012 -96.7228 -9.8739 15.098 -98.3593 
-37.8956 285.622 -57.4317 -35.6146 190.05 -86.7718
2 3 0 4 1
5
-48.8727 259.425 63.5346 28.4095 251.338 17.756 -115.289 268.999 -32.9396 -88.6041 261.292 45.5326 -20.4142 254.97 52.8368 
9.32318 15.9045 -98.2859 -39.1344 29.0739 -87.311 77.4878 12.3839 -61.9861 22.7824 9.88296 -96.8674 -8.90572 10.2221 -99.0767 
-36.3287 285.396 -56.7459 -35.2197 189.684 -85.6952
2 3 0 4 1
5
-46.4089 259.312 63.5068 28.4361 251.573 17.7726 -113.473 270.712 -33.1493 -86.354 261.933 45.6442 -16.8517 255.577 54.1662 
9.12132 19.4565 -97.6639 -60.7897 25.1582 -75.3105 59.9906 10.5508 -79.3083 15.9768 6.41064 -98.5071 6.19342 17.1887 -98.3168 
-35.2728 285.287 -56.4428 -35.5254 189.423 -84.9042
2 3 0 4 1
5
-43.2026 262.088 64.1867 34.6877 253.97 19.138 -110.676 273.25 -30.8863 -82.4707 265.314 46.2336 -13.3073 256.864 53.2294 
-3.06711 8.64859 -99.5781 -39.8823 29.3071 -86.8936 74.2261 5.42254 -66.7913 20.8127 1.51576 -97.7984 11.652 25.6277 -95.9555 
-31.6903 284.998 -55.7072 -33.6921 188.571 -82.1238
2 3 0 4 1
5
-35.4399 259.477 63.5474 39.1734 252.048 17.8061 -104.296 273.394 -32.1902 -75.8381 263.975 46.0001 -4.80357 254.982 52.8393 
14.6583 13.2827 -98.024 -53.1318 21.5732 -81.9244 86.7984 6.13458 -49.2789 19.0524 9.88035 -97.6698 -9.49391 18.5945 -97.7963 
-26.602 284.542 -55.3874 -29.6896 188.06 -81.4966
2 3 0 4 1
5
-29.3686 259.823 66.0793 46.3974 252.601 16.6555 -97.9763 273.724 -32.229 -70.572 262.883 47.048 -1.20227 255.273 52.8997 
-9.22051 8.05396 -99.2478 -37.3348 29.7102 -87.883 50.2077 3.55398 -86.4092 17.3546 10.4233 -97.9294 -3.03711 13.9165 -98.9803 
-20.966 283.658 -55.2991 -24.6308 186.953 -80.4955
2 3 0 4 1
5
-22.0485 260.083 61.2458 50.4711 249.218 15.2587 -93.1289 270.874 -31.8935 -63.644 259.872 46.5091 5.99803 254.709 52.7827 
7.01273 8.09252 -99.425 -32.0744 33.0533 -88.7621 51.4869 18.0819 -83.7982 18.0075 15.5711 -97.125 -74.0777 21.7764 -63.5475 
-14.6074 282.453 -55.4251 -19.0158 185.747 -80.4969
2 3 0 4 1
5
-21.9659 259.109 62.2368 52.8033 249.146 15.2543 -90.5971 270.933 -31.9004 -61.3542 260.543 45.4021 7.19294 254.543 52.7483 
13.0803 7.44553 -98.8609 -41.8397 31.975 -85.012 82.32 15.2282 -54.6948 20.6515 14.3881 -96.7807 -8.61759 -1.07403 -99.6222 
-12.3798 281.487 -55.5081 -17.7713 184.512 -79.3148
2 3 0 4 1
5
-20.7518 259.186 61.0347 52.5402 247.905 16.3458 -90.5374 270.754 -30.6042 -61.5133 261.219 45.5198 7.13652 252.546 53.5239 
-8.26528 17.0728 -98.1845 -51.2738 29.8129 -80.5121 52.8596 13.3029 -83.8385 15.9514 15.0545 -97.5649 -5.56819 12.4924 -99.0603 
-11.4604 280.652 -55.7093 -18.3535 183.635 -78.9533
2 3 0 4 1
5
-23.1479 258.68 60.9155 49.6398 245.113 13.853 -87.9221 274.533 -31.0313 -61.6936 261.984 45.6533 3.57619 253.107 52.4508 
15.1921 13.7577 -97.8771 -36.4425 34.2197 -86.6081 48.7017 13.2008 -86.3359 17.5593 16.8053 -97.0013 -54.4865 25.8937 -79.7542 
-11.4877 280.015 -56.1035 -21.8562 183.195 -78.8725
2 3 0 4 1
5
-24.5381 260.505 60.1184 47.0104 243.453 12.6125 -89.7631 280.281 -30.3611 -63.84 265.783 43.8117 -1.20576 256.016 48.2305 
7.92141 18.1456 -98.0203 -38.2895 32.2531 -86.5659 49.518 8.46719 -86.4654 19.4754 20.0209 -96.0202 -3.0238 9.18128 -99.5317 
-12.1019 279.543 -56.4378 -27.7483 183.281 -78.5504
2 3 0 4 1
5
-26.1242 264.137 54.7365 42.8037 239.168 11.2641 -88.0221 287.53 -31.1463 -63.0541 267.762 42.8768 -3.58297 253.587 46.5786 
49.0671 -10.912 -86.4485 -48.7066 39.4105 -77.9389 71.5506 -4.19457 -69.7346 23.2052 16.8654 -95.7971 -2.31748 18.8869 -98.1729 
-12.3679 279.226 -57.4048 -34.595 184.341 -79.8248
2 3 0 4 1
5
-27.447 264.897 54.894 42.5013 237.478 13.4215 -88.5224 289.165 -31.3233 -64.7603 269.615 41.9037 -5.96454 253.287 47.7163 
7.28807 15.868 -98.4637 -34.2329 34.8988 -87.2364 46.6289 -5.17307 -88.3119 24.5746 16.545 -95.511 -2.44187 14.4144 -98.9255 
-12.3867 279.11 -58.3767 -37.9035 185.073 -80.8732
2 3 0 4 1
5
-28.6772 264.737 49.8734 39.6307 233.741 11.0085 -86.8194 292.605 -31.696 -63.7501 270.717 42.0751 -7.11797 251.89 48.6395 
50.5075 -4.32761 -86.199 -37.0195 41.9532 -82.8823 48.4429 0.147217 -87.4829 19.0593 10.6362 -97.589 0.415623 12.1429 -99.2591 
-12.2631 278.906 -59.6378 -43.8596 186.745 -82.179
2 3 0 4 1
5
-27.3302 263.77 52.1758 39.1457 230.88 10.8738 -84.74 294.961 -31.9511 -63.1264 273.54 42.5137 -7.07549 250.386 45.9907 
-6.24541 24.2678 -96.8094 -41.7681 42.5574 -80.2764 67.8563 -14.3937 -72.0302 22.7552 8.5239 -97.0028 13.1723 9.26222 -98.695 
-11.8388 278.89 -59.9634 -48.5349 188.646 -82.5334
2 3 0 4 1
4
0 0 0 37.7677 229.117 10.7908 -81.4718 298.253 -33.7125 -60.8425 274.862 42.7192 -27.3333 263.8 48.4545 
0 0 0 -63.1199 54.3193 -55.3651 73.2921 -23.9598 -63.6725 21.8942 5.36004 -97.4265 22.0541 -29.6819 92.9118 
-11.2536 278.858 -60.2513 -51.7498 190.353 -83.2091
2 3 4 1 0
4
0 0 0 36.3485 226.993 10.6907 -79.3442 300.838 -35.4215 -61.4307 277.519 41.8252 -18.3391 259.592 36.6782 
0 0 0 -43.8875 46.7033 -76.7638 69.4004 -25.4676 -67.3423 25.1428 6.65983 -96.5582 -13.6321 -10.5822 98.4997 
-10.7365 278.81 -60.723 -55.2449 192.397 -84.2153
2 3 4 1 0
4
0 0 0 35.0149 225.291 9.54952 -78.1943 301.868 -36.9646 -60.116 277.484 40.513 -21.0362 262.739 39.5976 
0 0 0 -40.4026 48.3427 -77.657 69.0697 -25.395 -67.7087 24.8315 7.44613 -96.5813 -79.0517 59.6635 13.8236 
-9.79212 278.747 -62.1685 -57.2577 194.142 -86.4372
2 3 4 1 0
4
0 0 0 34.6533 222.965 8.40081 -75.6993 303.264 -38.5638 -59.171 279.191 40.7622 -18.2567 258.426 43.816 
0 0 0 -30.7002 48.1016 -82.1202 41.8621 -18.4748 -88.9171 22.8085 1.84429 -97.3467 -8.88811 -19.9588 97.5841 
-9.03869 278.635 -62.8801 -59.4062 195.954 -87.919
2 3 4 1 0
4
0 0 0 31.3775 222.077 9.41326 -77.3107 303.984 -37.2237 -60.5336 279.411 39.4784 -15.3063 249.995 49.4511 
0 0 0 -27.2362 45.0436 -85.0251 66.2178 -22.2237 -71.5633 24.2158 10.6899 -96.433 -15.3299 39.2681 -90.6808 
-8.42281 278.407 -63.5744 -61.5034 197.56 -88.9939
2 3 4 1 0
4
0 0 0 30.1594 220.816 11.4398 -76.3461 305.855 -37.4528 -61.0059 281.591 42.4389 -20.6697 258.161 47.4187 
0 0 0 -24.3458 44.3627 -86.251 64.6439 -27.2217 -71.2752 21.1189 5.92419 -97.5648 -60.0464 30.5265 73.9091 
-8.13478 278.274 -63.7662 -63.5786 198.965 -88.9887
2 3 4 1 0
4
0 0 0 28.0941 220.931 11.4457 -76.5333 306.605 -36.1006 -60.1409 283.768 42.7669 -23.4691 262.27 48.1735 
0 0 0 -21.3386 44.9005 -86.7676 60.2023 -29.9425 -74.0212 41.2334 2.0048 -91.0812 -7.58633 -21.1478 97.4434 
-8.10042 278.783 -63.7297 -64.9447 200.535 -89.1456
2 3 4 1 0
4
0 0 0 26.0074 220.883 12.4836 -75.4357 308.02 -36.2672 -61.614 284.398 42.8619 -23.2137 259.416 50.0928 
0 0 0 -51.2627 69.2186 -50.8027 62.205 -30.5563 -72.0891 18.3662 0.489169 -98.2977 -14.4344 -10.1276 98.4331 
-7.95618 278.997 -63.0189 -66.9593 202.445 -88.6799
2 3 4 1 0
4
0 0 0 22.8562 220.591 13.506 -75.7897 309.465 -34.9799 -60.8643 287.181 44.6338 -23.1117 258.276 54.7383 
0 0 0 -17.9843 45.6703 -87.1252 61.5826 -31.0251 -72.4226 24.0361 2.96026 -97.0232 -68.2168 49.6118 53.7134 
-8.02247 278.995 -62.0093 -69.0945 204.116 -87.7643
2 3 4 1 0
4
0 0 0 22.5884 218.005 13.3477 -77.3734 309.971 -33.5771 -62.4759 288.377 46.1778 -24.4121 259.168 54.9273 
0 0 0 -16.0802 49.8934 -85.1591 62.3625 -29.2403 -72.4977 23.4115 -1.26432 -97.2127 9.7708 18.8189 -97.7261 
-8.16701 278.896 -61.0072 -70.2994 204.959 -86.9467
2 3 4 1 0
4
0 0 0 27.6969 217.808 16.413 -74.5704 310.457 -35.092 -60.0723 289.886 45.0542 -26.2359 265.267 53.7212 
0 0 0 -26.2615 53.583 -80.2446 42.5598 -17.0684 -88.8669 24.2956 -2.546 -96.9703 -27.1327 13.3228 95.3222 
-8.13859 278.845 -60.6067 -70.4278 204.79 -85.8245
2 3 4 1 0
4
0 0 0 34.9413 224.818 18.0001 -78.7474 309.633 -32.0823 -59.8522 288.823 47.6097 -15.9268 260.13 40.4296 
0 0 0 -24.7487 48.2264 -84.034 65.0161 -18.8154 -73.6131 32.7156 -5.08304 -94.3602 -28.6169 12.3358 95.0205 
-7.54351 279.072 -59.7359 -66.8177 201.864 -82.662
2 3 4 1 0
5
-3.54013 250.555 51.922 39.3145 225.609 18.0634 -79.7596 307.911 -30.4536 -58.6883 289.793 49.1344 -24.0853 269.156 57.0441 
-12.5186 21.9375 -96.7576 -24.7616 53.962 -80.4672 44.2148 -5.93631 -89.4975 35.2112 -5.26992 -93.4473 13.5014 -7.3905 -98.8084 
-7.05998 279.241 -59.0672 -63.7079 199.702 -80.6189
2 3 4 0 1
5
2.37146 251.762 49.8006 45.2638 228.827 18.3211 -79.905 302.964 -28.5375 -55.6735 288.317 51.5998 -20.3132 269.565 58.4005 
13.1503 17.5035 -97.5741 -30.3479 47.4769 -82.6132 76.3004 -11.5658 -63.5963 12.7973 -6.13081 -98.9881 39.2471 -21.5222 -89.4229 
-6.26199 279.261 -57.8112 -57.295 195.491 -77.2594
2 3 4 0 1
5
5.94067 252.273 52.2779 48.9766 231.09 18.5023 -79.7455 297.055 -29.3799 -55.1458 285.584 51.1107 -18.8649 267.035 64.1406 
-4.32577 9.47379 -99.4562 -46.3058 41.9844 -78.0582 76.7338 -6.08178 -63.8353 13.2529 -0.519589 -99.1166 16.1152 1.18211 -98.6859 
-5.70885 279.056 -56.5964 -52.1456 192.432 -75.0292
2 3 4 0 1
5
9.53618 253.099 48.8729 51.4867 232.596 18.6229 -83.0661 293.953 -29.0732 -53.2243 282.524 53.2243 -16.2074 264.712 64.8294 
-1.76376 8.99108 -99.5794 -39.908 41.3741 -81.8262 41.7831 13.5034 -89.8434 18.4658 0.9132 -98.276 8.83558 6.81941 -99.3752 
-4.99518 278.98 -55.9511 -47.3214 190.172 -73.8818
2 3 4 0 1
5
10.6688 251.698 52.1587 54.3615 235.559 19.9695 -80.6144 290.112 -28.6933 -51.4523 280.121 51.4523 -14.9155 263.913 65.8767 
9.05543 19.0713 -97.746 -48.941 36.5284 -79.1862 37.1854 17.4433 -91.1755 22.1485 3.11251 -97.4667 7.3846 11.1696 -99.0995 
-4.11798 278.836 -55.6321 -42.5414 188.239 -73.401
2 3 4 0 1
5
14.2508 252.152 57.0032 57.0832 237.653 21.2663 -81.1056 287.015 -28.387 -52.2973 277.603 53.6047 -12.4553 264.46 67.2587 
6.6487 11.2063 -99.1474 -40.9202 34.9139 -84.3004 44.0998 13.2698 -88.7644 16.6296 5.08209 -98.4765 -10.896 10.9212 -98.8029 
-3.20486 278.312 -54.7892 -37.3361 185.909 -72.0171
2 3 4 0 1
5
15.4957 253.089 56.023 57.4014 238.978 20.2593 -82.698 283.21 -28.0106 -50.5446 275.179 53.1366 -12.4175 263.657 67.0544 
11.7734 12.2875 -98.5414 -55.9304 34.4337 -75.4063 71.9415 8.72995 -68.9072 18.5965 8.0019 -97.9293 15.7082 -2.06327 -98.737 
-2.34572 277.636 -54.2484 -32.0479 183.634 -71.0257
2 3 4 0 1
5
16.801 254.807 56.4032 58.8276 240.205 21.4947 -83.4245 281.163 -27.8082 -51.6437 274.134 52.9348 -13.6751 263.963 65.889 
-11.0186 0.407947 -99.3903 -41.8783 33.5106 -84.3994 51.4923 16.8039 -84.0605 27.5063 7.26063 -95.8681 16.5118 -2.16818 -98.6036 
-2.12085 277.31 -54.1107 -30.0896 182.678 -70.3164
2 3 4 0 1
5
20.4672 255.631 57.7896 61.0583 244.61 20.7368 -81.9709 276.264 -27.3236 -49.5424 269.723 53.3534 -11.1293 262.56 66.7756 
-9.83646 2.98458 -99.4703 -33.479 31.2503 -88.8964 72.1544 19.4102 -66.4604 24.2683 9.7923 -96.5151 10.8111 6.04716 -99.2298 
-1.56861 276.544 -53.0118 -23.1666 180.19 -68.8007
2 3 4 0 1
5
22.8562 255.421 56.5391 62.6354 246.281 20.8785 -80.9938 272.971 -28.2835 -50.4046 267.557 54.185 -8.59567 260.728 68.7654 
-17.4267 9.69178 -97.9917 -35.5464 26.913 -89.5106 77.8815 26.6649 -56.7754 16.3324 10.0998 -98.1389 5.83654 8.92158 -99.4301 
-1.2098 276.181 -52.3785 -19.5835 179.2 -68.4167
2 3 4 0 1
5
23.9882 254.667 57.5716 61.4964 246.365 19.7253 -80.2942 270.613 -28.0393 -51.3619 265.988 53.8673 -8.58042 260.265 67.4176 
-14.5126 8.14434 -98.6056 -37.9874 30.4462 -87.3498 80.4572 24.7642 -53.9756 27.75 7.11629 -95.8087 6.1636 6.08986 -99.6239 
-1.11508 275.794 -52.081 -17.1636 178.478 -68.5736
2 3 4 0 1
5
22.7758 254.522 56.3401 61.5575 246.61 19.7449 -82.0522 268.029 -25.2468 -50.887 263.529 54.6104 -8.55719 259.56 68.4575 
-17.8395 10.6821 -97.8143 -38.2015 29.3869 -87.6188 65.9159 24.6267 -71.0536 28.5508 8.98238 -95.4158 7.81982 6.11468 -99.5061 
-1.19627 275.504 -51.5216 -15.421 178.01 -68.6286
2 3 4 0 1
5
22.7112 253.8 57.3757 61.5677 246.651 20.9098 -84.3233 267.225 -26.4297 -51.7199 261.465 52.9514 -11.0049 259.627 68.475 
1.06147 2.46884 -99.9639 -41.5967 26.4976 -86.9919 32.4116 41.8526 -84.8401 31.6313 14.0764 -93.8153 14.279 3.80282 -98.9022 
-1.54409 275.263 -51.0858 -14.2437 177.616 -68.514
2 3 4 0 1
5
21.6318 255.168 56.4831 61.4846 246.318 20.8816 -83.9435 266.022 -26.3106 -52.8573 261.001 54.0865 -10.9969 259.437 68.425 
-8.87139 5.51435 -99.453 -40.4745 26.7487 -87.4432 32.927 41.5449 -84.7929 22.2481 13.4611 -96.5599 -10.7374 17.1724 -97.9276 
-1.99179 275.139 -50.9377 -14.3749 177.435 -68.2777
2 3 4 0 1
5
20.3391 254.031 59.8208 59.5104 247.758 21.0037 -84.0101 266.233 -27.5854 -53.9238 260.216 52.6983 -12.2153 259.364 69.6274 
-23.5639 17.5808 -95.5806 -40.9098 23.2334 -88.2417 66.1722 27.124 -69.8965 8.38875 22.6598 -97.0369 3.74798 9.36262 -99.4902 
-3.02726 274.903 -50.6228 -14.61 177.051 -67.675
2 3 4 0 1
5
20.2885 253.399 57.2851 60.2309 245.935 22.0074 -86.4054 265.887 -25.045 -54.8524 258.814 54.8524 -12.1336 257.629 70.3748 
-11.322 9.55391 -98.8966 -43.6788 25.6365 -86.2261 52.9825 29.8739 -79.3751 22.7727 18.8939 -95.5219 4.21217 8.12977 -99.5799 
-3.7451 274.686 -50.3078 -14.4851 176.847 -67.9793
2 3 4 0 1
5
20.1107 251.179 59.1491 60.2635 246.068 23.1783 -86.2007 265.257 -24.9857 -55.6263 256.76 54.4171 -14.4818 256.239 69.9951 
4.73755 1.80699 -99.8714 -42.1943 22.5424 -87.8151 24.1768 37.8565 -89.3441 23.514 20.2578 -95.0616 -12.2805 24.9337 -96.0599 
-4.395 274.517 -49.9264 -14.3317 176.768 -68.54
2 3 4 0 1
5
18.6633 247.67 58.3228 58.5661 243.827 20.6704 -87.4647 265.302 -24.9899 -57.2438 253.217 53.6661 -15.438 252.146 68.8772 
-23.9999 22.3913 -94.4597 -45.4982 33.1246 -82.66 68.0715 25.3582 -68.7257 30.5437 21.1852 -92.8346 6.5582 17.873 -98.171 
-5.13779 274.383 -49.4797 -14.5139 177.008 -70.2194
2 3 4 0 1
5
18.1879 241.361 55.7004 59.0977 236.755 16.7258 -85.761 263.904 -27.3441 -56.9754 241.948 51.2779 -17.2875 244.707 67.9976 
-13.5606 23.1991 -96.3219 -46.1994 44.9841 -76.4333 72.7443 28.05 -62.6216 29.4604 35.1415 -88.866 11.7435 25.4852 -95.9822 
-6.20398 274.238 -49.3941 -14.9328 177.883 -74.6817
2 3 4 0 1
5
18.8714 235.7 53.2839 60.0052 231.65 12.001 -87.9464 263.005 -27.251 -56.9477 237.089 48.0147 -16.9502 239.932 66.6707 
4.51661 29.9349 -95.3074 -34.4737 53.7964 -76.9253 90.6334 38.333 -17.7814 20.8872 44.683 -86.9894 13.327 30.7392 -94.2204 
-6.71514 274.178 -49.4465 -15.26 178.81 -78.2894
2 3 4 0 1
5
20.1069 224.696 48.6798 58.7562 226.828 6.40977 -88.0516 259.663 -28.1276 -56.1718 225.034 43.4536 -14.8911 225.842 61.6917 
4.65213 34.9793 -93.5671 -57.5252 54.5307 -60.9693 69.1825 34.8201 -63.2562 6.25672 52.6811 -84.7676 3.34078 44.0496 -89.7132 
-7.55569 273.982 -49.4748 -15.0135 182.641 -89.4899
2 3 4 0 1
5
21.5977 218.37 47.3092 61.957 222.969 7.35083 -87.5715 258.247 -27.9742 -54.9802 220.26 42.5319 -14.5756 221.056 59.3433 
-19.0752 39.9931 -89.6476 -39.4362 55.4994 -73.2435 49.9635 43.3425 -75.0005 20.3921 54.4017 -81.3917 0.707649 46.8823 -88.3264 
-7.85528 273.853 -49.3722 -14.339 184.82 -94.4391
2 3 4 0 1
5
22.2747 214.978 43.5368 62.564 221.4 3.1282 -87.3074 257.468 -29.1024 -54.0491 216.53 39.772 -15.1001 213.744 57.3805 
-7.0067 42.5817 -90.2092 -45.0355 57.0753 -68.6602 41.4332 45.4894 -78.829 25.9676 57.206 -77.8021 4.80945 52.5419 -84.9483 
-7.92473 273.697 -49.0065 -14.1145 187.216 -98.8338
2 3 4 0 1
5
23.6621 209.338 39.4369 63.6634 218.023 -1.02683 -86.9155 256.313 -27.7647 -53.1505 212.93 37.1051 -12.7494 208.234 52.9589 
-22.5971 50.8697 -83.0761 -53.111 61.1026 -58.7001 43.165 46.5251 -77.28 18.8563 60.7892 -77.1305 7.11887 51.7622 -85.2643 
-8.08666 273.484 -48.3718 -14.6968 189.838 -102.775
2 3 4 0 1
5
24.9882 204.064 37.4823 64.2743 216.622 -4.08091 -86.5758 255.311 -27.6562 -52.0286 208.435 35.3402 -12.5046 204.235 50.9801 
-20.6886 54.7703 -81.0691 -41.1281 65.2186 -63.679 41.8869 48.0807 -77.0307 18.931 64.0542 -74.4223 4.32304 53.5393 -84.3496 
-8.09936 273.136 -47.9314 -14.8891 192.306 -106.415
2 3 4 0 1
5
25.6535 201.738 33.2545 64.334 216.823 -6.12705 -86.481 255.031 -30.0281 -52.5399 206.586 33.0807 -11.4516 202.624 47.7152 
-4.91335 57.1538 -81.9103 -49.5153 64.6853 -58.0004 77.529 42.3921 -46.8205 18.7864 62.8148 -75.5074 7.84823 54.0916 -83.7407 
-8.19359 272.966 -47.6817 -15.084 193.896 -108.514
2 3 4 0 1
5
26.2373 198.96 29.0485 64.8664 215.201 -10.1354 -86.1909 254.176 -29.9274 -52.2837 201.841 28.5184 -11.1634 197.523 42.7929 
-2.7933 59.0495 -80.6558 -66.9289 60.8359 -42.6558 52.422 50.4625 -68.5964 20.421 68.3162 -70.1134 3.89389 61.2876 -78.9219 
-8.30567 272.56 -47.7661 -14.7089 196.626 -112.52
2 3 4 0 1
5
26.8431 196.535 25.9175 64.4099 213.687 -12.0768 -88.4703 253.846 -29.8886 -52.1891 197.878 25.1626 -12.7374 193.178 39.122 
-19.8849 60.4172 -77.1645 -60.7488 64.3816 -46.5252 72.1476 48.1722 -49.741 -3.98837 70.3174 -70.9898 5.97226 64.0176 -76.5903 
-9.04253 272.146 -48.3511 -15.47 199.398 -116.662
2 3 4 0 1
5
25.678 194.719 18.3415 63.3477 213.499 -18.0993 -91.0536 254.383 -31.1499 -53.0295 194.131 19.2003 -12.3477 187.268 32.6333 
-5.82122 63.6767 -76.8856 -65.0866 66.3198 -36.9515 65.8587 51.5744 -54.797 3.9626 70.9452 -70.3639 -2.99264 74.3186 -66.8415 
-11.0052 271.781 -49.1007 -17.3525 203.001 -121.412
2 3 4 0 1
4
23.2978 190.26 11.6489 0 0 0 -92.3253 254.586 -33.5728 -54.3781 192.432 12.6882 -15.5885 183.881 24.2487 
-7.55237 70.0849 -70.93 0 0 0 71.731 50.2887 -48.2256 12.6971 75.5732 -64.2454 -15.0817 77.5949 -61.2501 
-13.7169 271.495 -49.6589 -20.3297 207.039 -125.828
2 3 4 1 0
5
21.2368 187.881 10.6184 57.9878 212.283 -23.995 -94.7565 254.675 -34.784 -56.5339 190.534 10.7684 -17.9916 181.91 22.2753 
-7.93172 70.7036 -70.2715 -56.2406 73.4844 -37.9084 76.711 47.2122 -43.4331 -0.0842558 75.9985 -64.9941 2.04727 77.2865 -63.424 
-16.4309 271.206 -50.1518 -23.3508 209.41 -128.467
2 3 4 0 1
5
20.1778 186.274 4.38648 57.7976 211.586 -28.8988 -95.8024 254.268 -34.7284 -56.9288 188.868 6.22659 -18.7322 180.789 17.0293 
-10.6948 76.9281 -62.9896 -46.4822 78.4409 -41.0662 78.4806 46.2763 -41.2225 -2.38857 78.756 -61.5775 4.15656 79.4624 -60.5677 
-18.8748 270.928 -50.6605 -26.3943 211.859 -130.999
2 3 4 0 1
4
19.2031 185.333 -0 56.2955 209.703 -30.6168 -96.0199 254.845 -36.0075 -59.0391 187.098 3.52472 -20.0715 177.572 13.381 
-7.09431 77.4378 -62.8734 -23.3487 84.3451 -48.3813 46.5446 62.6401 -62.5286 7.40433 80.2705 -59.1762 -6.41223 82.9949 -55.4142 
-19.9757 270.633 -51.2038 -28.1288 214.218 -133.367
2 3 4 0 1
5
18.9433 182.826 -0.861059 55.2886 209.63 -33.5681 -98.1723 254.203 -35.9167 -58.6511 185.869 1.75078 -20.8019 176.672 9.9849 
-27.5652 78.6607 -55.2509 -42.479 81.0911 -40.2463 71.9302 50.959 -47.2147 -2.51296 80.3575 -59.4673 14.5673 82.6552 -54.3682 
-21.9489 270.225 -51.3137 -30.8922 215.801 -134.728
2 3 4 0 1
5
17.3801 184.514 -2.60702 54.2915 209.592 -34.5492 -99.4421 254.388 -37.141 -59.6521 186.261 0.877237 -20.6886 175.71 9.93051 
-11.669 79.3276 -59.7575 -27.484 84.5442 -45.7921 42.5915 63.5825 -64.368 11.9305 81.8337 -56.2219 -1.4793 82.6244 -56.3118 
-22.3062 269.929 -51.3119 -31.2049 216.246 -135.211
2 3 4 0 1
5
17.0608 181.124 -0.853041 53.8502 207.888 -33.2892 -99.2302 253.847 -35.8664 -58.8336 183.705 1.7304 -21.2641 173.651 10.632 
-18.261 78.783 -58.8198 -58.327 76.2686 -27.9474 48.4874 62.3561 -61.3244 20.4968 82.057 -53.3529 -2.17801 81.6802 -57.6507 
-23.5297 269.311 -51.4332 -32.7984 216.291 -135.712
2 3 4 0 1
5
16.4389 183.706 6.92164 53.8619 211.784 -27.9284 -99.5549 254.677 -33.5848 -58.8212 186.408 8.77928 -20.7656 176.364 19.1043 
-28.4558 74.3266 -60.5461 -68.1797 69.5048 -22.8169 82.5398 50.2822 -25.6686 31.3523 83.6061 -45.0228 10.1141 78.8581 -60.6557 
-24.0567 268.41 -51.23 -33.3773 211.778 -133.119
2 3 4 0 1
5
16.723 186.881 14.0825 54.4618 214.143 -22.1882 -99.0803 256.554 -30.2074 -59.2673 190.667 17.0618 -21.1725 179.819 27.1007 
-13.7775 67.2368 -72.7283 -67.8341 68.5919 -26.3377 83.5753 47.1185 -28.196 28.5725 75.5427 -58.9654 9.00053 72.2831 -68.5139 
-23.7482 268.103 -50.697 -33.2252 206.432 -128.843
2 3 4 0 1
5
17.0623 190.673 19.7563 55.05 216.456 -18.35 -98.2431 257.527 -29.1091 -59.0712 192.96 20.9021 -20.7921 183.947 32.0545 
-12.2374 63.6704 -76.1336 -65.8681 67.9452 -32.3242 66.8444 53.5498 -51.6164 31.8815 80.7739 -49.5899 5.74606 66.7391 -74.2487 
-23.5649 268.003 -49.7897 -32.9801 203.291 -125.445
2 3 4 0 1
4
15.7137 196.261 26.8057 0 0 0 -98.4304 258.018 -27.9494 -59.2851 196.685 25.9373 -22.1998 188.545 38.1837 
-14.2584 57.8527 -80.3104 0 0 0 74.818 51.0127 -42.4262 34.8322 78.1835 -51.7113 8.43805 61.5439 -78.3655 
-22.6422 267.863 -48.0288 -31.5833 198.445 -119.451
2 3 4 1 0
5
15.1416 200.936 33.1222 53.9822 220.421 -7.26684 -98.9207 259.303 -25.6461 -59.2508 199.691 30.0956 -21.7397 192.33 42.5736 
-12.9841 54.7333 -82.6782 -71.8467 61.401 -32.6798 68.5743 42.0237 -59.427 7.20451 59.2288 -80.2499 8.96739 65.3482 -75.1611 
-21.9177 267.84 -46.8958 -30.1234 194.37 -114.237
2 3 4 0 1
5
13.6213 206.583 39.8908 53.8029 223.996 1.05496 -97.6488 259.169 -26.8534 -60.684 204.521 34.6766 -23.3279 198.126 49.4551 
-1.73176 42.1236 -90.6786 -65.8487 58.4305 -47.4323 44.0755 52.016 -73.1552 10.2384 56.7145 -81.7229 -11.1326 51.4495 -85.0236 
-21.0888 268.073 -46.0575 -27.0727 189.82 -108.03
2 3 4 0 1
5
13.8504 210.058 43.5298 53.4281 226.885 3.20569 -98.0628 260.267 -24.5157 -59.4841 210.501 37.6733 -21.0889 203.534 53.6809 
-25.056 46.8575 -84.7147 -75.8122 52.031 -39.3102 45.4626 47.141 -75.5704 11.0246 50.0032 -85.8961 9.46708 51.5201 -85.1825 
-20.3678 268.602 -45.6439 -26.0382 187.445 -103.794
2 3 4 0 1
5
13.1464 214.717 45.5066 55.0013 228.985 7.54919 -98.1655 260.54 -23.3143 -58.8242 215.344 42.5968 -20.7568 209.868 56.3398 
-14.3455 43.7717 -88.7595 -69.6118 53.7906 -47.5476 63.5715 39.6432 -66.235 7.55881 43.7602 -89.5986 7.21158 48.5028 -87.152 
-19.6027 269.213 -45.5039 -24.5791 185.271 -99.6246
2 3 4 0 1
5
14.337 217.438 47.1073 53.6517 232.484 9.85439 -95.9202 261.108 -23.3652 -58.2261 216.894 43.925 -21.1082 213.421 57.2938 
-17.9122 41.194 -89.3432 -61.4532 53.2638 -58.1934 64.8264 38.3541 -65.7762 7.01261 43.8513 -89.5985 4.00161 53.2321 -84.5596 
-18.9506 269.643 -45.514 -23.4556 184.244 -97.3475
2 3 4 0 1
5
13.6782 223.404 50.5042 53.8167 238.057 14.5754 -93.871 262.255 -22.2326 -56.2299 221.095 46.8582 -19.6348 219.421 60.9712 
-0.69426 34.459 -93.8728 -61.8306 46.3844 -63.4466 63.3535 36.0099 -68.4808 34.0375 67.3582 -65.6073 8.57642 47.7158 -87.4623 
-17.5508 271.444 -45.5648 -20.6235 183.463 -92.9983
2 3 4 0 1
5
12.9996 230.015 53.0819 52.6255 242.909 17.1605 -91.7524 263.264 -23.558 -57.5506 226.288 50.0903 -21.2999 226.127 63.8997 
6.35004 23.6566 -96.9538 -58.8421 38.0695 -71.3325 38.3002 40.931 -82.8115 8.10999 35.6205 -93.0882 8.68036 44.3179 -89.2221 
-16.6803 272.572 -45.5619 -18.6082 182.287 -88.514
2 3 4 0 1
5
12.3067 237.549 57.0581 53.4242 246.596 22.0665 -91.2451 265.395 -21.2489 -57.5698 235.07 50.9271 -20.9408 234.015 66.1287 
-23.5884 28.643 -92.861 -42.5117 19.8324 -88.3144 39.3613 32.3438 -86.0498 11.1389 33.7843 -93.4588 0.20508 39.897 -91.6962 
-15.6212 273.31 -45.7188 -17.3693 180.558 -83.0545
2 3 4 0 1
5
11.567 245.599 56.6785 52.0626 251.234 23.6648 -91.5877 266.391 -21.3286 -58.3302 242.845 52.6116 -21.6344 241.767 68.3192 
-40.9446 26.6503 -87.2542 -44.5728 16.6146 -87.9615 42.5699 31.5369 -84.8129 10.7533 26.448 -95.8377 9.66005 33.835 -93.6049 
-14.9527 274.028 -46.0874 -17.1276 179.141 -77.58
2 3 4 0 1
5
10.6421 251.067 57.9402 50.2686 254.128 22.7406 -90.8503 267.916 -22.7126 -58.8184 249.775 51.7602 -21.4007 252.441 67.7687 
-26.7468 20.8847 -94.0661 -45.4328 16.6874 -87.5065 34.8607 33.3663 -87.5866 11.5591 20.5035 -97.1905 10.042 20.9944 -97.2543 
-14.3001 275.35 -47.7108 -17.3189 178.621 -72.8973
2 3 4 0 1
5
9.52889 252.905 57.1733 49.474 256.212 22.927 -90.0041 269.159 -24.0856 -59.6696 253.389 52.5092 -23.0541 257.632 67.9489 
-25.0197 17.568 -95.2123 -49.7197 15.9555 -85.2841 66.4668 23.7302 -70.8452 14.5806 24.6057 -95.8226 -0.463018 19.5482 -98.0696 
-14.4526 275.993 -48.4294 -18.4728 178.625 -70.8637
2 3 4 0 1
5
8.47163 256.965 58.0912 49.4831 256.258 22.9312 -91.6647 270.318 -22.9162 -61.7599 257.124 52.0721 -23.4416 261.963 67.8573 
-3.09438 6.39614 -99.7473 -45.0452 17.0607 -87.6348 64.0567 24.6991 -72.7097 23.0432 21.4364 -94.9183 11.7722 12.8657 -98.4677 
-14.7723 276.695 -48.7481 -20.4676 178.83 -68.5006
2 3 4 0 1
5
7.34798 260.029 58.7838 48.4899 257.393 23.0327 -91.8743 270.936 -22.9686 -62.2176 259.029 52.458 -24.9553 264.934 68.6271 
-7.97024 4.41757 -99.5839 -56.9655 15.7843 -80.6584 72.7981 23.0742 -64.5601 15.9824 20.2629 -96.6125 -3.5928 16.4976 -98.5643 
-15.0457 277.174 -49.0248 -21.5398 178.962 -66.6943
2 3 4 0 1
5
7.36943 260.788 57.7272 47.4048 258.085 24.3102 -93.4115 271.696 -21.7534 -61.3041 260.33 53.9476 -25.2521 268.085 70.7059 
-1.71919 2.44357 -99.9554 -63.2649 14.2333 -76.1246 72.7359 22.985 -64.662 14.8219 14.5403 -97.8207 12.4329 5.18562 -99.0885 
-15.4315 277.525 -49.1172 -20.8479 179.052 -65.6613
2 3 4 0 1
