5
9.69874 257.413 64.2542 -94.4199 257.024 -20.5787 -61.8261 262.547 60.5896 51.2381 253.005 27.4064 -23.7021 264.873 74.8487 
-13.4714 7.81633 -98.7797 66.523 30.1038 -68.3261 23.2374 9.55984 -96.7917 -46.6905 15.1911 -87.1162 -5.47842 16.4374 -98.4876 
-15.1557 265.471 -43.0679 -22.4661 165.78 -45.9382
1 2 4 0 3
5
10.8133 255.105 63.6781 -93.1104 256.751 -21.7661 -60.1141 260.487 58.8873 51.0458 252.056 27.3036 -24.8224 263.523 74.4672 
-13.2059 10.8171 -98.5322 69.1754 30.0025 -65.6857 6.69128 11.4005 -99.1224 -44.0408 20.925 -87.3072 11.1346 6.97285 -99.1332 
-15.5962 266.202 -43.209 -20.3054 166.463 -48.6696
1 2 4 0 3
5
11.9361 253.435 63.2612 -92.9794 256.39 -21.7354 -59.8651 259.408 57.4217 52.1679 251.742 27.2696 -22.2215 262.124 75.3062 
-21.125 13.6402 -96.7868 69.9914 30.1656 -64.7398 30.7828 14.2645 -94.0688 -44.8301 24.7349 -85.8979 -10.5422 12.8331 -98.6112 
-15.383 266.466 -43.2088 -18.6585 166.753 -50.0245
1 2 4 0 3
5
11.9407 253.534 63.2858 -91.873 256.673 -20.5505 -58.5205 258.864 58.5205 53.3181 251.575 28.4363 -22.2071 261.954 75.2575 
6.5468 19.2588 -97.9093 59.0749 26.1438 -76.3325 26.9429 13.4665 -95.3558 -60.5731 18.4739 -77.3926 7.29315 5.45847 -99.5842 
-15.3379 266.575 -43.145 -18.0099 166.853 -50.0928
1 2 4 0 3
5
11.8703 252.038 64.0996 -90.7598 256.943 -21.7824 -57.1892 258.357 59.6227 53.2679 251.338 28.4095 -22.1824 261.662 75.1735 
-0.443396 11.9241 -99.2855 70.9032 28.1044 -64.6752 2.54168 8.77017 -99.5823 -61.6005 18.3655 -76.6034 0.958076 13.2335 -99.1159 
-15.1068 266.765 -43.1606 -17.5143 167.057 -50.411
1 2 4 0 3
5
13.0626 252.141 62.9382 -91.6334 256.003 -20.4969 -57.1255 258.07 59.5564 53.308 251.527 26.0617 -20.9388 261.522 75.1332 
-23.9885 15.5037 -95.8342 60.5538 26.3215 -75.1027 25.4458 13.6832 -95.7355 -48.0303 23.6116 -84.4724 4.2419 6.94782 -99.6681 
-14.712 266.922 -43.1112 -16.3316 167.245 -50.9745
1 2 4 0 3
5
14.2134 251.491 62.7759 -91.4154 255.394 -20.4482 -57.1008 257.958 59.5306 53.1911 250.976 27.1865 -20.9451 261.601 73.924 
-22.8134 17.2488 -95.8229 57.9139 28.3304 -76.4419 26.0675 12.6365 -95.7121 -65.7642 20.0024 -72.629 4.21884 6.28902 -99.7128 
-14.2724 267.055 -42.9748 -15.9165 167.414 -51.2784
1 2 4 0 3
5
14.1612 250.566 63.7252 -90.1082 255.099 -21.626 -57.1051 257.978 59.5351 54.3243 250.75 27.1621 -19.6266 260.453 77.2796 
1.00618 17.1799 -98.5081 87.7565 39.0345 -27.8407 15.7073 12.4662 -97.9687 -46.6709 25.057 -84.8173 16.4238 11.0568 -98.0204 
-14.0334 267.177 -42.8487 -15.906 167.569 -51.494
1 2 4 0 3
5
15.0047 245.069 61.1729 -92.8343 252.708 -22.6135 -55.8209 257.658 59.4614 52.4165 247.321 24.461 -19.6047 260.164 74.7431 
-24.7705 27.3573 -92.9408 42.1129 39.0438 -81.8662 3.2833 9.91303 -99.4533 -51.2914 33.8701 -78.8797 7.29804 9.99652 -99.2311 
-13.8388 267.279 -42.7711 -16.3892 167.827 -52.9053
1 2 4 0 3
5
14.4889 236.646 59.0703 -92.1159 250.752 -23.6195 -57.0004 257.505 60.6387 50.2271 242.376 26.2551 -19.4932 258.683 76.7543 
0.252725 32.3008 -94.6393 87.6704 41.4916 -24.3383 12.1483 13.1642 -98.3825 -40.6412 38.7863 -82.728 3.85032 14.0573 -98.9321 
-13.6791 267.366 -42.725 -16.6209 168.121 -54.6321
1 2 4 0 3
5
15.237 231.087 56.5945 -91.2146 248.299 -23.3884 -56.9494 257.274 60.5844 46.5041 240.831 27.2219 -20.7083 258.643 76.7425 
-18.0753 49.1813 -85.1733 62.6 38.6469 -67.7322 15.8328 13.7221 -97.7805 -37.8328 40.184 -83.3902 5.84273 14.353 -98.792 
-13.5421 267.438 -42.6091 -16.3892 168.38 -56.0055
1 2 4 0 3
5
16.0608 227.343 51.3945 -90.1809 245.485 -24.2795 -56.906 257.078 59.3275 42.9889 240.203 24.8883 -19.3904 257.319 76.3495 
-8.87191 53.5461 -83.9887 51.0913 42.9218 -74.4808 16.8193 12.8307 -97.7368 -27.1216 45.1774 -84.9907 3.13171 13.1807 -99.0781 
-13.471 267.498 -42.5853 -15.8056 168.61 -57.2727
1 2 4 0 3
5
14.7664 223.951 46.4087 -86.9007 242.781 -25.1555 -56.889 257.002 60.5202 37.8166 243.318 20.6273 -20.5749 256.977 76.2481 
15.3012 65.5488 -73.9543 57.7698 41.9712 -70.0076 16.4391 14.8943 -97.5086 -24.651 40.5285 -88.0328 4.71706 17.4592 -98.351 
-13.4463 267.549 -42.5064 -15.2075 168.726 -57.7023
1 2 4 0 3
5
14.5712 220.989 43.7135 -82.9195 237.92 -26.8928 -56.8717 256.923 60.5018 32.5648 246.942 15.1194 -20.5037 256.088 75.9843 
41.9788 55.3724 -71.9143 25.9031 53.8652 -80.1721 14.9515 14.8324 -97.7571 -13.6958 -61.2316 77.866 -1.0308 19.8916 -97.9962 
-13.4169 267.591 -42.4149 -13.4187 168.808 -57.9685
1 2 4 0 3
4
0 0 0 -77.7065 232.383 -28.4559 -56.7545 256.394 60.3772 10.8341 230.037 33.5856 -21.7106 256.098 74.7811 
0 0 0 57.9297 63.4291 -51.1947 27.2129 16.4159 -94.8155 -41.6441 73.8899 -52.9723 5.07241 19.218 -98.0048 
-13.397 267.626 -42.2073 -11.0849 168.934 -58.1644
1 2 4 0 3
4
0 0 0 -68.816 228.305 -30.107 -55.469 256.034 60.2923 12.9225 228.65 30.1526 -21.5689 254.425 75.4911 
0 0 0 22.0153 61.0773 -76.0585 5.56424 14.6343 -98.7668 22.0371 67.8716 -70.0557 6.99799 18.4155 -98.0403 
-13.1602 267.656 -42.1013 -8.67321 168.987 -57.7331
1 2 4 0 3
2
0 0 0 0 0 0 -55.4424 255.911 60.2634 0 0 0 -21.4982 253.592 75.2437 
0 0 0 0 0 0 13.7554 15.7652 -97.7867 0 0 0 8.31011 20.1052 -97.6049 
-13.0823 267.669 -41.9958 -6.35842 169.049 -57.1198
2 4 3 1 0
2
0 0 0 0 0 0 -55.4007 255.719 61.4225 0 0 0 -22.5487 251.985 74.7669 
0 0 0 0 0 0 12.2934 16.5712 -97.8482 0 0 0 6.09252 24.9605 -96.6429 
-12.5248 267.708 -41.4303 0.251045 169.311 -53.8687
2 3 1 0 4
3
0 0 0 0.485407 213.877 7.77573 -55.4507 255.95 59.067 0 0 0 -22.5429 251.919 73.561 
0 0 0 72.3192 64.8892 -23.65 8.7582 18.4745 -97.8876 0 0 0 7.05101 26.6012 -96.1388 
-12.2059 267.737 -40.1013 2.21502 169.526 -52.2068
2 3 0 4 1
3
0 0 0 -0.467018 211.697 4.22296 -56.8464 256.809 60.4749 0 0 0 -22.409 250.423 75.4829 
0 0 0 -26.7706 94.0972 -20.7137 29.9108 19.0825 -93.4944 0 0 0 -5.34926 34.9939 -93.5244 
-12.4908 267.766 -39.7135 0.853899 169.475 -52.3971
2 3 0 4 1
3
0 0 0 -1.56005 210.711 1.88228 -56.8051 256.622 60.4309 0 0 0 -21.2305 250.433 74.3066 
0 0 0 74.4058 64.4043 -17.7722 27.3903 18.1968 -94.4386 0 0 0 -11.5023 38.6054 -91.5277 
-12.7952 267.796 -39.7529 -0.114242 169.534 -53.3067
2 3 0 4 1
3
0 0 0 -1.2394 213.251 1.54754 -56.708 256.184 60.3276 0 0 0 -21.1918 249.977 74.1713 
0 0 0 49.0474 74.5204 -45.1781 17.1069 18.5743 -96.7592 0 0 0 -11.5274 38.4997 -91.5691 
-12.632 267.826 -39.7644 -4.69758 169.401 -55.5597
2 3 0 4 1
3
0 0 0 -3.88166 213.194 -1.3838 -56.6748 256.034 60.2924 0 0 0 -22.3019 249.226 75.1221 
0 0 0 55.035 71.5743 -42.9916 18.0447 18.5053 -96.602 0 0 0 1.79982 34.8705 -93.706 
-12.4085 267.84 -39.7364 -7.2523 169.411 -56.623
2 4 3 0 1
3
0 0 0 -4.34169 215.466 -1.98119 -56.6127 255.753 61.4308 0 0 0 -21.1101 249.014 75.0583 
0 0 0 -17.3876 89.8527 -40.3008 17.0146 18.1936 -96.8478 0 0 0 3.07343 32.6749 -94.4611 
-11.8327 267.866 -39.7258 -15.2587 169.827 -59.1327
2 4 1 3 0
3
0 0 0 -1.66345 217.672 0.83703 -56.6534 255.937 60.2696 0 0 0 -19.9346 248.979 73.8752 
0 0 0 41.3445 77.5866 -47.6545 17.8221 18.3413 -96.6745 0 0 0 1.33205 36.1773 -93.2171 
-11.3759 267.888 -39.5286 -22.3943 170.925 -61.363
2 4 1 3 0
3
0 0 0 -3.27009 218.281 -2.83365 -56.5773 255.593 60.1886 0 0 0 -20.9723 247.388 75.7332 
0 0 0 -37.7915 90.4379 19.8191 23.5435 19.9643 -95.1164 0 0 0 3.62764 35.688 -93.3445 
-10.8408 267.906 -39.0298 -30.7532 173.018 -63.519
2 4 1 3 0
2
0 0 0 0 0 0 -55.321 255.351 60.1315 0 0 0 -20.998 247.691 74.6595 
0 0 0 0 0 0 12.5947 17.7224 -97.6078 0 0 0 3.28329 35.6973 -93.3538 
-10.4513 267.922 -38.9883 -42.2916 177.07 -66.048
2 4 3 1 0
2
0 0 0 0 0 0 -55.2658 255.096 60.0715 0 0 0 -19.8046 247.356 74.5587 
0 0 0 0 0 0 4.89632 18.0551 -98.2346 0 0 0 3.02584 32.3288 -94.5817 
-10.218 267.934 -38.4348 -56.5092 184.395 -68.071
2 4 3 1 0
2
0 0 0 0 0 0 -56.4202 254.884 61.222 0 0 0 -19.7903 247.177 74.5047 
0 0 0 0 0 0 22.9108 20.0309 -95.2568 0 0 0 2.59524 32.0525 -94.6885 
-10.1026 267.939 -38.3588 -64.2062 189.664 -69.1114
2 4 3 1 0
2
0 0 0 0 0 0 -55.2275 254.92 60.0299 0 0 0 -18.5232 245.811 75.2504 
0 0 0 0 0 0 5.24633 17.4176 -98.3316 0 0 0 2.73852 37.9298 -92.4869 
-9.93288 267.952 -38.244 -76.6331 200.721 -70.3524
2 4 3 1 0
2
0 0 0 0 0 0 -55.1055 254.356 61.0952 0 0 0 -18.4808 245.248 75.0783 
0 0 0 0 0 0 22.2939 21.7078 -95.0355 0 0 0 2.74796 38.3962 -92.294 
-9.91504 267.958 -37.9321 -82.6246 207.545 -70.5447
2 4 3 1 0
2
0 0 0 0 0 0 -55.0658 254.173 61.0512 0 0 0 -18.4549 244.905 74.9731 
0 0 0 0 0 0 23.2441 22.3388 -94.6609 0 0 0 2.73814 38.934 -92.0687 
-9.89907 267.962 -37.8867 -81.7782 206.717 -70.7863
2 4 3 1 0
2
0 0 0 0 0 0 -54.9413 253.598 60.9131 0 0 0 -20.7725 245.031 75.0117 
0 0 0 0 0 0 5.58579 19.0967 -98.0006 0 0 0 -3.66424 39.3068 -91.8779 
-9.99766 267.966 -37.9888 -54.8597 183.871 -68.2436
2 4 3 1 0
3
0 0 0 -5.62672 217.927 -2.61886 -54.8835 253.331 60.8491 0 0 0 -20.8056 245.421 73.9754 
0 0 0 66.8862 46.6051 57.9155 21.485 24.0334 -94.6615 0 0 0 4.6258 36.7153 -92.9009 
-10.5832 267.97 -38.4965 -29.4106 173.059 -63.7408
2 4 1 3 0
3
0 0 0 -5.37403 217.091 -2.47868 -54.8404 253.132 59.6091 0 0 0 -20.7734 245.042 73.8611 
0 0 0 62.2985 65.5859 -42.6308 8.03554 23.1461 -96.952 0 0 0 0.811595 42.9783 -90.2896 
-11.1753 267.974 -38.7304 -23.4417 171.619 -62.5077
2 4 1 3 0
3
0 0 0 -5.20674 215.921 2.35889 -55.9288 252.664 60.6887 0 0 0 -21.925 245.015 73.8528 
0 0 0 58.2762 29.917 -75.557 15.7074 24.3763 -95.703 0 0 0 8.19145 36.098 -92.8969 
-12.2298 267.982 -38.7906 -6.12689 169.87 -57.1464
2 4 3 0 1
3
0 0 0 -2.04181 213.897 8.97387 -55.853 252.321 59.4181 0 0 0 -24.2748 245.438 72.8244 
0 0 0 53.1428 79.1553 -30.1708 7.80402 26.1485 -96.2048 0 0 0 3.71419 42.2408 -90.5644 
-12.6331 268 -38.6263 1.91644 170.261 -53.9694
2 3 0 4 1
3
0 0 0 -0.899065 214.451 12.2187 -55.6558 251.431 62.7608 0 0 0 -22.9499 243.644 73.4395 
0 0 0 14.7512 88.2188 -44.7197 15.0495 24.3209 -95.8228 0 0 0 3.26413 40.6262 -91.3173 
-12.5011 268.022 -38.0555 6.59214 170.848 -51.9352
3 0 2 4 1
2
0 0 0 0 0 0 -55.6922 251.595 62.8019 0 0 0 -22.8392 242.469 74.2275 
0 0 0 0 0 0 12.46 23.8942 -96.3007 0 0 0 2.53904 46.6941 -88.3924 
-12.4274 268.054 -38.125 8.71804 171.21 -51.3206
3 1 0 2 4
3
0 0 0 -66.4859 220.574 -31.1653 -55.8578 252.343 62.9886 0 0 0 -24.0085 242.745 75.4552 
0 0 0 28.5627 63.8652 -71.4521 9.95334 20.3298 -97.4045 0 0 0 4.35282 45.0857 -89.1534 
-12.2929 268.094 -37.8539 11.8912 171.79 -49.7145
1 3 0 2 4
3
0 0 0 -69.2752 219.537 -28.9508 -55.9531 252.773 63.096 0 0 0 -24.1771 244.45 74.8339 
0 0 0 34.4018 65.7134 -67.0691 9.81849 21.01 -97.2737 0 0 0 11.1066 40.6636 -90.6814 
-12.2166 268.118 -37.8095 11.8294 171.781 -49.6882
1 3 0 2 4
5
27.036 249.586 11.7548 -74.3146 219.153 -27.868 -55.9876 252.93 63.135 8.36713 222.071 40.7898 -22.9842 244.008 76.9971 
14.3564 77.7716 -61.2003 52.451 75.9538 -38.4696 9.54285 21.3617 -97.2245 16.8227 -84.724 50.3869 -2.29645 45.8331 -88.8485 
-12.2392 268.212 -38.0302 10.4061 171.759 -51.5938
1 2 4 3 0
5
30.8191 242.36 21.6875 -74.5194 219.757 -28.9797 -55.9746 252.871 65.5022 9.33055 220.125 49.7629 -23.1369 245.63 77.5088 
1.42239 -57.4665 81.8266 53.4065 76.2756 -36.4662 13.8603 22.1997 -96.5146 -6.6214 78.8089 -61.199 -1.58776 43.0356 -90.252 
-12.3566 268.285 -37.9805 7.3639 171.47 -53.4099
1 2 4 3 0
5
33.0011 241.621 25.0353 -75.6408 220.008 -27.9767 -56.0148 253.052 64.3575 10.3936 220.684 53.0074 -23.2053 246.356 77.7379 
-38.4399 56.9681 -72.643 53.4066 67.0194 -51.5377 2.18474 19.4509 -98.0657 -7.40365 74.9595 -65.7743 -2.23272 41.984 -90.7323 
-12.3619 268.32 -37.7977 6.27317 171.378 -53.7682
1 2 4 3 0
5
37.1688 239.15 29.2845 -78.3228 221.734 -28.1962 -56.1035 253.453 63.2656 11.59 223.715 59.0034 -23.3708 248.112 78.2921 
-24.4178 55.1321 -79.7761 43.6123 59.6435 -67.3841 9.75312 22.0827 -97.0424 3.35368 66.4688 -74.6368 11.1993 32.1252 -94.0348 
-12.4267 268.386 -37.658 4.28807 171.198 -54.2437
1 2 4 3 0
5
42.3398 242.97 35.4739 -80.4452 221.827 -28.2081 -56.2251 254.002 63.4028 14.1065 230.399 62.9365 -23.5594 250.114 78.9238 
-37.7051 45.4309 -80.7116 45.4314 59.1961 -66.5718 10.1649 19.8887 -97.4737 -4.75043 56.416 -82.4298 -1.44264 33.7212 -94.1318 
-12.4765 268.449 -37.3634 4.51727 171.232 -53.491
1 2 4 3 0
5
45.1097 245.59 37.0131 -79.7912 222.919 -27.297 -56.3728 254.669 64.7687 13.2796 234.967 66.3978 -22.5717 252.241 78.4068 
-42.2064 39.5203 -81.589 55.9367 63.8876 -52.8153 9.73491 17.8809 -97.9056 -4.66898 45.3953 -88.9801 8.27426 24.3023 -96.6485 
-12.5481 268.505 -37.1121 5.02439 171.207 -52.0893
1 2 4 3 0
5
45.093 245.499 36.9994 -81.6921 222.377 -27.2307 -56.4925 255.21 63.7043 13.4633 238.218 66.1943 -22.6318 252.913 79.807 
-55.2198 37.686 -74.3676 53.6286 71.281 -45.1996 10.5288 19.1954 -97.574 7.39694 33.9879 -93.7556 -2.75162 28.0949 -95.9328 
-12.6401 268.555 -37.0176 4.79004 171.083 -50.9964
1 2 4 3 0
5
45.1763 245.953 35.9094 -81.9403 223.053 -27.3134 -56.4795 255.152 64.8913 12.4111 239.565 67.697 -22.6792 253.443 79.9741 
-30.237 37.1469 -87.7828 54.0817 78.4958 -30.2256 17.0332 21.1895 -96.2334 -3.12974 33.2045 -94.2744 -3.17901 26.5422 -96.3608 
-12.623 268.598 -36.8381 4.67783 171.018 -50.2095
1 2 4 3 0
5
46.464 246.639 36.0096 -84.3084 223.762 -26.3464 -56.6002 255.697 65.03 12.4968 241.219 67.0283 -22.7552 254.292 80.242 
-32.2273 35.2155 -87.8708 64.6868 59.9782 -47.0982 16.9813 19.9964 -96.4976 -10.0002 35.7055 -92.8715 -4.10653 25.401 -96.6329 
-12.6054 268.639 -36.6906 4.74368 171.012 -49.6488
1 2 4 3 0
5
47.6429 246.728 36.0226 -87.0609 225.431 -26.5429 -56.6663 255.995 65.1059 12.5632 242.5 67.3843 -22.8375 255.212 80.5323 
-29.3518 35.9512 -88.5775 65.5688 57.6355 -48.7737 16.0085 20.1327 -96.6354 3.97347 28.3428 -95.817 -1.60812 23.9069 -97.0869 
-12.5669 268.677 -36.5191 4.74745 171.024 -49.3269
1 2 4 3 0
5
46.7411 248.11 33.8873 -89.431 228.779 -26.9371 -56.8262 256.718 65.2896 12.6765 244.688 67.9923 -22.9714 256.707 81.0043 
-45.7015 34.2558 -82.0848 73.5774 54.2396 -40.5516 19.2301 19.4207 -96.1927 -22.3483 31.9296 -92.0926 0.304163 19.6214 -98.0556 
-12.4534 268.712 -36.4016 4.16281 170.875 -48.7181
1 2 4 3 0
5
48.9685 247.556 36.1434 -92.2018 233.059 -27.441 -57.0917 257.917 64.38 12.7298 245.717 68.2782 -24.3326 258.324 80.2977 
-35.8305 32.365 -87.571 78.2013 48.1169 -39.6147 20.4186 18.3197 -96.1638 -25.0992 30.8849 -91.7396 2.36574 17.4124 -98.444 
-12.4854 268.746 -36.3931 1.73925 170.457 -48.0926
1 2 4 3 0
5
48.9208 247.314 36.1082 -93.2202 235.633 -27.7441 -58.5782 259.12 63.4598 12.7496 246.098 68.3841 -23.1368 258.556 81.5877 
-33.8279 32.6232 -88.2689 81.7686 50.1969 -28.1809 21.9657 17.049 -96.0564 3.77738 22.1374 -97.4457 1.23462 18.7405 -98.2205 
-12.5865 268.764 -36.2546 0.00149441 170.204 -47.5476
1 2 4 3 0
5
48.7626 246.515 35.9914 -96.3199 237.806 -28 -58.614 259.278 64.7197 12.7666 246.426 68.4753 -24.5024 260.126 80.858 
-40.343 32.2164 -85.642 79.8236 43.3967 -41.7721 20.2579 16.1891 -96.5791 -9.0978 22.6547 -96.9742 -8.47097 26.4291 -96.0716 
-12.8396 268.798 -36.1664 -2.91171 169.843 -46.6231
1 2 4 3 0
5
50.0255 247.018 36.0649 -96.3073 240.572 -27.1926 -58.8107 260.148 63.7116 11.6601 247.575 68.7945 -24.5584 260.72 79.8147 
-39.5782 28.6953 -87.2362 83.7504 40.1617 -37.0527 30.702 15.6453 -93.8755 -29.4273 29.5225 -90.8981 15.2451 13.616 -97.8887 
-13.1565 268.831 -36.0547 -5.43341 169.621 -45.9395
1 2 4 3 0
5
48.9187 247.304 36.1067 -96.9273 242.121 -27.3677 -58.9272 260.663 63.8378 11.686 248.125 70.1159 -25.9053 261.923 80.1829 
-39.7813 27.0157 -87.679 84.2304 37.8102 -38.4139 21.5726 16.3189 -96.2721 0.569536 15.8824 -98.729 14.6338 12.7936 -98.0927 
-13.4592 268.872 -36.0004 -7.23778 169.505 -45.3547
1 2 4 3 0
5
48.888 247.149 36.084 -97.0242 242.363 -27.3951 -59.006 261.012 63.9232 11.704 248.508 69.0537 -24.6676 261.879 81.4029 
-46.3669 29.4275 -83.5711 73.5389 33.6003 -58.8476 12.2778 14.6271 -98.1596 -25.6172 26.8573 -92.8571 0.447509 17.512 -98.4537 
-13.6322 268.92 -35.8796 -7.9723 169.512 -45.1545
1 2 4 3 0
